270
42
504
20
432
210
288
288
0
40
7
0
60
96
54
72
21
0
0
32
0
576
30
4
45
105
245
0
40
4
252
108
12
20
96
168
192
96
120
0
0
140
16
9
280
120
72
60
81
36
280
12
12
0
0
48
175
0
6
378
192
72
36
378
40
40
30
42
0
81
189
12
112
21
0
81
18
54
0
0
175
64
35
252
0
200
48
90
0
210
96
144
168
189
504
105
24
112
0
144
36
0
180
0
0
120
0
24
24
40
432
216
225
0
120
28
140
36
80
81
0
252
200
504
36
0
42
128
18
0
0
96
48
70
126
0
56
0
84
378
60
360
245
45
32
320
54
384
4
0
0
81
84
0
0
0
42
378
7
6
0
0
112
441
0
30
4
243
0
64
0
8
315
0
108
180
84
216
0
0
126
0
0
24
20
21
0
162
729
12
0
0
252
0
14
36
30
567
126
0
405
48
0
24
126
240
120
16
36
294
36
0
0
8
7
56
0
8
0
24
405
0
315
40
216
40
200
0
0
80
90
32
160
6
210
180
108
144
80
20
360
0
63
108
144
72
0
70
0
0
24
252
0
30
112
15
147
180
168
216
0
140
280
64
135
20
48
12
0
15
98
0
252
2
0
16
0
24
0
144
0
24
168
0
0
64
168
14
24
63
32
144
140
0
90
0
384
0
0
12
96
20
6
30
0
0
126
0
0
126
36
30
432
36
70
0
0
224
168
84
63
0
160
72
72
24
0
270
0
49
216
28
108
108
28
216
15
216
80
32
35
16
288
20
0
128
84
32
126
210
16
108
378
0
6
0
32
160
8
24
0
0
112
12
0
288
280
96
12
18
0
96
70
108
180
10
40
0
72
0
432
0
24
64
0
252
48
20
0
0
0
45
180
0
84
0
0
27
0
64
80
0
108
0
0
16
135
40
35
20
0
112
0
192
196
0
70
56
24
12
128
0
486
42
0
16
0
0
0
0
0
168
72
0
28
60
147
96
0
72
0
80
0
96
36
252
0
80
486
160
0
40
360
243
126
72
0
80
189
10
0
128
70
196
196
120
0
18
96
32
48
0
0
0
56
28
48
0
60
0
0
14
42
100
36
0
98
9
35
70
120
0
120
144
48
0
48
0
4
54
0
45
189
270
32
98
24
576
432
0
252
0
25
240
48
72
54
0
0
270
0
0
32
448
112
216
72
36
42
2
18
18
252
0
144
0
9
0
162
49
6
384
0
120
486
5
27
140
54
20
48
6
72
0
210
405
36
36
54
105
288
90
144
0
0
200
81
0
48
90
448
252
0
126
32
441
6
432
42
40
50
144
0
0
216
96
21
54
210
0
105
36
105
48
448
30
32
36
105
0
0
2
0
6
108
12
126
112
54
18
90
0
144
240
315
3
32
80
0
0
0
294
126
180
120
28
80
63
336
378
0
28
0
0
0
0
162
0
96
0
160
180
192
36
0
36
72
45
70
54
48
0
21
14
0
50
80
21
0
10
50
0
126
0
144
0
35
56
0
56
100
27
216
0
162
72
0
0
64
0
64
0
18
392
504
0
4
294
56
0
48
0
576
189
0
112
504
21
216
432
0
60
81
216
225
24
24
0
486
6
0
20
12
60
72
192
48
24
56
0
210
0
32
0
42
0
54
150
18
0
80
192
42
36
120
0
144
63
54
36
128
144
100
0
0
4
0
0
80
90
0
224
189
135
48
20
0
3
49
10
16
320
144
40
0
90
320
108
48
30
448
0
432
72
18
0
160
7
2
0
0
252
54
98
18
225
0
35
9
0
12
0
28
96
0
0
20
81
0
0
0
28
126
14
12
28
0
0
108
160
6
180
40
12
36
32
60
0
48
96
0
0
162
336
210
15
21
105
84
196
108
84
189
168
96
432
0
40
16
0
0
42
90
567
0
0
72
72
0
18
168
144
49
288
162
96
240
432
168
0
648
0
0
90
108
108
48
128
60
0
0
120
0
126
0
27
42
25
0
0
30
0
90
16
24
0
0
0
0
40
50
30
441
56
0
81
84
0
112
48
144
210
6
9
0
0
0
48
175
150
0
252
105
405
21
42
56
36
432
0
81
12
80
0
448
0
36
72
16
144
180
0
0
224
100
18
60
24
0
14
0
0
160
64
12
36
48
60
252
216
36
84
90
504
12
144
72
108
0
200
36
0
5
8
189
224
48
280
60
0
40
8
0
14
160
70
0
0
648
180
60
21
216
0
160
0
360
126
14
243
24
63
0
252
36
27
486
252
288
0
