3430
3435
3385
3415
215000
3415
3430
3440
3405
3415
187700
3415
3385
3410
3370
3390
256700
3390
3400
3430
3390
3390
219500
3390
3370
3375
3320
3325
259100
3325
3305
3310
3260
3270
272600
3270
3255
3280
3220
3260
149500
3260
3250
3265
3240
3260
167600
3260
3250
3260
3215
3235
216500
3235
3235
3245
3175
3180
317600
3180
3170
3220
3160
3190
157300
3190
3220
3285
3200
3255
378800
3255
3240
3255
3225
3240
267700
3240
3245
3255
3230
3245
166500
3245
3220
3290
3210
3280
262500
3280
3280
3305
3265
3285
215500
3285
3285
3300
3250
3255
145300
3255
3255
3265
3215
3240
169400
3240
3240
3270
3210
3215
206900
3215
3225
3255
3220
3245
131900
3245
3230
3240
3200
3210
175700
3210
3185
3220
3135
3135
258100
3135
3100
3285
3095
3255
858400
3255
3280
3385
3270
3325
552300
3325
3330
3380
3320
3360
311100
3360
3270
3295
3210
3275
466500
3275
3300
3300
3205
3210
250100
3210
3210
3230
3150
3175
300700
3175
3180
3225
3160
3165
214700
3165
3200
3275
3185
3250
172000
3250
3275
3340
3270
3330
137100
3330
3320
3355
3310
3345
137600
3345
3300
3330
3280
3310
172600
3310
3255
3255
3220
3225
196600
3225
3225
3240
3205
3215
213500
3215
3255
3260
3220
3220
131300
3220
3245
3245
3190
3195
151300
3195
3190
3210
3155
3160
276300
3160
3175
3215
3160
3180
217500
3180
3165
3200
3160
3175
215300
3175
3165
3210
3165
3200
174300
3200
3230
3305
3230
3285
294300
3285
3290
3330
3275
3300
216400
3300
3275
3295
3255
3275
201200
3275
3290
3335
3255
3260
317400
3260
3275
3280
3230
3250
141800
3250
3245
3285
3235
3270
112400
3270
3280
3325
3275
3315
146600
3315
3310
3315
3240
3270
172300
3270
3280
3300
3265
3275
122000
3275
3270
3295
3260
3275
137700
3275
3270
3300
3250
3285
144500
3285
3270
3300
3265
3290
175900
3290
3260
3290
3255
3265
286700
3265
3255
3280
3255
3275
265600
3275
3275
3360
3275
3355
424700
3355
3285
3325
3250
3320
263000
3320
3335
3360
3325
3355
204400
3355
3350
3420
3340
3400
280700
3400
3365
3415
3365
3390
185600
3390
3380
3475
3375
3465
285700
3465
3480
3585
3465
3565
366800
3565
3585
3600
3540
3550
295800
3550
3550
3600
3525
3570
232400
3570
3590
3620
3570
3610
255600
3610
3620
3685
3575
3595
263000
3595
3585
3585
3505
3560
181500
3560
3545
3565
3505
3560
184600
3560
3565
3565
3525
3545
190000
3545
3565
3635
3555
3630
220500
3630
3620
3645
3610
3630
135700
3630
3635
3695
3635
3685
197200
3685
3685
3720
3660
3715
174100
3715
3730
3800
3715
3780
350200
3780
3780
3785
3690
3695
185700
3695
3675
3680
3605
3620
387100
3620
3585
3665
3580
3635
269200
3635
3645
3675
3625
3670
147800
3670
3690
3695
3645
3685
162000
3685
3665
3675
3640
3665
128100
3665
3680
3715
3670
3690
177500
3690
3700
3715
3665
3690
184700
3690
3785
4010
3775
3900
708200
3900
3955
4045
3950
4005
482100
4005
3980
4035
3935
4010
259100
4010
4030
4105
4000
4100
315000
4100
4100
4140
4085
4095
241800
4095
4090
4145
4055
4080
308700
4080
4065
4110
4055
4080
221200
4080
4110
4200
4095
4175
281600
4175
4180
4230
4160
4175
254800
4175
4150
4170
4105
4125
148500
4125
4085
4085
4030
4065
260200
4065
4050
4085
4020
4060
175000
4060
4060
4140
4050
4110
236400
4110
4065
4105
4040
4090
180000
4090
4115
4125
4080
4090
151500
4090
4090
4115
4075
4115
118200
4115
4075
4130
4055
4115
177300
4115
4100
4185
4100
4155
461000
4155
4140
4245
4140
4140
249300
4140
4155
4215
4130
4160
170900
4160
4190
4190
4095
4125
172300
4125
4105
4145
4060
4100
214800
4100
4030
4060
3965
3970
376900
3970
3960
4025
3945
3995
306800
3995
4025
4095
4025
4085
197300
4085
4105
4205
4080
4195
288300
4195
4205
4325
4205
4270
359200
4270
4290
4365
4260
4305
339200
4305
4350
4415
4350
4355
484300
4355
4370
4395
4300
4315
209000
4315
4270
4285
4220
4230
221300
4230
4220
4245
4175
4225
175100
4225
4225
4300
4225
4240
226600
4240
4255
4400
4255
4385
275700
4385
4375
4375
4255
4265
213400
4265
4320
4425
4320
4390
336900
4390
4385
4500
4355
4490
272200
4490
4520
4580
4475
4510
465600
4510
4460
4490
4395
4455
328000
4455
4435
4435
4285
4290
431100
4290
4255
4295
4200
4250
375500
4250
4195
4240
4145
4230
342400
4230
4215
4225
4140
4170
288100
4170
4240
4270
4185
4210
277400
4210
4230
4240
4140
4155
264600
4155
4155
4190
4045
4045
451900
4045
4040
4045
3970
3980
377700
3980
3935
4085
3915
4005
496500
4005
4015
4070
3965
4035
381900
4035
4010
4125
4000
4090
386500
4090
4130
4180
4110
4120
250600
4120
4075
4100
4030
4035
248500
4035
4050
4135
4005
4050
490900
4050
4050
4075
3995
4005
244800
4005
4060
4080
4025
4055
171300
4055
3985
4105
3980
4085
455100
4085
4105
4175
4090
4165
321700
4165
4180
4185
4100
4120
280200
4120
4110
4145
4100
4120
269300
4120
4120
4170
4065
4155
283000
4155
4165
4200
4085
4125
383000
4125
4125
4135
4040
4060
274000
4060
4110
4110
3985
3995
253300
3995
4010
4065
4010
4025
254800
4025
3895
3900
3605
3820
715000
3820
3805
3895
3705
3785
672800
3785
3785
3850
3720
3835
569700
3835
3875
3880
3810
3815
300500
3815
3810
3810
3760
3760
196200
3760
3770
3845
3765
3835
224600
3835
3845
3885
3845
3875
198700
3875
3900
3990
3825
3875
275400
3875
3890
3900
3870
3880
147800
3880
3890
3915
3840
3850
126800
3850
3840
3870
3820
3860
121200
3860
3835
3895
3835
3880
155500
3880
3840
3880
3835
3835
145600
3835
3855
3880
3840
3875
181700
3875
3855
3895
3825
3855
178000
3855
3830
3835
3750
3755
318700
3755
3735
3780
3730
3755
199800
3755
3825
3945
3810
3890
810800
3890
3870
3885
3835
3855
236500
3855
3855
3945
3855
3930
219700
3930
3980
3980
3875
3900
159800
3900
3880
3880
3790
3800
188200
3800
3780
3815
3775
3775
227900
3775
3775
3825
3750
3815
186900
3815
3845
3845
3780
3805
137100
3805
3800
3860
3800
3825
153300
3825
3800
3860
3790
3855
143700
3855
3875
3950
3870
3915
177300
3915
3935
3975
3905
3915
252800
3915
3920
4045
3895
4040
249800
4040
4060
4080
4030
4065
200900
4065
4115
4125
4060
4095
213900
4095
4140
4205
4105
4145
692500
4145
4110
4140
4045
4085
449500
4085
4090
4185
4060
4175
214700
4175
4165
4170
4090
4125
221100
4125
4145
4220
4125
4190
231100
4190
4195
4210
4150
4180
199400
4180
4210
4220
4160
4195
272300
4195
4220
4225
4155
4170
154200
4170
4165
4195
4130
4180
199000
4180
4165
4195
4135
4175
215400
4175
4170
4170
4095
4105
221100
4105
4085
4155
4085
4140
207800
4140
4070
4130
4065
4100
296100
4100
4060
4110
4060
4085
323300
4085
4065
4125
4045
4080
253400
4080
4060
4065
4000
4035
165300
4035
4050
4090
4035
4090
265200
4090
4050
4075
4015
4015
241400
4015
4015
4050
3955
3970
232000
3970
4000
4065
3985
4030
251200
4030
4030
4065
3940
3970
301400
3970
4010
4050
3975
4030
170000
4030
3965
3975
3890
3900
205100
3900
3900
3925
3865
3910
319300
3910
3945
4065
3925
4025
304400
4025
4020
4145
4010
4140
458500
4140
4130
4165
4070
4090
197800
4090
4050
4095
4030
4060
155500
4060
4060
4075
3985
3995
176100
3995
3950
4085
3925
4070
261800
4070
4130
4135
4010
4045
369700
4045
4055
4125
4045
4070
217000
4070
4090
4210
4070
4200
242500
4200
4220
4360
4220
4350
436200
4350
4340
4405
4320
4395
199300
4395
4305
4325
4265
4310
248400
4310
4300
4330
4270
4300
148900
4300
4265
4325
4250
4285
141200
4285
4250
4295
4235
4280
195100
4280
4310
4345
4285
4290
229600
4290
4270
4305
4230
4265
211000
4265
4225
4235
4180
4205
128600
4205
4175
4350
4165
4340
183800
4340
4335
4360
4275
4280
285100
4280
4280
4305
4185
4185
173300
4185
4215
4225
4180
4180
141500
4180
4180
4180
4055
4055
225700
4055
4085
4130
4085
4105
223600
4105
4125
4145
4085
4095
148600
4095
4065
4075
4005
4005
215100
4005
3980
4045
3965
4025
183500
4025
4020
4030
3945
3970
196600
3970
3970
4025
3960
4020
178300
4020
3965
3980
3890
3905
149000
3905
3890
3930
3855
3865
176200
3865
3930
3940
3870
3875
194500
3875
3900
3935
3875
3880
197700
3880
3860
3890
3840
3870
249500
3870
3870
3885
3830
3860
155200
3860
3800
3810
3755
3775
167100
3775
3775
3795
3730
3745
198500
3745
3785
3815
3710
3775
360100
3775
3775
3835
3725
3795
598400
3795
3640
3645
3490
3510
248800
3510
3535
3645
3510
3585
235100
3585
3680
3750
3665
3735
228400
3735
3735
3750
3660
3695
158200
3695
