1432.5
1466
1432.5
1457.5
6893700
1457.5
1462.5
1477.5
1437
1447.5
6865100
1447.5
1460
1462.5
1431.5
1436.5
6411500
1436.5
1438.5
1482
1435.5
1466.5
5423200
1466.5
1468.5
1520
1464
1506
8744700
1506
1500
1503
1460
1491
9297900
1491
1512
1529
1492.5
1495
5208600
1495
1499
1500
1482.5
1494.5
3820800
1494.5
1470
1478
1449
1476.5
8886400
1476.5
1493.5
1510.5
1478
1478.5
7748900
1478.5
1482.5
1494.5
1472
1493
5116200
1493
1500
1510.5
1487
1505.5
5190900
1505.5
1515
1525
1507
1514
3563200
1514
1520
1524
1507
1520.5
3249900
1520.5
1513.5
1528
1512
1523
4052300
1523
1500.5
1509
1476
1493.5
7405300
1493.5
1490
1505.5
1486
1492
3733900
1492
1466.5
1472
1449
1454
5651700
1454
1412
1448.5
1412
1419
6213700
1419
1422
1459
1422
1457.5
5059200
1457.5
1457.5
1459.5
1423.5
1449
4847100
1449
1400
1400
1358
1392
8481100
1392
1322.5
1340
1292.5
1332
9437400
1332
1381
1395
1346
1350
8235700
1350
1333
1373
1327
1366
7351500
1366
1315
1318
1273
1288.5
10840200
1288.5
1308
1312.5
1296
1301
8817300
1301
1293.5
1320
1290.5
1304.5
7741600
1304.5
1334
1337
1314.5
1327
6495300
1327
1323.5
1349.5
1320.5
1337
5398200
1337
1343.5
1346
1328.5
1342
3728300
1342
1340
1346.5
1324.5
1326
2746000
1326
1329
1335.5
1313.5
1319
3583700
1319
1282.5
1298.5
1278
1296.5
4917000
1296.5
1308
1332
1305
1324
5044800
1324
1350
1354.5
1331
1337.5
5496700
1337.5
1363
1384.5
1361.5
1378.5
6066700
1378.5
1364.5
1366.5
1310.5
1311.5
7936000
1311.5
1281.5
1285
1264.5
1273
7603000
1273
1251
1259.5
1237.5
1251.5
5133700
1251.5
1240.5
1265
1235
1258
4673100
1258
1277
1301.5
1277
1280
5386300
1280
1270
1288.5
1265.5
1273
4678800
1273
1276
1287
1270
1278.5
3669700
1278.5
1282.5
1304.5
1262
1272
6780100
1272
1295.5
1312
1287.5
1303
4142500
1303
1285
1286.5
1267.5
1281
5537000
1281
1260.5
1272
1252
1267.5
4014000
1267.5
1262
1281
1254.5
1274.5
4765900
1274.5
1262.5
1273.5
1260
1267.5
4579000
1267.5
1278.5
1291.5
1273.5
1276
3450200
1276
1263.5
1272
1248.5
1268.5
6678500
1268.5
1298.5
1334.5
1297
1330.5
9101500
1330.5
1280
1298
1267
1271
6435000
1271
1268
1300
1267.5
1300
5285200
1300
1297
1337.5
1270
1337.5
7340900
1337.5
1304.5
1311.5
1279
1309.5
6486400
1309.5
1310.5
1324.5
1281
1296.5
5246700
1296.5
1325
1327.5
1306
1316
2982600
1316
1316.5
1320.5
1306
1306
1768300
1306
1290.5
1304.5
1285.5
1300
2958900
1300
1309.5
1310
1287.5
1292
5324600
1292
1298
1308.5
1291.5
1300
5179600
1300
1309.5
1342
1304.5
1326.5
5871100
1326.5
1322
1328
1304.5
1321
3635000
1321
1319
1340
1316.5
1334
3870600
1334
1359
1383
1355
1373
5764900
1373
1400.5
1413.5
1372
1375
6247200
1375
1377
1400.5
1373.5
1394.5
3532800
1394.5
1398.5
1408
1381.5
1394.5
3460200
1394.5
1389.5
1410
1383
1405
4370600
1405
1398
1407
1393
1395
5307000
1395
1414.5
1426.5
1396.5
1410
6013000
1410
1400
1420.5
1396
1419
4194200
1419
1415
1430
1403
1406
3001000
1406
1415
1422.5
1404.5
1416
3513600
1416
1399.5
1405.5
1389
1391
4223100
1391
1409.5
1411.5
1390
1394.5
5059000
1394.5
1410
1423
1399
1402.5
3740300
1402.5
1400
1443
1398.5
1432.5
4731500
1432.5
1411.5
1411.5
1384.5
1397.5
5139700
1397.5
1419.5
1426
1406
1409.5
3811400
1409.5
1405.5
1419
1380.5
1388
4393500
1388
1407
1427.5
1397
1402
7733500
1402
1444.5
1457
1431.5
1449
5722900
1449
1408
1410
1376.5
1384
11184200
1384
1391
1396
1340.5
1363
8962100
1363
1373.5
1376.5
1355.5
1366.5
7044700
1366.5
1349
1352
1340
1345.5
8433200
1345.5
1356.5
1358.5
1336.5
1336.5
4579300
1336.5
1348
1378
1342.5
1373.5
7599800
1373.5
1375
1391.5
1375
1378.5
4215000
1378.5
1373
1375.5
1355
1364
3882600
1364
1317.5
1322.5
1298.5
1302.5
8553900
1302.5
1294.5
1295.5
1278.5
1284.5
7320000
1284.5
1254.5
1276.5
1244
1248.5
9025900
1248.5
1195
1218
1186
1215.5
9967000
1215.5
1230
1232.5
1207
1211
5604100
1211
1209
1213
1196
1211.5
6135400
1211.5
1240.5
1243.5
1210
1214
14376700
1214
1240
1245
1214
1231
6773800
1231
1209
1239.5
1196
1232.5
7167500
1232.5
1220
1221
1186.5
1195.5
8109400
1195.5
1209
1226
1203.5
1218.5
5716500
1218.5
1200
1220
1196
1210.5
5376200
1210.5
1211
1229.5
1209.5
1210
7378100
1210
1186
1208.5
1184
1200.5
5196400
1200.5
1212
1215
1197.5
1200
4961300
1200
1185
1192
1165
1186
6813400
1186
1177
1177
1157
1159.5
7652200
1159.5
1160
1176.5
1156
1174.5
8898300
1174.5
1149.5
1158.5
1145.5
1150
4867800
1150
1171.5
1181.5
1141
1144
5250400
1144
1124
1130
1109
1117
9162300
1117
1119
1132.5
1117
1124.5
5580800
1124.5
1103
1111.5
1100
1110
6026900
1110
1145
1150
1129
1129.5
6946000
1129.5
1113.5
1127
1108.5
1121.5
4520800
1121.5
1143
1155
1111.5
1138
9818500
1138
1135
1157
1130
1150.5
7909800
1150.5
1141.5
1158
1122
1149.5
6069300
1149.5
1150
1156.5
1130
1132.5
3358300
1132.5
1133.5
1145.5
1126
1139
4667000
1139
1152
1187
1140
1163
10496600
1163
1158.5
1166.5
1152.5
1157
5822100
1157
1160
1173.5
1153.5
1153.5
5333200
1153.5
1163
1177.5
1160.5
1171
3112300
1171
1170
1192
1161.5
1180.5
6291200
1180.5
1185.5
1187
1166.5
1183
4617300
1183
1161
1162
1129
1149
6351000
1149
1143
1163.5
1140
1157
4684700
1157
1134
1148
1127.5
1141
5964200
1141
1136
1148
1110.5
1120
8995800
1120
1144
1171
1143.5
1156.5
5861900
1156.5
1163.5
1164.5
1150
1158.5
4416100
1158.5
1155.5
1166
1151.5
1161.5
3108400
1161.5
1170
1173
1165.5
1169
3296100
1169
1170
1181
1163
1167
3882800
1167
1189
1198.5
1186
1190.5
4145000
1190.5
1200.5
1222
1199
1208
5199900
1208
1204
1225.5
1200
1220.5
4378700
1220.5
1246.5
1254
1222.5
1230.5
6735300
1230.5
1222.5
1253.5
1213.5
1250
5621300
1250
1243.5
1244
1220.5
1225
4972500
1225
1242
1245
1222.5
1229
3360300
1229
1218
1231.5
1214.5
1227.5
2795800
1227.5
1231.5
1252.5
1230
1250.5
3306200
1250.5
1259.5
1261
1231
1239
4297200
1239
1217
1247.5
1211.5
1234.5
4387300
1234.5
1235
1236
1181
1186
9441700
1186
1178
1183.5
1149
1152
5179800
1152
1148.5
1173.5
1142
1170.5
3821400
1170.5
1191.5
1209.5
1170.5
1174
6196800
1174
1128.5
1180
1125
1176
7771900
1176
1190
1200
1185
1196
4061200
1196
1202
1209.5
1196.5
1202.5
3799200
1202.5
1205.5
1215
1197
1200.5
3998400
1200.5
1200
1212
1190.5
1211.5
3094600
1211.5
1213.5
1216
1197.5
1199.5
3376300
1199.5
1200
1219.5
1199
1209
3188100
1209
1202.5
1209.5
1194.5
1205.5
2855900
1205.5
1191
1207.5
1184
1200
4176400
1200
1196.5
1210.5
1194
1208
2392700
1208
1226.5
1233.5
1221.5
1225.5
4442000
1225.5
1220
1221.5
1213.5
1215
3765600
1215
1200
1205.5
1191.5
1199
2354400
1199
1193
1195
1183
1183.5
3067000
1183.5
1179.5
1215.5
1174.5
1207
4989400
1207
1224
1236.5
1220.5
1220.5
5953900
1220.5
1198.5
1210.5
1186.5
1202
4493600
1202
1201.5
1225.5
1198.5
1223
3583600
1223
1213.5
1240
1207
1238.5
3614500
1238.5
1274
1276.5
1256.5
1267
5372900
1267
1285
1323.5
1285
1314
6508400
1314
1314
1325.5
1308.5
1320.5
7183100
1320.5
1320.5
1354.5
1315.5
1350
5160600
1350
1370
1386
1363.5
1373.5
5133200
1373.5
1382
1386.5
1368
1368.5
4675000
1368.5
1369
1402.5
1364.5
1391
7580100
1391
1403
1407.5
1386.5
1403.5
4978700
1403.5
1401
1424
1396.5
1422.5
4102300
1422.5
1399
1428.5
1396
1417
5225100
1417
1418.5
1440
1415.5
1417
5070700
1417
1414.5
1453
1409
1437
4873100
1437
1460
1477
1450.5
1460.5
6367300
1460.5
1449
1472
1443.5
1444
4025500
1444
1470
1477
1444
1450.5
4089600
1450.5
1406
1439.5
1401
1426
5719000
1426
1406
1411
1381
1389.5
7375200
1389.5
1411
1441.5
1408
1427.5
5120000
1427.5
1350
1379
1340
1352
8570200
1352
1337
1354
1326
1346.5
5614800
1346.5
1330
1393
1330
1381
6927500
1381
1411
1442.5
1401.5
1434
10572000
1434
1450
1455.5
1430
1438
7750600
1438
1437.5
1437.5
1400
1404.5
6339900
1404.5
1400
1407.5
1392
1404.5
4523000
1404.5
1413.5
1436.5
1408.5
1424
5573000
1424
1415
1416
1374
1379
5447500
1379
1333
1350
1323.5
1333.5
7611900
1333.5
1309
1330.5
1304
1318.5
5647700
1318.5
1329
1335
1307
1320.5
7361400
1320.5
1333.5
1334.5
1319
1326
3956800
1326
1286
1300
1282.5
1283
7362000
1283
1287
1299.5
1276
1299.5
8070700
1299.5
1303.5
1306.5
1273
1289.5
4945300
1289.5
1276
1289.5
1251
1284
7031700
1284
1268.5
1286
1264
1269
4914200
1269
1287.5
1299
1273
1290.5
5254700
1290.5
1285
1295
1252
1259.5
5670100
1259.5
1299
1352.5
1297
1339
6885100
1339
1320
1327.5
1281
1286.5
5488200
1286.5
1286
1302.5
1284.5
1300
5077400
1300
1255
1269
1243.5
1261
5026900
1261
1230
1242
1207.5
1237.5
5031300
1237.5
1244.5
1248
1222.5
1229
5374300
1229
1238
1270
1237.5
1263.5
6769800
1263.5
1280
1297.5
1272.5
1291.5
4867000
1291.5
1280.5
1282
1253.5
1259
5268100
1259
1201
1228.5
1200
1218
4720600
1218
1219.5
1224.5
1179.5
1187
7391900
1187
1133
1159
1133
1158
7270600
1158
1183.5
1192.5
1165
1183
7718200
1183
1197.5
1202.5
1174
1186.5
6246900
1186.5
1188.5
1198
1169
1170
4934400
1170
1189.5
1211.5
1187
1205
6818500
1205
1210
1248.5
1196.5
1236
7104100
1236
1249.5
1263
1217
1217
5295200
1217
1193
1214.5
1188.5
1205.5
4646900
1205.5
1212.5
1223
1185
1195
4514800
1195
1184.5
1185.5
1146.5
1181.5
6644900
1181.5
1175
1201.5
1168.5
1193.5
6297900
1193.5
1189
1192
1142.5
1151
6399500
1151
1173.5
1181.5
1163.5
1175
4812000
1175
1193.5
1197.5
1176.5
1183.5
5056000
1183.5
1169.5
1180
1130.5
1135
8532500
1135
1129
1129
1111
1116
4134200
1116
1078
1097
1071
1084
6056800
1084
975.7
1028.5
972.3
1006
10418200
1006
1010
1045
993.3
1001.5
6791800
1001.5
1008
1013
976.9
988.9
7969100
988.9
950
956.9
929.9
938.2
5548200
938.2
940
956.5
920.2
940.2
4890200
940.2
990
999
972.4
980.4
4642700
980.4
970.5
986.2
962.6
981.7
4272800
981.7
