3285
3360
3270
3355
669000
3355
3345
3355
3305
3330
646200
3330
3330
3340
3285
3290
670600
3290
3285
3315
3245
3245
417500
3245
3235
3250
3205
3225
540200
3225
3225
3260
3205
3225
802400
3225
3210
3250
3200
3200
619900
3200
3215
3225
3180
3185
453300
3185
3165
3210
3160
3195
736600
3195
3195
3230
3155
3170
933800
3170
3160
3215
3160
3180
559400
3180
3215
3230
3185
3190
428500
3190
3205
3225
3195
3205
530700
3205
3190
3220
3160
3165
505100
3165
3155
3165
3110
3120
545100
3120
3135
3150
3105
3115
543700
3115
3130
3190
3125
3150
659800
3150
3145
3160
3085
3090
596400
3090
3080
3100
3045
3050
579000
3050
3085
3185
3075
3180
629200
3180
3155
3160
3095
3120
475300
3120
3050
3080
3035
3055
666300
3055
2935
2935
2743
2823
1584300
2823
2964
2975
2759
2781
1276300
2781
2739
2818
2723
2804
1237900
2804
2704
2721
2645
2688
1524800
2688
2734
2743
2657
2669
974900
2669
2680
2708
2647
2686
1230500
2686
2695
2704
2671
2685
594700
2685
2661
2749
2661
2726
630000
2726
2760
2797
2748
2792
706600
2792
2790
2798
2766
2795
701200
2795
2795
2828
2786
2817
771600
2817
2810
2825
2796
2818
1051000
2818
2840
2852
2818
2847
693800
2847
2886
2894
2848
2872
742800
2872
2910
2928
2865
2878
1269300
2878
2846
2866
2826
2826
891900
2826
2802
2804
2748
2762
783200
2762
2693
2712
2675
2688
989200
2688
2676
2727
2671
2724
599300
2724
2762
2793
2753
2784
832900
2784
2782
2811
2768
2776
841100
2776
2799
2801
2738
2751
859100
2751
2779
2865
2779
2812
1391500
2812
2844
2850
2735
2754
843300
2754
2720
2751
2703
2748
598800
2748
2714
2752
2714
2748
510400
2748
2731
2790
2731
2782
574700
2782
2782
2790
2740
2752
765500
2752
2735
2767
2723
2752
445900
2752
2712
2775
2705
2769
536000
2769
2791
2819
2773
2817
647000
2817
2725
2743
2686
2695
1298900
2695
2676
2733
2656
2733
935100
2733
2744
2803
2721
2779
1155600
2779
2716
2732
2683
2705
884300
2705
2745
2792
2726
2789
716200
2789
2819
2866
2807
2840
1042200
2840
2853
2862
2780
2782
712400
2782
2755
2796
2731
2784
974100
2784
2814
2823
2776
2796
954400
2796
2819
2827
2751
2766
726300
2766
2779
2809
2757
2792
773500
2792
2801
2936
2801
2929
1373200
2929
2946
2991
2914
2971
1068200
2971
3000
3000
2874
2902
1140400
2902
2858
2876
2817
2833
684200
2833
2872
2923
2846
2862
1081500
2862
2897
2944
2888
2909
787400
2909
2899
2950
2885
2933
720700
2933
2954
2978
2937
2958
546600
2958
2968
2984
2955
2967
423300
2967
2967
2980
2931
2947
681400
2947
2957
2957
2936
2943
280900
2943
2973
2974
2944
2963
373300
2963
2939
2998
2932
2995
461900
2995
2981
2981
2940
2976
571200
2976
3000
3055
2989
3050
685600
3050
3050
3065
2970
2983
697900
2983
2995
2995
2925
2953
698800
2953
2895
2957
2882
2946
688300
2946
2941
2945
2905
2917
753600
2917
3020
3130
2985
3100
1493200
3100
3120
3120
3055
3085
642900
3085
3060
3120
2985
3115
1284000
3115
3110
3120
3070
3095
589400
3095
3085
3090
3020
3025
591000
3025
2965
2985
2952
2977
738600
2977
2998
2998
2955
2959
654500
2959
2961
2970
2946
2958
517000
2958
2946
2947
2915
2921
411500
2921
2921
2925
2874
2904
779200
2904
2882
2926
2880
2891
555200
2891
2925
2956
2889
2915
730000
2915
2945
2959
2914
2929
591100
2929
2945
2957
2905
2930
512900
2930
2930
2947
2912
2947
546500
2947
2924
2962
2907
2910
798700
2910
2920
2921
2882
2895
635000
2895
2881
2912
2876
2899
509100
2899
2949
2976
2921
2963
544600
2963
2968
2989
2937
2943
511500
2943
2938
2940
2916
2926
468800
2926
2949
2979
2948
2967
534200
2967
2969
2974
2911
2953
858900
2953
2953
2985
2953
2978
314500
2978
3000
3005
2958
2991
425600
2991
2993
3010
2973
3010
357100
3010
3005
3010
2985
2995
464600
2995
2997
3000
2947
2953
637400
2953
2958
2964
2941
2958
345200
2958
2935
2956
2926
2942
498300
2942
2947
2996
2932
2988
579300
2988
2982
2991
2951
2973
329100
2973
2973
2997
2962
2987
655200
2987
2981
2994
2952
2955
536800
2955
2888
2925
2854
2919
652400
2919
2932
2949
2894
2938
399000
2938
2922
2949
2902
2927
542900
2927
2922
2944
2898
2939
584600
2939
2913
2914
2811
2815
690200
2815
2821
2838
2716
2752
1117200
2752
2735
2831
2732
2821
543600
2821
2810
2816
2743
2778
648500
2778
2759
2796
2733
2783
699000
2783
2794
2839
2785
2809
472400
2809
2824
2843
2811
2817
673600
2817
2795
2800
2739
2771
516500
2771
2775
2816
2765
2801
727100
2801
2821
2825
2772
2797
762000
2797
2788
2821
2784
2806
536000
2806
2819
2832
2811
2811
369800
2811
2813
2814
2780
2787
338400
2787
2800
2800
2746
2789
600300
2789
2760
2777
2730
2771
697500
2771
2796
2805
2784
2796
370900
2796
2793
2810
2786
2799
326200
2799
2825
2858
2809
2858
734200
2858
2868
2876
2815
2823
653800
2823
2825
2836
2804
2811
409700
2811
2791
2792
2746
2773
511000
2773
2757
2759
2718
2726
677100
2726
2726
2781
2725
2764
625400
2764
2796
2818
2772
2806
769300
2806
2763
2784
2657
2754
1320100
2754
2754
2876
2754
2869
836900
2869
2869
2919
2865
2898
772000
2898
2895
2896
2843
2862
422900
2862
2880
2931
2849
2916
738700
2916
2899
2902
2826
2826
628500
2826
2844
2948
2837
2946
713200
2946
2958
2983
2906
2914
532300
2914
2923
2995
2913
2984
1267500
2984
2982
2984
2932
2937
659500
2937
2930
2931
2897
2917
426400
2917
2890
2924
2871
2916
622300
2916
2912
2916
2854
2856
637300
2856
2869
2904
2863
2900
365900
2900
2894
2922
2882
2907
517600
2907
2906
2914
2882
2893
383400
2893
2910
2915
2885
2888
467100
2888
2888
2925
2881
2917
571500
2917
2966
3015
2952
3005
641800
3005
2990
3025
2976
3015
568900
3015
3035
3075
3025
3055
686000
3055
3010
3025
2976
2999
693800
2999
3030
3050
2996
3010
548100
3010
3005
3020
2977
3005
447100
3005
3000
3045
2985
3035
530100
3035
3040
3055
3000
3045
405700
3045
3055
3085
3030
3085
499700
3085
3075
3085
3025
3070
571000
3070
3060
3095
3035
3090
520500
3090
3140
3145
3085
3115
1108600
3115
3145
3245
3120
3235
678900
3235
3280
3295
3245
3245
680400
3245
3245
3265
3230
3260
696500
3260
3270
3335
3260
3320
745600
3320
3300
3355
3285
3355
801400
3355
3325
3360
3315
3355
792400
3355
3340
3400
3300
3305
739900
3305
3335
3385
3285
3365
782500
3365
3345
3375
3315
3335
656300
3335
3395
3405
3315
3335
987200
3335
3290
3290
3215
3240
1006500
3240
3240
3260
3225
3250
742100
3250
3220
3275
3210
3255
541200
3255
3245
3295
3220
3280
702000
3280
3300
3345
3265
3295
750300
3295
3240
3250
3140
3160
982000
3160
3095
3175
3090
3165
1083000
3165
3115
3145
3105
3130
543200
3130
3140
3200
3130
3195
683400
3195
3200
3230
3175
3190
572400
3190
3170
3190
3140
3165
716300
3165
3105
3145
3075
3130
576400
3130
3095
3160
3080
3140
460100
3140
3130
3145
3085
3115
698300
3115
3130
3210
3105
3185
777900
3185
3095
3095
3035
3065
616000
3065
3050
3070
3005
3030
585500
3030
3060
3100
3040
3055
524300
3055
3085
3145
3055
3085
1440600
3085
3100
3150
3070
3145
557000
3145
3125
3200
3090
3185
755600
3185
3225
3225
3050
3105
948200
3105
3050
3075
2999
3005
704100
3005
3065
3065
3000
3030
726600
3030
2910
2947
2858
2904
1554300
2904
2894
2924
2871
2907
858600
2907
2931
2962
2913
2944
734800
2944
2943
2987
2917
2982
505300
2982
2937
2941
2837
2868
774100
2868
2848
2872
2810
2835
663100
2835
2786
2849
2780
2847
525200
2847
2844
2847
2801
2812
667000
2812
2810
2850
2805
2836
571800
2836
2820
2834
2800
2829
407100
2829
2800
2801
2771
2792
409800
2792
2807
2822
2769
2799
509900
2799
2805
2858
2805
2841
666600
2841
2877
2886
2857
2869
749700
2869
2862
2872
2838
2860
535400
2860
2895
2933
2884
2914
535900
2914
2909
2935
2897
2930
567600
2930
2964
2974
2926
2930
467000
2930
2890
2912
2805
2813
634800
2813
2782
2797
2742
2763
845800
2763
2742
2756
2701
2738
718700
2738
2719
2733
2686
2723
616300
2723
2655
2671
2643
2656
692000
2656
2651
2657
2612
2643
810600
2643
2605
2696
2594
2691
1028100
2691
2715
2761
2710
2755
510300
2755
2770
2789
2714
2720
1398500
2720
2717
2756
2712
2750
440400
2750
2746
2746
2676
2696
574000
2696
2684
2707
2660
2686
402500
2686
2681
2717
2619
2635
709500
2635
2638
2638
2542
2571
610600
2571
2471
2504
2455
2479
732400
2479
2483
2573
2483
2568
877400
2568
2635
2680
2614
2672
890100
2672
2689
2695
2653
2683
542100
2683
