1174
1190
1169
1189
3518100
1189
1192
1194
1181
1190
2669600
1190
1206
1210
1192
1195
2607000
1195
1193
1200
1186
1197
2578700
1197
1195
1196
1179
1185
2339000
1185
1183
1184
1167
1171
2148900
1171
1170
1175
1162
1164
1912300
1164
1166
1169
1159
1165
2240500
1165
1168
1183
1164
1164
2960900
1164
1184
1185
1173
1175
3322400
1175
1180
1198
1178
1195
2742400
1195
1195
1197
1182
1188
1857900
1188
1194
1197
1176
1178
3036500
1178
1177
1193
1175
1186
2101800
1186
1183
1183
1171
1171
1891700
1171
1170
1171
1163
1166
2170900
1166
1160
1172
1159
1164
1850600
1164
1158
1160
1140
1142
3650500
1142
1134
1139
1117
1117
3626400
1117
1115
1130
1104
1128
2611700
1128
1120
1129
1118
1123
2270200
1123
1102
1110
1096
1099
2760900
1099
1046
1055
1016
1039
5190400
1039
1069
1075
1023
1027
4440700
1027
1029
1078
968
1015
7760100
1015
974
994
973
992
4646300
992
999
1000
967
970
3772100
970
969
974
952
963
4304900
963
966
971
954
956
3743400
956
960
989
958
985
3570200
985
996
1015
992
1012
2407600
1012
1009
1014
1000
1013
2237000
1013
1015
1031
1009
1015
2622000
1015
1005
1008
996
1004
2897100
1004
1010
1015
1004
1014
1448400
1014
1021
1026
1012
1019
1538300
1019
1030
1031
1012
1017
2029400
1017
1010
1018
998
998
2648100
998
991
993
971
974
3094200
974
959
964
950
953
3064000
953
944
957
941
955
2098100
955
968
979
964
965
2142000
965
963
969
956
957
2816100
957
970
975
959
962
2013900
962
977
1004
976
983
4329000
983
998
1004
989
993
2348100
993
987
988
975
988
2090800
988
981
984
967
967
2142000
967
961
963
950
959
2636000
959
960
972
956
967
3641100
967
966
979
960
961
2931600
961
950
951
936
951
2660600
951
944
946
932
944
3496600
944
924
926
909
916
5188000
916
904
906
895
906
3997100
906
910
939
904
939
3552600
939
914
929
909
929
3205500
929
940
946
925
937
2127300
937
949
956
943
951
2440700
951
952
955
941
941
1506100
941
934
946
931
941
1981400
941
944
953
934
950
1659200
950
958
963
947
958
2060800
958
965
973
961
965
3469700
965
964
977
960
962
2612300
962
953
973
951
969
1901300
969
970
971
956
960
1922500
960
964
964
956
958
1800900
958
963
975
959
972
1992100
972
972
979
968
973
1186100
973
969
970
957
967
1616200
967
962
991
962
989
2294200
989
998
1007
996
1004
2309400
1004
1002
1005
991
999
1766300
999
1005
1005
990
994
1641000
994
1006
1014
995
1013
2214300
1013
1006
1049
998
1033
5418000
1033
1045
1068
1038
1065
4324400
1065
1075
1084
1073
1084
2783100
1084
1080
1082
1062
1065
2606200
1065
1068
1078
1060
1063
1877000
1063
1058
1066
1038
1047
3066800
1047
1048
1069
1048
1053
2735400
1053
1050
1052
1032
1035
2059200
1035
1030
1084
1022
1082
5541600
1082
1093
1111
1090
1106
5458900
1106
1114
1133
1113
1130
4608300
1130
1125
1136
1117
1126
3544300
1126
1113
1115
1100
1104
2453900
1104
1108
1110
1091
1105
2449900
1105
1108
1113
1097
1110
1945800
1110
1107
1116
1100
1109
1368100
1109
1107
1109
1100
1106
1242900
1106
1099
1105
1087
1099
2826500
1099
1100
1104
1083
1087
2044200
1087
1083
1095
1080
1085
2118900
1085
1088
1100
1086
1091
1907100
1091
1087
1090
1077
1085
1543200
1085
1064
1074
1061
1063
1934700
1063
1071
1074
1055
1065
6259700
1065
1095
1108
1080
1095
3423800
1095
1111
1119
1108
1114
1755300
1114
1123
1127
1098
1099
1838200
1099
1109
1127
1109
1126
2333500
1126
1134
1137
1129
1129
3074500
1129
1119
1132
1116
1116
2695400
1116
1111
1130
1106
1127
1814800
1127
1132
1133
1113
1120
1963100
1120
1114
1128
1112
1125
1383200
1125
1121
1123
1113
1114
1656500
1114
1123
1129
1106
1109
2446600
1109
1111
1117
1098
1108
1442800
1108
1107
1133
1105
1130
4673200
1130
1115
1124
1103
1120
3445200
1120
1123
1127
1114
1119
2222600
1119
1106
1118
1100
1104
1640300
1104
1115
1126
1103
1106
1762600
1106
1095
1125
1085
1123
2107500
1123
1121
1149
1112
1143
3519300
1143
1140
1150
1129
1134
2529600
1134
1136
1154
1133
1149
2818300
1149
1142
1144
1097
1098
2749400
1098
1104
1108
1087
1098
2508100
1098
1095
1139
1095
1132
2989100
1132
1133
1138
1125
1128
2427500
1128
1131
1132
1112
1122
2871600
1122
1135
1161
1134
1155
2511400
1155
1170
1186
1169
1175
3540100
1175
1169
1186
1163
1182
2850500
1182
1188
1191
1169
1169
1635300
1169
1177
1178
1158
1167
2162600
1167
1167
1179
1166
1172
1671900
1172
1179
1188
1174
1175
1851600
1175
1179
1183
1170
1173
1418800
1173
1166
1169
1153
1164
1594800
1164
1154
1170
1144
1162
2215200
1162
1165
1172
1160
1167
1513200
1167
1171
1189
1162
1177
2336000
1177
1185
1200
1184
1193
1758500
1193
1190
1198
1187
1191
1511000
1191
1186
1189
1173
1177
1587700
1177
1181
1183
1163
1168
2170100
1168
1159
1162
1122
1136
3730200
1136
1134
1142
1120
1123
2191600
1123
1123
1123
1093
1099
2271200
1099
1096
1102
1041
1051
3869600
1051
1057
1082
1047
1082
3795700
1082
1078
1087
1057
1062
2268400
1062
1050
1062
990
1014
6345400
1014
1015
1016
991
995
3800300
995
981
989
975
979
2464300
979
978
996
972
996
2533500
996
996
997
971
977
2165600
977
964
982
960
981
1934600
981
981
983
969
981
1655200
981
979
984
971
981
1376000
981
975
984
968
978
1856300
978
976
989
968
985
1749000
985
985
987
974
979
2333000
979
987
996
981
992
1885900
992
998
999
991
996
1687100
996
1004
1015
1001
1004
2006400
1004
996
1001
988
989
3488200
989
991
992
978
981
2849700
981
976
981
972
972
2575600
972
971
975
952
959
2057000
959
957
965
948
956
2778900
956
950
953
942
948
3199500
948
941
958
934
945
3596400
945
937
940
926
936
3395400
936
922
939
917
934
1942800
934
932
940
918
924
2328200
924
924
931
917
925
1776300
925
935
958
934
953
2547500
953
964
974
953
969
3821800
969
963
991
959
989
3237800
989
1000
1005
989
1001
3007900
1001
1005
1006
990
999
4038300
999
1010
1033
1008
1029
4386500
1029
1032
1045
1032
1045
4188900
1045
1038
1039
1018
1039
2943500
1039
1036
1038
1017
1020
2148900
1020
1035
1049
1029
1037
2898400
1037
1040
1043
1031
1039
1914900
1039
1010
1023
1004
1011
4462600
1011
1018
1027
1006
1010
2208100
1010
1020
1021
1008
1014
1902600
1014
1000
1020
1000
1014
1767900
1014
1006
1018
1001
1011
2160300
1011
1014
1019
1005
1017
1628100
1017
987
1000
976
986
3188600
986
974
998
972
995
2491900
995
987
987
967
971
2242600
971
966
977
964
976
2471100
976
988
1000
985
994
2094300
994
999
1009
986
990
1889100
990
975
995
974
991
2138800
991
983
997
976
991
1396200
991
977
979
947
947
2127400
947
955
962
942
956
2565100
956
926
927
906
910
2961100
910
910
915
886
892
4327800
892
897
915
895
906
2454400
906
897
914
895
910
2677300
910
909
918
903
916
2306100
916
916
935
911
931
2458200
931
936
950
929
944
2727100
944
934
1000
917
991
6612600
991
982
982
949
949
3527500
949
950
950
921
925
4025800
925
937
942
918
920
3142300
920
923
937
921
931
2773400
931
920
944
915
937
2133700
937
915
917
902
906
3724500
906
906
914
902
910
2519100
910
900
921
896
918
2399400
918
917
926
911
916
1753600
916
910
924
908
910
1976900
910
901
930
901
928
2261700
928
913
933
913
930
2663300
930
937
951
932
949
1837100
949
960
971
949
953
2800500
953
956
960
949
955
1782800
955
956
956
939
949
2145600
949
956
963
949
958
1676500
958
958
974
953
970
3088200
970
978
978
965
968
1898500
968
949
953
908
910
5554700
910
909
933
908
931
3476700
931
925
928
915
922
2121600
922
922
924
902
906
2425400
906
897
898
886
889
2234600
889
892
895
878
887
2839400
887
894
908
891
906
2801000
906
914
933
911
930
2844100
930
927
935
902
905
4331500
905
909
917
904
912
1794400
912
906
912
895
901
3457500
901
913
925
906
916
3290500
916
916
921
886
892
3073600
892
889
898
870
871
3902800
871
861
861
838
843
2886600
843
839
863
834
849
2529500
849
880
905
874
900
2849500
900
897
905
892
895
1634200
895
