1772
1786
1754
1786
1502900
1786
1794
1820
1792
1812
2158600
1812
1812
1817
1777
1789
2120500
1789
1799
1810
1788
1801
1485100
1801
1787
1802
1781
1799
1286100
1799
1800
1802
1773
1782
1380400
1782
1792
1795
1766
1770
1093900
1770
1760
1772
1750
1763
807100
1763
1753
1756
1735
1738
1754400
1738
1765
1782
1741
1742
1284300
1742
1761
1808
1760
1804
1884500
1804
1805
1805
1784
1796
996400
1796
1806
1812
1791
1810
1634000
1810
1804
1836
1799
1816
2282600
1816
1835
1853
1824
1843
2529300
1843
1843
1845
1801
1802
2142600
1802
1796
1811
1766
1791
1348100
1791
1778
1806
1732
1734
1875000
1734
1736
1742
1704
1704
1988800
1704
1715
1734
1704
1734
1455200
1734
1717
1729
1711
1727
1035600
1727
1692
1709
1690
1705
1622400
1705
1650
1660
1574
1616
2374400
1616
1671
1680
1613
1614
1922800
1614
1623
1640
1614
1631
1734200
1631
1574
1593
1560
1591
1925400
1591
1583
1583
1517
1524
4352500
1524
1540
1555
1499
1505
1583400
1505
1520
1525
1506
1513
1712500
1513
1518
1533
1511
1521
1263500
1521
1545
1564
1535
1563
1332700
1563
1558
1568
1547
1564
1220600
1564
1564
1584
1561
1572
1081500
1572
1566
1566
1536
1540
1259400
1540
1539
1581
1539
1579
1327800
1579
1600
1601
1573
1584
1101400
1584
1599
1600
1581
1587
1224900
1587
1580
1598
1576
1577
1272700
1577
1557
1562
1525
1532
1465200
1532
1498
1526
1495
1510
1537100
1510
1501
1521
1500
1511
1057600
1511
1536
1551
1527
1535
1217200
1535
1541
1555
1529
1540
1327800
1540
1549
1552
1522
1528
1050400
1528
1549
1588
1546
1560
1559400
1560
1600
1604
1579
1587
1064700
1587
1573
1582
1557
1582
967600
1582
1571
1580
1558
1560
1598000
1560
1545
1551
1515
1540
1614400
1540
1595
1607
1571
1600
3712600
1600
1583
1583
1543
1565
2119000
1565
1555
1594
1548
1591
1332000
1591
1602
1629
1597
1627
1640800
1627
1585
1589
1557
1565
2170900
1565
1543
1558
1514
1558
1917100
1558
1575
1632
1566
1629
2377400
1629
1575
1593
1565
1585
1865800
1585
1622
1628
1599
1615
1527500
1615
1628
1632
1609
1619
986000
1619
1621
1637
1618
1624
894500
1624
1600
1630
1595
1620
1059900
1620
1622
1624
1601
1608
1280000
1608
1626
1634
1606
1629
1076700
1629
1635
1644
1619
1624
1449700
1624
1625
1629
1611
1618
977500
1618
1609
1642
1608
1632
1274700
1632
1628
1645
1623
1632
1514800
1632
1639
1639
1621
1623
1063200
1623
1642
1652
1625
1641
1283400
1641
1635
1635
1616
1625
1325500
1625
1616
1628
1610
1623
867300
1623
1637
1679
1632
1676
1283400
1676
1695
1713
1690
1691
1331700
1691
1693
1697
1670
1670
1268600
1670
1678
1684
1662
1670
845500
1670
1672
1682
1665
1682
915200
1682
1661
1678
1659
1676
1227000
1676
1681
1684
1662
1681
1119400
1681
1700
1725
1693
1725
1797200
1725
1731
1753
1720
1738
1228300
1738
1737
1744
1717
1740
1148300
1740
1724
1726
1706
1724
1057100
1724
1708
1728
1707
1711
1436800
1711
1692
1694
1653
1657
1947600
1657
1666
1679
1659
1663
1206700
1663
1669
1732
1664
1715
2963500
1715
1754
1754
1707
1722
1943400
1722
1716
1719
1688
1696
1654100
1696
1680
1680
1653
1668
1905500
1668
1645
1680
1632
1670
1402300
1670
1680
1690
1675
1682
944800
1682
1667
1688
1658
1660
1838700
1660
1675
1677
1660
1661
1329000
1661
1659
1669
1642
1642
1579100
1642
1638
1638
1608
1625
1933900
1625
1624
1654
1621
1649
2040600
1649
1645
1657
1632
1655
998200
1655
1654
1659
1638
1650
825200
1650
1621
1632
1616
1620
921500
1620
1639
1664
1633
1654
1684800
1654
1655
1663
1627
1628
1368600
1628
1626
1652
1621
1648
1703300
1648
1643
1649
1612
1616
1132100
1616
1623
1628
1612
1625
1175500
1625
1628
1634
1617
1623
1417800
1623
1612
1617
1597
1602
1626000
1602
1600
1604
1586
1601
1227400
1601
1610
1624
1591
1604
1397900
1604
1611
1621
1601
1614
1302000
1614
1607
1610
1593
1594
1168900
1594
1610
1616
1600
1609
1376200
1609
1609
1609
1579
1591
1118200
1591
1577
1577
1544
1557
1689600
1557
1560
1562
1527
1554
1483500
1554
1540
1545
1519
1530
1483200
1530
1511
1521
1506
1514
1001500
1514
1519
1526
1491
1494
1186400
1494
1477
1505
1461
1501
1418800
1501
1500
1529
1489
1518
1432000
1518
1508
1519
1492
1518
1356000
1518
1527
1531
1509
1531
1683400
1531
1532
1539
1488
1490
1372800
1490
1496
1506
1457
1474
2288200
1474
1468
1480
1462
1469
1153100
1469
1473
1487
1459
1464
1277200
1464
1472
1476
1459
1466
2014700
1466
1480
1497
1469
1495
1755900
1495
1513
1515
1481
1481
1304100
1481
1465
1468
1447
1458
1238200
1458
1476
1493
1468
1485
1969300
1485
1490
1493
1470
1475
1123100
1475
1490
1498
1485
1490
1044800
1490
1510
1535
1508
1515
1165800
1515
1510
1512
1493
1501
1122900
1501
1497
1513
1484
1495
980300
1495
1473
1485
1468
1475
716000
1475
1484
1499
1479
1489
739000
1489
1485
1504
1479
1502
876400
1502
1510
1525
1509
1519
891800
1519
1531
1535
1516
1520
771300
1520
1500
1506
1490
1493
921600
1493
1492
1495
1475
1479
1433000
1479
1488
1490
1473
1476
1132500
1476
1473
1491
1457
1460
1137500
1460
1460
1460
1441
1445
1005900
1445
1443
1449
1422
1423
948100
1423
1417
1452
1414
1450
1256100
1450
1464
1473
1431
1432
1280600
1432
1416
1427
1403
1416
1344500
1416
1480
1495
1441
1447
3254100
1447
1447
1450
1403
1411
1794800
1411
1397
1431
1383
1431
1823100
1431
1431
1443
1406
1411
1153700
1411
1390
1405
1377
1394
1315600
1394
1399
1430
1396
1425
1353600
1425
1420
1439
1415
1437
1256500
1437
1422
1423
1400
1413
1494600
1413
1435
1458
1433
1450
1645600
1450
1449
1449
1434
1447
973700
1447
1453
1454
1432
1437
1242200
1437
1438
1455
1435
1449
772500
1449
1462
1465
1439
1447
1132800
1447
1485
1489
1447
1450
1648100
1450
1450
1454
1432
1447
1256500
1447
1429
1445
1427
1440
1160300
1440
1442
1444
1415
1423
863700
1423
1411
1422
1397
1415
1825800
1415
1401
1419
1400
1411
1910600
1411
1404
1417
1402
1404
1219500
1404
1394
1398
1375
1389
1813600
1389
1389
1404
1388
1390
1102100
1390
1388
1395
1380
1392
1392400
1392
1392
1407
1386
1404
2160400
1404
1414
1426
1405
1416
1208900
1416
1420
1449
1420
1436
1683800
1436
1423
1483
1420
1478
1257600
1478
1499
1508
1488
1494
1060400
1494
1494
1494
1467
1476
1363700
1476
1487
1490
1479
1482
1081900
1482
1477
1494
1465
1492
1586100
1492
1487
1497
1471
1493
1129400
1493
1474
1492
1460
1471
1156200
1471
1482
1492
1475
1475
1337400
1475
1471
1490
1460
1485
1073200
1485
1497
1501
1480
1487
1196100
1487
1476
1493
1468
1471
1094600
1471
1481
1497
1472
1485
1574500
1485
1465
1477
1454
1471
1436000
1471
1466
1497
1465
1474
1654100
1474
1480
1482
1463
1472
1558900
1472
1425
1436
1409
1426
1786200
1426
1422
1445
1422
1445
1417800
1445
1431
1442
1422
1434
1147100
1434
1434
1457
1431
1450
1197600
1450
1468
1470
1456
1465
1233300
1465
1451
1455
1424
1424
2236500
1424
1410
1451
1407
1450
1861300
1450
1443
1463
1430
1457
945700
1457
1434
1445
1384
1384
2482300
1384
1398
1410
1384
1403
1415600
1403
1355
1366
1341
1345
1897700
1345
1367
1374
1343
1363
1538100
1363
1376
1399
1370
1375
1156500
1375
1372
1410
1371
1391
3100300
1391
1416
1433
1404
1431
1428900
1431
1420
1431
1414
1424
1673800
1424
1427
1436
1413
1430
1359700
1430
1411
1443
1408
1434
1103700
1434
1443
1462
1435
1450
1169100
1450
1439
1453
1429
1434
1001900
1434
1463
1469
1452
1463
1063400
1463
1466
1477
1418
1434
1865200
1434
1430
1430
1395
1405
2125500
1405
1375
1382
1343
1357
2340100
1357
1358
1364
1341
1347
1488000
1347
1335
1340
1309
1310
2133400
1310
1288
1292
1269
1285
4010000
1285
1290
1308
1262
1302
3144100
1302
1288
1324
1285
1323
2320300
1323
1304
1325
1299
1314
1852700
1314
1322
1338
1319
1337
1074300
1337
1325
1347
1324
1346
1248000
1346
1350
1358
1343
1354
911400
1354
1351
1382
1340
1379
1871300
1379
1384
1384
1361
1372
1142800
1372
1368
1391
1358
1374
2719100
1374
1382
1389
1369
1370
1349300
1370
1353
1364
1319
1323
2220800
1323
1300
1325
1295
1321
1278400
1321
1309
1309
1276
1288
2011600
1288
1287
1295
1271
1289
2020200
1289
1276
1295
1276
1290
1926400
1290
1297
1308
1280
1291
1920700
1291
1311
1321
1300
1309
1916200
1309
1310
1312
1293
1296
1927400
1296
1294
1298
1255
1255
2263300
1255
1265
1281
1258
1260
1367900
1260
1242
1252
1211
1214
3089000
1214
1222
1231
1208
1221
2075000
1221
1203
1218
1179
1186
2695700
1186
1172
1174
1135
1144
3003500
1144
1104
1111
1090
1103
2289900
1103
1100
1121
1095
1120
3054000
1120
1180
1180
1137
1154
2800400
1154
1154
1165
1150
1155
1234700
1155
