2062.5
2068
2051.5
2068
3728400
2068
2088.5
2107
2081
2106
3094600
2106
2156
2162
2128
2154.5
5200500
2154.5
2128
2139.5
2107.5
2122.5
5227900
2122.5
2123
2127
2113
2126
3054000
2126
2122
2126
2104
2108.5
4301200
2108.5
2120
2124
2113.5
2118.5
2210500
2118.5
2118.5
2132.5
2113
2128.5
3162500
2128.5
2131.5
2139
2124.5
2131
3575100
2131
2142
2144
2121.5
2123.5
4253600
2123.5
2138
2156
2135.5
2156
3987000
2156
2164
2166.5
2145
2161
3298700
2161
2161
2171.5
2155.5
2168
3285700
2168
2164
2175
2163
2170.5
3303400
2170.5
2170
2176.5
2153.5
2156.5
4103000
2156.5
2155
2157.5
2133
2140
7370100
2140
2091
2104
2070
2070.5
5342300
2070.5
2059
2060
2022
2022.5
4289100
2022.5
2010
2023.5
1995
1998
4465600
1998
2002
2006
1991
2002.5
2778400
2002.5
1989
1992.5
1971
1984.5
3338900
1984.5
1950
1961
1940
1944.5
3543500
1944.5
1868
1874
1830
1855.5
9349100
1855.5
1910
1936.5
1886.5
1887
5223800
1887
1899
1899
1878.5
1891.5
3724000
1891.5
1841
1859
1835.5
1858
4118700
1858
1872
1877.5
1834
1836
4061000
1836
1838
1853
1823
1834
3701400
1834
1847
1850
1835.5
1846
2293600
1846
1851
1883.5
1848.5
1883
3211100
1883
1899
1924
1889
1924
2024300
1924
1897
1910
1888.5
1904
3144100
1904
1900
1907
1874
1883.5
3236000
1883.5
1846
1857.5
1830
1838
5596100
1838
1849
1891
1848
1889
2658300
1889
1904
1927
1901.5
1922.5
2240200
1922.5
1941
1943.5
1926.5
1930
2094900
1930
1912
1923
1879
1879
3777100
1879
1875
1885.5
1859
1868
3399100
1868
1838
1848
1834
1836
3748300
1836
1830
1839
1817.5
1824.5
3459200
1824.5
1840
1852.5
1829
1833
3080300
1833
1815.5
1832.5
1800
1806
3993300
1806
1809.5
1817.5
1798
1804.5
3646500
1804.5
1846
1923.5
1845.5
1892.5
7606000
1892.5
1895
1895.5
1860.5
1868.5
4335500
1868.5
1862
1896.5
1861.5
1895.5
2669600
1895.5
1880.5
1893
1875.5
1883
2436300
1883
1860
1877
1851.5
1876
2596500
1876
1875
1886.5
1872.5
1879.5
3437800
1879.5
1863
1863
1828
1835.5
3139900
1835.5
1832
1869
1828.5
1866
2810600
1866
1829.5
1865
1829.5
1861
3664200
1861
1818.5
1844.5
1810.5
1820
4449500
1820
1810
1849.5
1809
1849.5
3074200
1849.5
1859.5
1902
1853.5
1895.5
3795400
1895.5
1877
1915
1875.5
1914.5
2512100
1914.5
1934
1944
1914.5
1932
2458300
1932
1945.5
1948.5
1932.5
1942
1790500
1942
1931.5
1949
1927.5
1928.5
1485300
1928.5
1916
1935.5
1912
1929
1800100
1929
1929
1939
1921
1933.5
2723600
1933.5
1948
1955.5
1937
1945
2783700
1945
1948.5
1954
1939.5
1942
2351200
1942
1947
1969.5
1941
1962.5
2061000
1962.5
1954
1986.5
1945
1973.5
2093100
1973.5
1966
1970
1941
1946.5
2425700
1946.5
1945
1957
1933.5
1940
1290500
1940
1947
1949.5
1935.5
1940
1735100
1940
1945.5
1953.5
1938.5
1940.5
1544800
1940.5
1935.5
1941
1928.5
1934.5
1747300
1934.5
1945
1969.5
1943
1956
2412800
1956
1957
1973
1955
1957.5
2036900
1957.5
1944.5
1950.5
1936
1945.5
1568100
1945.5
1935
1945.5
1933
1944.5
1473200
1944.5
1956
1965
1941
1961
1906400
1961
1951
1973
1947
1970.5
2032900
1970.5
1980
1994.5
1964.5
1987
2097900
1987
1990
2005
1977
2004.5
2570500
2004.5
1986.5
2007.5
1983.5
2004
2110300
2004
2000
2001.5
1989
1991.5
1588700
1991.5
1988
1997.5
1979.5
1995
1986900
1995
2003.5
2027
2001.5
2010
2294700
2010
2005
2008
1986.5
1992
1905000
1992
1992
1995
1972
1989.5
1541400
1989.5
2000.5
2005
1984.5
2005
1734200
2005
2011.5
2018
2001.5
2018
1481300
2018
2020
2025
2011
2014.5
1901600
2014.5
2011
2021
1996
1997
1873200
1997
2007.5
2007.5
1985.5
2003
1529500
2003
2010
2011
1995.5
2010.5
1770800
2010.5
2014.5
2020
2007.5
2015
1411000
2015
2015
2017
2003.5
2011.5
1430900
2011.5
1995.5
2001
1980.5
1990.5
2954600
1990.5
1990
1992.5
1972
1977.5
1911300
1977.5
1983.5
1995
1975
1991.5
2373700
1991.5
1989
1989
1969
1979
1635700
1979
1975
1983.5
1963.5
1982
1874300
1982
1946
1952.5
1930
1940
2718700
1940
1940
1948
1930.5
1942
5640700
1942
1943
1965
1936
1960
3145500
1960
1968
2006.5
1966
1997
2676000
1997
1998.5
2002.5
1986.5
2000.5
1794900
2000.5
2006
2022.5
2002
2020.5
2413500
2020.5
2025.5
2027
2009.5
2020.5
2061500
2020.5
1991.5
2025.5
1990
2005
2970900
2005
1887
1907.5
1847
1865
7265600
1865
1880
1916
1876.5
1910
4660100
1910
1925
1930.5
1904.5
1929.5
2975900
1929.5
1932
1936.5
1913
1918.5
2263200
1918.5
1927.5
1929
1912
1927.5
3469400
1927.5
1935
1937
1919
1927.5
1730100
1927.5
1924
1929.5
1902
1902
2363600
1902
1915.5
1916.5
1891.5
1912.5
2631300
1912.5
1904.5
1921.5
1902
1913
1844800
1913
1912
1926.5
1907.5
1924
2304400
1924
1922
1923.5
1907
1911.5
1419100
1911.5
1911.5
1935.5
1909
1932
2190300
1932
1940
1946
1919.5
1944.5
1883700
1944.5
1925.5
1953
1923
1950
2851600
1950
1948
1962.5
1937
1960
2001300
1960
1955
1968
1928
1930
1956700
1930
1932.5
1932.5
1901
1914
3085500
1914
1908
1936.5
1904.5
1929
1584700
1929
1927
1927
1903
1909
2155300
1909
1900
1904
1888
1892.5
3390100
1892.5
1892
1925
1887.5
1920.5
1657400
1920.5
1930
1937
1919
1923.5
2164400
1923.5
1917
1917
1895.5
1901
2383800
1901
1920
1921.5
1894
1894.5
2302700
1894.5
1905
1906
1892.5
1903.5
2356700
1903.5
1917.5
1936
1909
1927.5
2409400
1927.5
1949
1952
1938.5
1938.5
1798100
1938.5
1939
1948
1928
1928
2465300
1928
1924
1925
1896
1905.5
4000200
1905.5
1895.5
1903.5
1885
1887.5
3469700
1887.5
1904
1923
1900
1917.5
1878000
1917.5
1932
1933.5
1923
1928
2495100
1928
1929
1934
1920.5
1921
4592600
1921
1880
1903.5
1875.5
1896
3471400
1896
1891.5
1901
1890.5
1891
1538400
1891
1895.5
1907.5
1886.5
1901.5
3310200
1901.5
1890.5
1892
1882.5
1885
2459400
1885
1875.5
1884.5
1860
1861
2403800
1861
1853.5
1854
1822
1823.5
3183400
1823.5
1826
1846
1824.5
1842
2119000
1842
1840
1862.5
1836
1862.5
1363900
1862.5
1866
1873.5
1857
1859
1912500
1859
1851
1866
1848
1859
1320700
1859
1847.5
1848
1826
1829.5
2101500
1829.5
1823
1829
1801.5
1802
2298700
1802
1816
1847.5
1812.5
1847
1847900
1847
1846
1857.5
1824
1834
1323100
1834
1818
1839.5
1810.5
1834
2744800
1834
1827
1833
1819
1831
1765900
1831
1825
1833
1812
1826.5
1872000
1826.5
1821
1828.5
1815
1822.5
1456300
1822.5
1827
1838
1821.5
1834
1540200
1834
1837.5
1848.5
1835
1840
1405100
1840
1842
1847.5
1836.5
1840.5
1154500
1840.5
1843.5
1865.5
1842
1862.5
1335100
1862.5
1873.5
1879
1858
1860.5
1769400
1860.5
1830
1839.5
1825
1828
2283100
1828
1827
1829
1813.5
1813.5
3105100
1813.5
1804
1816.5
1802
1813.5
2386900
1813.5
1808
1808
1780
1782.5
2491700
1782.5
1780.5
1781.5
1764.5
1774
2618300
1774
1766.5
1789
1765.5
1777.5
2897700
1777.5
1771
1772
1735
1736.5
3347700
1736.5
1685
1705.5
1651
1673.5
5973000
1673.5
1665
1695
1661
1680.5
2479400
1680.5
1681
1690
1670
1673
2238300
1673
1669
1669
1648
1650
3111300
1650
1652.5
1673.5
1652.5
1663
2403800
1663
1660.5
1675
1656.5
1672
4266400
1672
1665
1717
1663
1709
2918000
1709
1743
1747
1724.5
1733
2880100
1733
1738
1739.5
1709
1716
2465400
1716
1730
1743
1729
1736
3595800
1736
1718
1724
1701
1720
4105400
1720
1739
1745
1727.5
1741.5
2640500
1741.5
1731
1738
1714.5
1714.5
2783800
1714.5
1728.5
1739
1718
1732.5
3118300
1732.5
1734
1737
1721
1721
2221600
1721
1726
1735
1718.5
1722
2898200
1722
1720
1735
1710.5
1712
2851400
1712
1715.5
1723
1703
1703
2830000
1703
1687
1698
1678
1691
3539100
1691
1682
1687.5
1671
1672
3582600
1672
1678
1682.5
1667
1682
3342000
1682
1651.5
1675
1650.5
1660
4922900
1660
1650
1666
1646
1659
3867100
1659
1650
1658
1631
1634.5
2972100
1634.5
1632
1654
1623.5
1653
2699800
1653
1670.5
1687
1661.5
1681
2198400
1681
1683
1699.5
1678
1680
2551800
1680
1668
1670
1657.5
1663
2084600
1663
1670.5
1684.5
1657
1679.5
1807200
1679.5
1650
1651.5
1606.5
1607
5125300
1607
1631
1639.5
1611
1624.5
2463300
1624.5
1600
1618
1596
1598.5
3578800
1598.5
1632.5
1633
1593.5
1606
3259200
1606
1622
1640.5
1620
1628.5
2327700
1628.5
1612.5
1654
1611
1646
5602200
1646
1660
1667
1648
1662
2399700
1662
1653
1669.5
1650
1664.5
2040300
1664.5
1661.5
1666
1639.5
1661
2684500
1661
1650
1663
1634.5
1656.5
1625500
1656.5
1669
1687.5
1662
1683
2041100
1683
1677
1679.5
1653
1656
3636300
1656
1680
1707.5
1679
1702.5
2722500
1702.5
1708
1717
1696.5
1698.5
1853900
1698.5
1696
1726.5
1696
1725.5
1899100
1725.5
1704.5
1714
1681
1693.5
2415800
1693.5
1701.5
1708
1689.5
1700.5
1480100
1700.5
1680.5
1688.5
1671
1686.5
2228000
1686.5
1683
1698
1678.5
1696.5
2582500
1696.5
1696
1696
1675
1681
1839600
1681
1673
1689.5
1663.5
1687
1689600
1687
1681
1682.5
1663.5
1676.5
1924300
1676.5
1693.5
1704.5
1687
1701.5
2656200
1701.5
1703
1717.5
1697
1701.5
2172600
1701.5
1705
1712.5
1689
1704.5
2091200
1704.5
1702
1714
1691
1711.5
1918700
1711.5
1698.5
1707.5
1692.5
1693
2202600
1693
1696
1714.5
1692
1711
4612800
1711
1716
1722
1706
1706.5
2241800
1706.5
1702
1705.5
1666
1667.5
2625600
1667.5
1650
1674.5
1648
1670.5
1883400
1670.5
1661
1672
1649
1654
2365000
1654
1661.5
1681.5
1660
1674.5
2339400
1674.5
1655
1677
1626
1638
3008600
1638
1625
1644.5
1622.5
1641.5
3138300
1641.5
1655
1668
1651.5
1664.5
3214100
1664.5
1680
1695.5
1668
1688.5
2288100
1688.5
1674.5
1680
1654.5
1658
3743400
1658
1657
1674.5
1656
1665.5
1666200
1665.5
1646
1657
1643
1649.5
2680300
1649.5
1665
1672
1650.5
1662.5
2381900
1662.5
1660
1667
1619.5
1623.5
3008000
1623.5
1628
1630.5
1591
1597.5
3557300
1597.5
1554.5
1563.5
1530
1539.5
3386700
1539.5
1560
1575
1537
1562
2647300
1562
1603
1629
1592
1619
2933800
1619
1608
1625
1600
1619
2225400
1619
