2211
2265
2209
2258
2925000
2258
2275
2313
2258
2312
2320000
2312
2331
2337
2292
2307
2339600
2307
2315
2339
2300
2330
1734900
2330
2323
2356
2320
2338
2057800
2338
2355
2378
2349
2373
2463500
2373
2400
2431
2364
2373
2059400
2373
2380
2407
2367
2394
1753600
2394
2370
2406
2366
2400
2082100
2400
2410
2417
2387
2391
2291400
2391
2400
2411
2356
2369
2219800
2369
2350
2372
2336
2370
2033200
2370
2384
2400
2373
2397
2134300
2397
2401
2419
2395
2403
1798500
2403
2380
2394
2360
2389
1676900
2389
2430
2542
2428
2537
4498300
2537
2521
2531
2453
2462
2768200
2462
2435
2439
2368
2395
2096700
2395
2388
2394
2356
2356
1985700
2356
2379
2392
2359
2381
1418000
2381
2365
2376
2339
2347
1458500
2347
2297
2329
2293
2319
1760000
2319
2214
2228
2118
2182
2801700
2182
2232
2239
2157
2164
2209500
2164
2220
2284
2179
2270
3528300
2270
2250
2310
2203
2263
3946200
2263
2293
2325
2266
2271
2670500
2271
2278
2332
2273
2306
2453200
2306
2363
2377
2323
2335
1652700
2335
2337
2404
2332
2377
1696000
2377
2409
2426
2391
2425
1245700
2425
2435
2454
2397
2414
1642200
2414
2387
2412
2362
2410
1930700
2410
2402
2413
2378
2399
1292300
2399
2408
2420
2384
2418
1179300
2418
2440
2453
2396
2417
1224900
2417
2453
2548
2447
2528
3830300
2528
2488
2493
2446
2461
2785900
2461
2425
2436
2358
2379
2118800
2379
2300
2303
2240
2245
3333900
2245
2230
2251
2199
2229
1319800
2229
2248
2259
2218
2242
1955700
2242
2233
2259
2227
2240
1816500
2240
2284
2293
2262
2271
1940100
2271
2310
2333
2284
2294
2371100
2294
2355
2385
2330
2346
1252400
2346
2327
2341
2318
2341
720500
2341
2319
2322
2293
2313
760900
2313
2313
2328
2284
2289
1099700
2289
2322
2327
2276
2277
1418400
2277
2277
2341
2276
2312
1516500
2312
2294
2306
2254
2262
1189700
2262
2285
2344
2285
2342
1552200
2342
2248
2263
2174
2178
2641100
2178
2165
2236
2157
2234
1900800
2234
2254
2293
2231
2290
1735400
2290
2242
2291
2236
2291
1546500
2291
2301
2306
2257
2280
1610200
2280
2328
2329
2298
2314
1063900
2314
2323
2337
2309
2309
937100
2309
2259
2276
2230
2265
1616700
2265
2293
2315
2285
2299
1102500
2299
2324
2337
2298
2329
1220400
2329
2330
2352
2327
2334
1378500
2334
2332
2388
2329
2379
1844700
2379
2383
2429
2375
2415
1709100
2415
2415
2422
2384
2411
1886200
2411
2415
2440
2395
2431
1080900
2431
2438
2445
2415
2432
1356900
2432
2432
2458
2424
2443
802500
2443
2444
2467
2443
2458
1117500
2458
2446
2508
2440
2498
1828200
2498
2505
2546
2495
2532
1543100
2532
2539
2567
2533
2553
1740200
2553
2584
2668
2584
2633
2610500
2633
2622
2629
2591
2611
1595100
2611
2585
2655
2583
2642
1416100
2642
2661
2677
2649
2669
1698700
2669
2682
2710
2668
2685
2089500
2685
2684
2739
2681
2714
1641500
2714
2701
2738
2687
2698
1367700
2698
2698
2729
2690
2717
1293500
2717
2717
2727
2660
2678
1923700
2678
2662
2672
2562
2652
2206400
2652
2650
2650
2325
2506
4060800
2506
2516
2642
2508
2638
2440600
2638
2633
2644
2536
2546
1823600
2546
2546
2568
2524
2526
1281600
2526
2534
2574
2509
2541
1200800
2541
2544
2569
2527
2535
1066400
2535
2579
2590
2556
2572
1499000
2572
2571
2598
2539
2549
945700
2549
2559
2579
2539
2541
1216100
2541
2506
2515
2448
2454
1664400
2454
2461
2469
2415
2416
1346300
2416
2391
2392
2344
2344
1754200
2344
2375
2388
2299
2303
1549900
2303
2303
2320
2266
2278
1196000
2278
2282
2288
2244
2270
1642200
2270
2267
2277
2247
2273
2499500
2273
2283
2294
2260
2266
1647600
2266
2310
2310
2277
2287
1410100
2287
2288
2290
2200
2209
2357400
2209
2205
2267
2201
2263
1773600
2263
2253
2269
2231
2261
1690000
2261
2295
2299
2243
2254
2212400
2254
2240
2264
2235
2243
1105400
2243
2236
2243
2197
2206
1887400
2206
2214
2265
2212
2251
1205100
2251
2212
2220
2189
2190
1670400
2190
2233
2242
2176
2181
2020900
2181
2176
2176
2106
2112
1467000
2112
2108
2164
2102
2104
1985100
2104
2087
2126
2073
2121
1043000
2121
2101
2151
2080
2138
1499300
2138
2095
2120
2080
2112
1590000
2112
2156
2199
2142
2172
2084700
2172
2135
2186
2106
2181
1642100
2181
2194
2198
2148
2190
1506000
2190
2185
2254
2173
2253
1524100
2253
2257
2258
2210
2233
1648800
2233
2222
2229
2131
2136
1382100
2136
2121
2137
2061
2085
2397500
2085
2070
2128
2068
2098
1269100
2098
2089
2110
2025
2037
1296100
2037
2028
2033
1972
1989
2554100
1989
2000
2017
1964
1968
2257500
1968
1986
2052
1984
2037
2494100
2037
2026
2067
2002
2056
2479400
2056
2052
2054
2004
2009
1441200
2009
2059
2063
2031
2053
1801100
2053
2033
2060
2013
2046
1450200
2046
2066
2066
2027
2040
1247300
2040
2049
2068
2044
2063
1364500
2063
2071
2083
2036
2053
1164800
2053
2037
2062
2037
2047
800000
2047
2070
2077
2041
2062
1169400
2062
2086
2106
2074
2106
1315300
2106
2135
2152
2118
2151
1424300
2151
2168
2188
2163
2174
1185700
2174
2176
2189
2162
2170
893400
2170
2144
2182
2141
2163
1193100
2163
2164
2171
2107
2115
1324600
2115
2093
2124
2076
2083
1097200
2083
2087
2107
2077
2091
692500
2091
2076
2105
2068
2098
585700
2098
2110
2154
2100
2152
799500
2152
2149
2174
2135
2158
1222400
2158
2164
2171
2074
2112
1996700
2112
2145
2273
2131
2243
2941900
2243
2207
2211
2130
2130
1643600
2130
2121
2151
2099
2144
1446500
2144
2120
2147
2065
2078
1250500
2078
2050
2069
2019
2068
1338800
2068
2076
2152
2073
2147
1084500
2147
2155
2172
2124
2128
526000
2128
2130
2185
2125
2171
881000
2171
2155
2174
2139
2174
1005500
2174
2100
2126
2080
2105
1522300
2105
2100
2111
2088
2095
1253700
2095
2098
2118
2087
2105
964500
2105
2139
2182
2130
2172
1221600
2172
2175
2179
2152
2172
797600
2172
2204
2226
2197
2203
1456000
2203
2201
2248
2187
2238
1141200
2238
2252
2265
2209
2230
944500
2230
2211
2218
2197
2211
723100
2211
2212
2238
2207
2223
873700
2223
2197
2206
2182
2189
874100
2189
2170
2199
2165
2194
664200
2194
2170
2259
2170
2255
911300
2255
2174
2219
2152
2158
3021300
2158
2145
2168
2131
2165
3195400
2165
2180
2242
2175
2238
3371600
2238
2274
2280
2216
2258
2218000
2258
2268
2378
2262
2365
2109600
2365
2386
2416
2382
2403
1693200
2403
2393
2485
2390
2478
2019800
2478
2473
2510
2452
2504
2480100
2504
2503
2516
2481
2491
1324600
2491
2486
2549
2465
2549
1504300
2549
2551
2571
2531
2535
1415000
2535
2614
2655
2604
2606
2737600
2606
2626
2637
2592
2635
1743200
2635
2650
2696
2635
2638
2200300
2638
2593
2659
2591
2599
2112200
2599
2604
2630
2567
2567
2168200
2567
2537
2537
2470
2482
1925500
2482
2496
2530
2487
2497
1625600
2497
2554
2566
2480
2505
1520900
2505
2424
2449
2366
2392
1751400
2392
2354
2400
2347
2396
1564600
2396
2361
2379
2336
2360
1152900
2360
2365
2417
2363
2389
963300
2389
2418
2423
2387
2416
1114000
2416
2415
2437
2407
2421
1116600
2421
2371
2418
2355
2405
1245200
2405
2381
2427
2375
2393
824500
2393
2364
2372
2304
2322
1081500
2322
2341
2363
2314
2346
1379000
2346
2265
2281
2222
2228
1128200
2228
2240
2259
2194
2222
1082200
2222
2251
2273
2212
2214
740100
2214
2183
2240
2176
2227
1060400
2227
2226
2248
2167
2191
1666500
2191
2156
2191
2116
2150
1536800
2150
2150
2152
2060
2127
1980200
2127
2085
2096
2055
2063
1833700
2063
2069
2133
2060
2115
2153700
2115
2105
2109
2058
2063
1579800
2063
2102
2200
2021
2106
2546500
2106
2135
2181
2000
2011
2626200
2011
1961
1964
1857
1884
3215700
1884
1828
1829
1747
1765
3176400
1765
1765
1769
1729
1764
3058000
1764
1764
1803
1744
1803
2639800
1803
1818
1840
1787
1815
2566900
1815
1775
1838
1734
1755
2725200
1755
1717
1788
1700
1754
2178100
1754
1684
1704
1673
1700
1603400
1700
1700
1700
1631
1645
2047900
1645
1645
1670
1632
1662
1793900
1662
1690
1711
1675
1701
1651300
1701
1691
1706
1672
1696
1076200
1696
1714
1714
1661
1661
1314300
1661
1663
1685
1648
1658
2312700
1658
1701
1748
1696
1727
2056400
1727
1730
1766
1705
1706
1958100
1706
1657
1704
1650
1686
1737700
1686
1676
1696
1650
1672
1983700
1672
1677
1680
1606
1618
1981900
1618
1591
1654
1582
1641
2140600
1641
1601
1628
1586
1605
3350700
1605
1610
1693
1610
1689
2448700
1689
1695
1717
1676
1694
1652900
1694
1672
1690
1598
1627
2828300
1627
1609
1627
1599
1608
1415900
1608
1580
1599
1543
1594
2167000
1594
1602
1628
1568
1611
2358700
1611
1578
1615
1542
1550
1641900
1550
1545
1582
1524
1543
2646600
1543
1425
1431
1388
1412
2044700
1412
1426
1457
1421
1454
1643400
1454
1505
1558
1497
1546
1996800
1546
1534
1566
1532
1547
1431900
1547
