3450
3480
3435
3480
311800
3480
3465
3550
3415
3540
615100
3540
3525
3545
3510
3540
212600
3540
3505
3525
3460
3460
323600
3460
3445
3445
3410
3420
247000
3420
3405
3410
3365
3365
316200
3365
3365
3380
3345
3350
199500
3350
3345
3390
3345
3360
211000
3360
3360
3395
3350
3360
320200
3360
3375
3375
3285
3295
444400
3295
3310
3350
3290
3320
190900
3320
3330
3340
3305
3330
127100
3330
3330
3380
3325
3365
243700
3365
3365
3390
3360
3375
149400
3375
3355
3385
3355
3365
229000
3365
3380
3445
3380
3385
282900
3385
3385
3390
3350
3355
162200
3355
3330
3350
3300
3305
202400
3305
3310
3350
3275
3280
254600
3280
3290
3345
3270
3340
187500
3340
3305
3380
3305
3365
201100
3365
3310
3345
3270
3275
255600
3275
3175
3200
3055
3120
548200
3120
3155
3215
3105
3110
415900
3110
3105
3145
3095
3120
272000
3120
3025
3075
3020
3055
396100
3055
3065
3110
3055
3075
370200
3075
3080
3150
3075
3130
402000
3130
3175
3240
3165
3200
367200
3200
3060
3115
3020
3110
702500
3110
3135
3210
3135
3200
318200
3200
3215
3245
3195
3205
247100
3205
3200
3225
3180
3205
221200
3205
3145
3170
3125
3150
310500
3150
3155
3175
3145
3170
147300
3170
3205
3220
3180
3200
180100
3200
3170
3170
3080
3100
554800
3100
3095
3095
3045
3045
399500
3045
3065
3065
3005
3015
299300
3015
2984
2995
2958
2969
399700
2969
2950
2974
2947
2969
259600
2969
3000
3010
2979
2986
222400
2986
2978
2997
2965
2983
283900
2983
3005
3005
2962
2988
311900
2988
3010
3085
3010
3035
477000
3035
3080
3080
3015
3040
202600
3040
3035
3070
3020
3065
220500
3065
3050
3075
3040
3070
165600
3070
3060
3090
3050
3085
134900
3085
3090
3090
3060
3065
207700
3065
3040
3045
2990
3005
246600
3005
2990
3005
2973
2998
230200
2998
3025
3050
2998
3040
297900
3040
2987
3020
2958
2966
419000
2966
2950
2978
2937
2978
276900
2978
2975
3055
2973
3055
263400
3055
3015
3040
2988
3010
251100
3010
3060
3095
3050
3090
243800
3090
3110
3125
3085
3100
189200
3100
3090
3110
3060
3075
241300
3075
3045
3090
3040
3075
170400
3075
3100
3120
3055
3110
248900
3110
3135
3205
3130
3195
316600
3195
3180
3215
3165
3190
217200
3190
3195
3245
3185
3235
163600
3235
3225
3230
3145
3145
359800
3145
3075
3080
3035
3050
370700
3050
3015
3050
2977
3035
437000
3035
3035
3045
3015
3020
223300
3020
3040
3070
3020
3065
178900
3065
3055
3075
3045
3055
235700
3055
3050
3085
3045
3065
207400
3065
3060
3110
3050
3105
281000
3105
3075
3095
3060
3065
311000
3065
3055
3065
3025
3030
250300
3030
3030
3035
3010
3015
225100
3015
3005
3040
3005
3040
234600
3040
3055
3090
3045
3080
241800
3080
3115
3135
3085
3130
343800
3130
3120
3145
3105
3140
170800
3140
3100
3115
3075
3105
247600
3105
3050
3115
3050
3110
216300
3110
3090
3140
3090
3125
253200
3125
3150
3160
3090
3095
237300
3095
3065
3100
3065
3080
188700
3080
2841
2989
2814
2920
1437800
2920
2920
2944
2911
2937
424000
2937
2968
3000
2961
2982
371300
2982
2993
3020
2950
2972
332100
2972
2972
2972
2926
2938
490800
2938
2958
2958
2938
2941
265100
2941
2941
2948
2933
2934
137700
2934
2924
2925
2885
2915
501300
2915
2909
2910
2887
2900
327800
2900
2898
2920
2898
2914
253200
2914
2926
2931
2895
2898
290600
2898
2850
2857
2808
2808
867700
2808
2808
2827
2793
2825
373500
2825
2802
2807
2750
2757
568000
2757
2767
2805
2751
2800
481700
2800
2781
2803
2772
2790
223900
2790
2814
2827
2806
2825
237400
2825
2830
2841
2820
2828
209300
2828
2828
2840
2821
2833
244700
2833
2840
2842
2815
2827
280300
2827
2810
2855
2810
2816
384600
2816
2832
2850
2823
2831
174800
2831
2850
2885
2840
2873
272600
2873
2877
2895
2869
2869
130300
2869
2867
2880
2849
2854
159300
2854
2880
2890
2859
2860
182300
2860
2877
2881
2834
2834
183500
2834
2830
2832
2803
2806
224000
2806
2827
2856
2820
2848
280500
2848
2813
2829
2787
2794
462900
2794
2786
2794
2767
2784
305400
2784
2795
2798
2768
2771
205800
2771
2771
2814
2768
2808
250200
2808
2822
2828
2798
2814
212200
2814
2812
2816
2779
2779
227200
2779
2778
2789
2751
2776
315400
2776
2779
2788
2695
2696
337700
2696
2696
2707
2650
2683
461100
2683
2670
2716
2663
2707
201800
2707
2701
2702
2675
2681
297000
2681
2705
2716
2668
2668
348600
2668
2670
2687
2661
2681
302000
2681
2675
2714
2666
2685
294800
2685
2670
2679
2609
2643
458200
2643
2630
2687
2617
2652
353300
2652
2655
2698
2655
2687
350300
2687
2687
2739
2687
2726
449100
2726
2745
2767
2728
2740
317000
2740
2690
2724
2674
2692
564600
2692
2689
2724
2686
2704
446700
2704
2700
2706
2691
2694
341200
2694
2697
2743
2697
2716
253500
2716
2710
2732
2699
2701
333900
2701
2732
2744
2724
2741
325600
2741
2747
2749
2726
2746
240100
2746
2738
2738
2708
2711
199000
2711
2712
2717
2675
2698
410300
2698
2693
2695
2631
2660
425000
2660
2673
2709
2659
2680
347400
2680
2666
2678
2643
2664
527200
2664
2564
2567
2411
2416
1553200
2416
2418
2440
2391
2430
635800
2430
2421
2454
2416
2440
397800
2440
2440
2453
2426
2438
310500
2438
2456
2459
2428
2433
314400
2433
2420
2420
2372
2375
511500
2375
2385
2393
2371
2391
469200
2391
2399
2416
2360
2369
342000
2369
2355
2368
2347
2363
322600
2363
2358
2384
2351
2380
229600
2380
2385
2391
2364
2366
170600
2366
2366
2371
2348
2365
189400
2365
2340
2340
2313
2320
656300
2320
2323
2350
2315
2345
333400
2345
2340
2357
2335
2346
245300
2346
2340
2358
2335
2345
277400
2345
2323
2328
2303
2312
510300
2312
2305
2331
2289
2312
528700
2312
2345
2369
2340
2346
430700
2346
2339
2362
2322
2325
600800
2325
2320
2328
2308
2316
305400
2316
2316
2316
2293
2299
279300
2299
2296
2305
2283
2286
316300
2286
2300
2302
2252
2254
458300
2254
2251
2270
2240
2251
346100
2251
2206
2210
2107
2208
1130400
2208
2221
2241
2214
2228
496700
2228
2230
2238
2169
2201
426500
2201
2206
2231
2205
2223
284600
2223
2239
2258
2223
2228
443300
2228
2252
2300
2242
2296
441700
2296
2320
2348
2302
2337
497000
2337
2337
2337
2287
2310
448000
2310
2338
2364
2322
2358
596800
2358
2364
2399
2363
2390
564800
2390
2370
2396
2366
2389
329500
2389
2388
2410
2375
2378
324900
2378
2390
2412
2361
2361
632100
2361
2374
2378
2353
2354
368800
2354
2350
2383
2326
2370
556800
2370
2364
2380
2343
2351
325100
2351
2353
2353
2326
2327
312400
2327
2326
2356
2321
2339
304200
2339
2362
2379
2348
2358
594000
2358
2351
2384
2347
2354
432900
2354
2318
2324
2280
2289
591600
2289
2260
2304
2260
2299
517300
2299
2249
2270
2207
2214
642500
2214
2230
2248
2200
2220
644300
2220
2230
2241
2212
2232
674400
2232
2220
2256
2218
2243
410900
2243
2225
2245
2221
2223
322800
2223
2229
2255
2222
2246
282000
2246
2220
2224
2180
2181
471200
2181
2209
2220
2190
2205
380000
2205
2173
2173
2123
2130
570100
2130
2145
2154
2123
2131
307900
2131
2135
2153
2122
2131
233900
2131
2132
2152
2126
2138
371400
2138
2137
2153
2097
2101
832900
2101
2100
2159
2087
2149
628700
2149
2136
2214
2134
2209
731900
2209
2359
2450
2351
2375
1896200
2375
2340
2434
2327
2393
1040200
2393
2391
2421
2373
2376
551100
2376
2410
2410
2375
2377
495900
2377
2395
2441
2395
2426
558100
2426
2430
2488
2421
2486
360300
2486
2447
2458
2398
2427
368400
2427
2433
2456
2424
2444
350100
2444
2424
2460
2412
2459
255500
2459
2435
2464
2430
2450
390400
2450
2464
2478
2440
2464
440600
2464
2450
2484
2432
2483
650400
2483
2454
2469
2435
2452
392700
2452
2538
2643
2504
2624
1387200
2624
2640
2655
2568
2572
790700
2572
2582
2623
2577
2618
497700
2618
2598
2615
2578
2595
473500
2595
2607
2617
2569
2571
348600
2571
2575
2597
2563
2585
429000
2585
2606
2614
2578
2589
355900
2589
2588
2599
2552
2552
382600
2552
2531
2541
2510
2532
347200
2532
2530
2534
2468
2484
415300
2484
2484
2492
2458
2486
325400
2486
2451
2453
2390
2397
458400
2397
2411
2440
2389
2390
395300
2390
2451
2469
2430
2459
398700
2459
2461
2490
2452
2475
340900
2475
2453
2481
2434
2455
553900
2455
2454
2478
2446
2471
268100
2471
2442
2458
2422
2434
369300
2434
2433
2461
2404
2432
521500
2432
2416
2436
2382
2400
368200
2400
2420
2427
2358
2382
547500
2382
2315
2324
2258
2292
913500
2292
2254
2286
2218
2255
541800
2255
2305
2422
2283
2408
599300
2408
2409
2413
2288
2293
699100
2293
