5633
5689
5592
5687
1348500
5687
5887
6007
5816
5961
3813100
5961
6000
6076
5976
6053
3051800
6053
6006
6007
5802
5815
2227300
5815
5784
5784
5670
5693
1898500
5693
5634
5659
5545
5620
2136400
5620
5627
5647
5530
5532
1531200
5532
5590
5664
5576
5624
1076700
5624
5630
5678
5617
5641
1323700
5641
5670
5670
5541
5553
1927200
5553
5641
5761
5611
5719
1719600
5719
5695
5728
5626
5702
1078700
5702
5730
5746
5706
5738
1038300
5738
5765
5796
5751
5787
1118000
5787
5787
5797
5731
5772
1241400
5772
5804
5830
5754
5763
1074900
5763
5752
5761
5624
5630
1084900
5630
5600
5626
5539
5556
1310200
5556
5595
5621
5482
5491
1748900
5491
5510
5674
5502
5667
1487100
5667
5633
5739
5622
5712
1274300
5712
5620
5649
5481
5485
1275900
5485
5264
5293
5097
5201
2454100
5201
5290
5469
5290
5300
2185500
5300
5313
5417
5303
5402
1577600
5402
5302
5434
5290
5422
2642100
5422
5406
5427
5343
5405
2097100
5405
5405
5485
5398
5449
1574300
5449
5500
5512
5426
5454
1388200
5454
5549
5715
5470
5691
2399500
5691
5691
5715
5636
5677
1389500
5677
5649
5682
5544
5555
1200000
5555
5527
5557
5486
5505
1343100
5505
5471
5513
5436
5499
1573600
5499
5504
5506
5463
5500
788100
5500
5536
5552
5471
5518
1006600
5518
5553
5622
5521
5586
1265600
5586
5543
5581
5487
5491
1305600
5491
5492
5538
5488
5511
1262000
5511
5453
5498
5393
5437
1811400
5437
5400
5454
5370
5443
999200
5443
5494
5536
5450
5515
1254700
5515
5502
5560
5485
5515
1624400
5515
5533
5535
5471
5502
1354800
5502
5540
5708
5538
5596
2719900
5596
5670
5676
5545
5611
1086200
5611
5602
5658
5578
5657
801800
5657
5640
5694
5632
5685
823700
5685
5600
5686
5562
5681
1368600
5681
5678
5694
5642
5651
1682300
5651
5624
5633
5537
5556
809600
5556
5501
5519
5429
5485
1178800
5485
5486
5611
5480
5596
1228600
5596
5468
5481
5384
5392
2187300
5392
5335
5450
5307
5450
1446700
5450
5467
5568
5452
5566
1784900
5566
5514
5539
5448
5497
1231100
5497
5595
5690
5587
5690
1593300
5690
5726
5727
5636
5667
1160700
5667
5682
5697
5626
5626
750500
5626
5577
5691
5574
5678
1042000
5678
5685
5720
5620
5697
1207100
5697
5734
5790
5697
5764
1116900
5764
5758
5809
5733
5755
1216700
5755
5763
5860
5762
5826
900300
5826
5802
5879
5749
5749
1427400
5749
5717
5724
5593
5624
1269200
5624
5630
5662
5606
5640
863600
5640
5624
5626
5515
5541
1454300
5541
5563
5577
5493
5509
1136600
5509
5497
5545
5473
5485
1173300
5485
5506
5540
5465
5487
1643600
5487
5487
5537
5472
5498
1287700
5498
5484
5515
5460
5480
1223100
5480
5484
5535
5430
5438
1203800
5438
5460
5472
5404
5411
1247500
5411
5397
5454
5387
5435
1285500
5435
5462
5517
5415
5505
1262700
5505
5538
5577
5515
5536
1467300
5536
5570
5662
5539
5620
1529800
5620
5600
5607
5559
5587
1270800
5587
5547
5565
5483
5492
1163000
5492
5515
5534
5474
5510
1383200
5510
5910
5980
5835
5904
3222300
5904
5904
5919
5815
5845
1421100
5845
5933
6069
5880
6044
2711400
6044
6000
6007
5903
5913
1431700
5913
5912
5936
5809
5813
2827400
5813
5813
5857
5750
5836
2500000
5836
5836
5840
5780
5810
1192900
5810
5826
5830
5783
5808
834000
5808
5777
5804
5755
5760
867000
5760
5775
5787
5709
5727
1093500
5727
5710
5748
5665
5682
1607700
5682
5650
5698
5590
5625
1453500
5625
5615
5640
5602
5629
1273000
5629
5766
5782
5740
5760
1133400
5760
5712
5728
5669
5691
1132200
5691
5623
5640
5566
5595
1246500
5595
5614
5717
5602
5696
3944900
5696
5596
5651
5570
5600
1664900
5600
5631
5639
5594
5599
1149000
5599
5632
5673
5629
5641
1178800
5641
5613
5641
5589
5593
1385400
5593
5600
5635
5593
5616
1369900
5616
5570
5594
5525
5545
1809600
5545
5556
5622
5547
5585
815000
5585
5588
5713
5585
5699
1167100
5699
5709
5820
5703
5804
1701900
5804
5783
5783
5645
5696
1364700
5696
5707
5737
5670
5702
1590000
5702
5713
5724
5600
5603
867100
5603
5606
5633
5561
5574
1248300
5574
5650
5747
5648
5728
1724500
5728
5677
5749
5667
5729
1222200
5729
5703
5727
5616
5652
2061400
5652
5665
5674
5531
5546
1194900
5546
5589
5678
5525
5669
1459800
5669
5667
5707
5629
5665
1192900
5665
5640
5651
5597
5647
861800
5647
5677
5691
5616
5672
1033400
5672
5651
5669
5464
5466
1021500
5466
5495
5495
5370
5418
1113600
5418
5390
5457
5353
5446
789300
5446
5545
5587
5444
5468
1267300
5468
5547
5588
5499
5566
1332900
5566
5593
5645
5540
5629
1073000
5629
5595
5624
5499
5505
1135900
5505
5432
5492
5422
5464
1386500
5464
5432
5629
5430
5591
1580200
5591
5660
5716
5619
5673
1391700
5673
5623
5759
5623
5729
1283500
5729
5739
5769
5646
5652
1080500
5652
5528
5557
5492
5529
1326800
5529
5550
5620
5544
5612
1243100
5612
5556
5589
5525
5541
1022700
5541
5549
5552
5480
5484
1183400
5484
5500
5550
5489
5527
1014100
5527
5573
5577
5515
5555
894700
5555
5568
5578
5530
5569
897100
5569
5523
5526
5472
5499
697900
5499
5468
5470
5376
5422
1524800
5422
5436
5445
5350
5413
973500
5413
5377
5420
5322
5356
1084200
5356
5256
5329
5054
5088
3440300
5088
5070
5082
4962
4962
1838200
4962
4971
4995
4923
4990
1224200
4990
4985
4986
4928
4939
1431000
4939
4870
4938
4869
4912
1517700
4912
4967
4984
4922
4949
2081400
4949
4900
4926
4865
4873
1572500
4873
4943
5001
4930
5001
1477800
5001
4990
5016
4908
4925
1125300
4925
4898
4917
4846
4912
1571700
4912
4869
4930
4868
4906
966600
4906
4906
4964
4903
4927
964700
4927
4904
4933
4873
4898
1041800
4898
4906
4928
4884
4908
764300
4908
4924
4968
4921
4958
783700
4958
4933
4974
4883
4968
1116900
4968
4980
5024
4973
5009
760400
5009
5029
5050
4987
4994
937500
4994
4969
5023
4963
5011
1014800
5011
5046
5080
5002
5026
1206600
5026
5030
5090
5002
5019
1310200
5019
4993
5009
4960
4974
733000
4974
4951
4983
4914
4952
948600
4952
4952
4978
4916
4920
1038000
4920
4861
4873
4783
4799
1825300
4799
4768
4819
4709
4785
1675000
4785
4763
4805
4750
4786
1125400
4786
4782
4814
4761
4783
974300
4783
4790
4835
4775
4831
929000
4831
4850
4882
4808
4845
938800
4845
4860
4915
4831
4901
2062200
4901
4923
4974
4910
4961
1492400
4961
5000
5014
4926
4926
1959200
4926
4899
4904
4843
4859
2437100
4859
4892
4985
4880
4984
2673700
4984
4949
5003
4947
4997
2046700
4997
4974
4976
4866
4932
2287300
4932
4920
4973
4880
4888
1707100
4888
4938
4975
4898
4925
2014100
4925
4965
5053
4960
5012
1585300
5012
5023
5049
4967
5032
1981500
5032
5000
5004
4898
4917
1502500
4917
4910
4930
4885
4907
1523000
4907
4950
4968
4896
4907
1574300
4907
4901
4906
4807
4815
1721700
4815
4852
4909
4852
4871
1250700
4871
4798
4808
4670
4673
2103600
4673
4693
4799
4689
4798
2234800
4798
4836
4846
4763
4765
1773800
4765
4809
4811
4752
4808
1566100
4808
4859
4903
4857
4899
1104500
4899
4892
4914
4848
4862
1007900
4862
4797
4820
4722
4810
1381900
4810
4798
4865
4756
4844
983300
4844
4776
4798
4736
4790
1445600
4790
4859
4870
4791
4835
1489300
4835
4765
4788
4708
4747
1609900
4747
4752
4797
4736
4784
1849700
4784
4808
4853
4742
4824
1179000
4824
4770
4850
4764
4831
1490800
4831
4860
4973
4843
4968
1652300
4968
4961
4983
4882
4895
1216700
4895
4913
4947
4861
4946
2104600
4946
4987
4990
4882
4956
1600700
4956
4980
5177
4974
5151
2305400
5151
5125
5156
4955
4977
2110000
4977
5030
5065
5019
5038
1107400
5038
5072
5098
5047
5079
1388300
5079
5028
5068
4952
5048
974100
5048
4998
4998
4897
4955
1446200
4955
4931
4984
4914
4962
933500
4962
4925
5002
4925
4997
945000
4997
5000
5055
4997
5027
1545200
5027
5055
5076
4961
5000
710000
5000
4961
4998
4893
4906
1009600
4906
4896
4919
4806
4853
1321800
4853
4792
4843
4765
4832
1579500
4832
4878
4919
4827
4843
941900
4843
4843
4872
4837
4846
1016700
4846
4829
4835
4763
4785
2152500
4785
4769
4783
4719
4725
2284300
4725
4728
4772
4721
4754
1885600
4754
4795
4811
4769
4782
1132900
4782
4750
4776
4669
4671
1256900
4671
4648
4777
4645
4775
1506200
4775
4707
4733
4592
4615
1610000
4615
4595
4606
4530
4595
1500500
4595
4500
4516
4363
4373
1984600
4373
4482
4483
4379
4380
2058400
4380
4458
4488
4432
4484
1770500
4484
4484
4557
4477
4539
1151600
4539
4533
4553
4486
4494
2110300
4494
4532
4550
4467
4533
1174600
4533
4474
4503
4446
4450
1107000
4450
4399
4493
4387
4456
1150800
4456
4391
4467
4347
4370
1322200
4370
4370
4429
4349
4391
1905200
4391
4241
4241
4135
4136
1648600
4136
4110
4165
4023
4092
1401200
4092
4208
4347
4208
4309
1449300
4309
4257
4308
4235
4269
992600
4269
