2843.5
2872
2830
2865
2632300
2865
2869
2885
2844.5
2882.5
2415800
2882.5
2868.5
2878
2856.5
2868
2620200
2868
2831
2840
2801.5
2802
2835700
2802
2788
2797
2732
2736
4168400
2736
2715
2734
2702
2716
3104300
2716
2704
2719.5
2674
2677.5
2447700
2677.5
2675
2697.5
2672.5
2682
1545100
2682
2720
2737.5
2698
2726
3399900
2726
2745
2753.5
2685.5
2686.5
2673300
2686.5
2700
2737
2689.5
2717
2302200
2717
2725
2782
2707
2781.5
2538700
2781.5
2799
2842
2795.5
2841.5
2809000
2841.5
2834.5
2844.5
2821.5
2834.5
2317700
2834.5
2820.5
2845
2790
2830
2829500
2830
2830
2835.5
2801.5
2814.5
2310800
2814.5
2819
2826
2806
2814
1954300
2814
2806.5
2821
2767.5
2781.5
2625400
2781.5
2769
2797.5
2720.5
2721
3554300
2721
2733
2785
2733
2781.5
1912400
2781.5
2765.5
2805.5
2760
2801.5
1860900
2801.5
2790
2806.5
2711
2712.5
2409800
2712.5
2612.5
2615.5
2498.5
2541.5
4518900
2541.5
2571
2648
2563.5
2563.5
3907300
2563.5
2568
2600.5
2552.5
2570.5
2150600
2570.5
2499
2538.5
2498.5
2529
3193700
2529
2550
2555
2496.5
2505.5
3212900
2505.5
2512.5
2551
2508
2544
2908400
2544
2694
2752.5
2669.5
2721.5
5343200
2721.5
2707.5
2768.5
2692
2755.5
4372800
2755.5
2773
2828
2759.5
2820
3103400
2820
2812.5
2845
2771.5
2791
2943300
2791
2786
2808
2772
2788.5
2191200
2788.5
2750
2760.5
2729
2750
1915200
2750
2750
2765
2719.5
2749
1462000
2749
2791
2842
2768.5
2833
2551900
2833
2845
2845
2789.5
2797
2220700
2797
2769
2800
2758
2778.5
2978500
2778.5
2751
2759
2725
2739
2409100
2739
2689
2729
2680
2723.5
2747100
2723.5
2716.5
2762.5
2713
2760
1531500
2760
2799
2800
2746
2776.5
2999700
2776.5
2762
2807.5
2757
2776
2945200
2776
2800
2809
2783.5
2808
4282000
2808
2850
2892
2826
2866
5797300
2866
2911
2924.5
2884
2902.5
2791200
2902.5
2894.5
2941.5
2891
2937.5
2919500
2937.5
2937.5
2960
2932
2959
2755800
2959
2932
2999
2927
2999
3276200
2999
2990
3002
2941
2961.5
4251800
2961.5
2960
2965
2924
2941
1810200
2941
2926.5
2926.5
2875.5
2896.5
2453400
2896.5
2892
2919.5
2879
2892
2498500
2892
2842
2855
2814.5
2824.5
3259500
2824.5
2778
2793
2744
2792
3595300
2792
2793
2848.5
2792
2826.5
4511200
2826.5
2788.5
2793
2725
2770.5
4715900
2770.5
2820.5
2827
2771.5
2813.5
3983400
2813.5
2821.5
2841.5
2801
2832.5
2053100
2832.5
2837
2871
2825.5
2850
1769300
2850
2825
2899
2822
2890
2514300
2890
2938.5
2981
2917.5
2967
3675900
2967
2994.5
3045
2981.5
3033
3504200
3033
3022
3054
2978
3025
3192600
3025
3050
3131
3030
3106
2963900
3106
3091
3134
3058
3059
3192200
3059
3049
3050
2986
2990.5
2580100
2990.5
2992.5
3056
2992.5
3044
1977300
3044
3042
3055
3016
3044
2792700
3044
3050
3099
3033
3093
2210300
3093
3068
3119
3051
3115
3163000
3115
3160
3199
3138
3194
3554500
3194
3181
3194
3131
3134
2690500
3134
3134
3153
3113
3124
2220500
3124
3121
3132
3067
3070
1990300
3070
3085
3087
3053
3075
2215800
3075
3070
3109
3069
3099
2598200
3099
3096
3114
3068
3086
2734100
3086
3100
3100
3058
3073
3017200
3073
3069
3085
3061
3079
2217500
3079
3077
3097
3067
3081
2270900
3081
3060
3089
3037
3085
2452600
3085
3086
3088
3058
3066
3403000
3066
3040
3061
2930
2965.5
5979600
2965.5
2952
2997
2952
2988
3714000
2988
2995.5
3079
2990
3060
4113000
3060
3030
3030
2914
2942.5
4845200
2942.5
2914
2949
2912
2917
3877000
2917
2920
2975.5
2917
2970
3379300
2970
2975
3019
2972
3004
3282100
3004
2996.5
3010
2978.5
2984
2157000
2984
2984
2989.5
2936
2947
2562300
2947
2984
2987
2938.5
2964.5
3104100
2964.5
2986
3016
2970.5
2996.5
3248800
2996.5
3010
3043
2967
2980.5
3730700
2980.5
3092
3131
3074
3110
4074900
3110
3099
3103
3040
3093
2661000
3093
3099
3121
3071
3115
2002000
3115
3119
3139
3047
3054
3166900
3054
3053
3096
3035
3095
11052400
3095
3050
3096
3027
3073
2544200
3073
3089
3128
3085
3102
1909500
3102
3105
3128
3101
3116
1900000
3116
3093
3104
3062
3082
2403900
3082
3085
3103
3074
3086
2532200
3086
3061
3073
3008
3009
3873200
3009
3000
3027
2954
2956
5103800
2956
2988
3045
2980.5
3037
4364500
3037
3015
3054
3005
3020
3129100
3020
3014
3072
3011
3060
2818100
3060
3055
3058
2997
3009
3330500
3009
3047
3058
2975
2983.5
2803800
2983.5
2983.5
2993.5
2943.5
2953
3611600
2953
2978
3064
2965
3049
3154000
3049
3033
3061
3011
3049
2328800
3049
3039
3048
3008
3026
2198500
3026
3010
3010
2937
2938.5
2199900
2938.5
2956
2959.5
2905
2946.5
2377200
2946.5
2918.5
2939.5
2902
2920
1919800
2920
2921
2961
2911
2949
2345400
2949
2973
2984.5
2935.5
2963
2778300
2963
2937
2955
2871
2871.5
2493100
2871.5
2899
2914.5
2855
2887.5
2965000
2887.5
2881.5
2917
2857
2910
1811300
2910
2899
2923.5
2884
2901.5
1915700
2901.5
2920
2937.5
2880.5
2895.5
2350700
2895.5
2890
2920
2866.5
2908
2411300
2908
2929.5
2937
2882.5
2883.5
3088500
2883.5
2874.5
2881
2832
2872.5
2430400
2872.5
2875
2901.5
2867.5
2883
2978700
2883
2900
2918
2872.5
2907
2931900
2907
2925
2999.5
2924.5
2997.5
4002700
2997.5
3026
3026
2982.5
2987
2220100
2987
2986
2992.5
2958.5
2983.5
2240500
2983.5
3020
3063
3017
3047
2733500
3047
3045
3089
3039
3071
2415200
3071
3064
3080
3003
3005
2317400
3005
3005
3010
2992.5
2998
2370900
2998
2981
2993
2953
2982
2906200
2982
2944
2968
2933
2940
3440300
2940
2930.5
2962
2920.5
2939
5746800
2939
2908.5
2911.5
2848.5
2857
4494100
2857
2891
2897
2872
2884.5
2436100
2884.5
2884.5
2897.5
2843.5
2849
2629400
2849
2832.5
2836.5
2785
2787.5
3087400
2787.5
2787.5
2803
2742
2743.5
2731900
2743.5
2721
2742
2691.5
2732.5
3534800
2732.5
2686.5
2686.5
2570
2571
6043600
2571
2572
2598.5
2562
2586
2522600
2586
2596.5
2607.5
2582.5
2586.5
2997100
2586.5
2560
2594
2558
2568
2849900
2568
2576
2611.5
2561
2611
2218800
2611
2581
2581
2522.5
2531.5
3291100
2531.5
2520.5
2546.5
2502.5
2542
2808900
2542
2558.5
2576.5
2547.5
2559
1866600
2559
2550
2561.5
2540.5
2541.5
1333500
2541.5
2539.5
2559
2525.5
2541.5
1694400
2541.5
2541.5
2563
2530.5
2557
1606500
2557
2562
2572
2557.5
2567
1912000
2567
2586
2615
2573.5
2611
2103100
2611
2609.5
2629.5
2597
2623.5
1829100
2623.5
2621
2648
2608.5
2613
2452000
2613
2612
2688.5
2612
2684
4202300
2684
2713.5
2750
2708.5
2730
5567500
2730
2731.5
2754.5
2726.5
2747.5
4374900
2747.5
2750
2778.5
2746.5
2775
2372000
2775
2758
2760
2729.5
2746.5
2502900
2746.5
2739.5
2741.5
2722.5
2730
2740500
2730
2724.5
2731.5
2696
2700
2796600
2700
2690.5
2710
2671
2682
3350600
2682
2600
2659
2600
2652.5
3595600
2652.5
2674.5
2727.5
2674.5
2725
2417300
2725
2714
2744
2700.5
2739.5
2230700
2739.5
2738
2784.5
2738
2782.5
2549200
2782.5
2830
2830
2774
2797.5
4900500
2797.5
2798.5
2820
2770
2819
3286200
2819
2848.5
2911
2842
2907
3198600
2907
2905
2908.5
2866.5
2892.5
3576300
2892.5
2929
2933.5
2894
2920
5614200
2920
2875
2980.5
2872
2976.5
3570800
2976.5
2967
2977.5
2941
2973
2325400
2973
2956
2971
2913
2913
2578100
2913
2945.5
2957.5
2911
2911
3207600
2911
2898
2952
2891.5
2926
1755300
2926
2907.5
2951.5
2906
2923
2970200
2923
2896.5
2907
2840
2840
2957600
2840
2841
2854
2807
2812
2618700
2812
2802.5
2838.5
2797.5
2820
2425800
2820
2797.5
2812
2784.5
2795
2387000
2795
2810
2857
2808
2835
1647000
2835
2758
2770.5
2680.5
2687.5
2893200
2687.5
2674.5
2727
2671
2702
3309900
2702
2658.5
2671.5
2587
2587
3236500
2587
2603.5
2641
2600.5
2637
3205200
2637
2650
2664
2636
2659.5
1558700
2659.5
2654
2677.5
2640
2655.5
1619700
2655.5
2641
2672.5
2626
2663
2109700
2663
2652.5
2694.5
2646
2681.5
1525700
2681.5
2641.5
2723
2639
2684
2645600
2684
2699
2706
2636
2672.5
2187800
2672.5
2622.5
2659
2614.5
2636.5
2151100
2636.5
2636
2647
2599
2616.5
2327800
2616.5
2619
2662
2603
2644.5
1584300
2644.5
2648.5
2674
2624.5
2654.5
2196600
2654.5
2665
2708
2645.5
2698.5
2178300
2698.5
2703.5
2717
2656.5
2681
1853800
2681
2698.5
2732
2669
2706
1999600
2706
2691
2694
2637
2661.5
2252700
2661.5
2662
2713
2656.5
2692
2823000
2692
2742
2743
2535
2547
5210800
2547
2535.5
2646.5
2520.5
2618.5
4128200
2618.5
2625
2654
2592.5
2595.5
2042800
2595.5
2590.5
2632.5
2589
2609.5
2271500
2609.5
2570.5
2597.5
2550
2575.5
2287400
2575.5
2578.5
2593
2540
2549.5
2221000
2549.5
2505
2562
2465.5
2552.5
2382400
2552.5
2542
2586.5
2535
2562
1787800
2562
2582.5
2610.5
2553.5
2564
1770900
2564
2551
2582
2550
2571
1995500
2571
2558
2640.5
2544
2635
3137500
2635
2630
2691.5
2625.5
2687
2172900
2687
2725.5
2796
2708
2726.5
2599200
2726.5
2698.5
2709
2665.5
2688
2021800
2688
2716
2746
2711.5
2720
2377600
2720
2720
2732.5
2692
2716.5
2533300
2716.5
2709
2760
2651.5
2665
6804800
2665
2705.5
2754
2700
2708
2490200
2708
2667
2689
2626.5
2628
2349500
2628
2601
2658
2594
2657.5
2440500
2657.5
2622
2639.5
2560
2570.5
2475800
2570.5
2550
2572.5
2505.5
2525
2843000
2525
2486.5
2507.5
2414.5
2427
2543900
2427
2425
2439.5
2395.5
2400.5
2078400
2400.5
2433.5
2444.5
2393
2429.5
3109300
2429.5
2439
2468
2425
2458
2866800
2458
2408
2440.5
2382.5
2389.5
4682500
2389.5
2380
2402
2361
2391.5
2051000
2391.5
2362
2382
2341
2342.5
2635800
2342.5
2362
2408.5
2320
2376.5
3575500
2376.5
2351.5
2394
2337.5
2356.5
2410100
2356.5
2356.5
2402.5
2346.5
2360
3950800
2360
2301.5
2309
2203.5
2217
2637300
2217
2215
2266.5
2163
2210
2244600
2210
2260
2364.5
2260
2335
2518800
2335
2318
2327
2295
2298.5
1779600
2298.5
