4565
4665
4540
4660
812300
4660
4690
4725
4620
4675
631600
4675
4700
4775
4700
4750
519600
4750
4765
4770
4685
4690
326200
4690
4640
4640
4590
4615
515400
4615
4600
4610
4505
4505
870100
4505
4480
4540
4480
4520
677100
4520
4515
4590
4515
4555
410300
4555
4545
4590
4540
4590
719000
4590
4645
4675
4575
4590
867000
4590
4635
4665
4590
4605
595900
4605
4615
4635
4560
4580
408100
4580
4610
4680
4605
4675
408600
4675
4680
4690
4635
4645
394500
4645
4585
4595
4480
4485
694200
4485
4530
4595
4530
4560
639200
4560
4560
4615
4560
4570
480100
4570
4530
4575
4505
4515
527500
4515
4540
4595
4500
4510
814100
4510
4545
4590
4510
4590
418800
4590
4535
4545
4465
4500
566100
4500
4390
4500
4285
4295
1396100
4295
4155
4160
4035
4115
1874000
4115
4185
4365
4185
4205
1145000
4205
4170
4255
4170
4235
748700
4235
4080
4145
4055
4095
1388400
4095
4145
4195
4065
4080
900200
4080
4070
4155
4070
4130
884600
4130
4185
4235
4155
4165
685500
4165
4200
4320
4200
4260
661300
4260
4320
4385
4285
4380
580300
4380
4365
4380
4235
4250
789700
4250
4245
4315
4235
4270
637600
4270
4225
4225
4155
4180
596800
4180
4190
4225
4180
4205
490800
4205
4260
4300
4240
4285
442100
4285
4330
4330
4280
4310
598400
4310
4285
4310
4255
4260
599400
4260
4250
4250
4140
4155
498500
4155
4035
4070
4010
4035
1004200
4035
4000
4085
4000
4070
419200
4070
4125
4175
4100
4160
539700
4160
4135
4200
4120
4175
691600
4175
4205
4215
4150
4200
732000
4200
4230
4340
4220
4230
1276700
4230
4370
4390
4285
4325
589100
4325
4285
4365
4270
4360
411500
4360
4295
4350
4290
4305
424200
4305
4285
4335
4230
4330
341700
4330
4375
4380
4305
4335
492800
4335
4295
4305
4225
4265
413500
4265
4225
4230
4175
4230
430000
4230
4200
4250
4180
4245
452900
4245
4110
4170
4045
4065
1278500
4065
4030
4115
4010
4115
634700
4115
4120
4240
4115
4240
713000
4240
4160
4180
4085
4135
673100
4135
4210
4270
4210
4260
730300
4260
4295
4305
4245
4280
475200
4280
4245
4305
4230
4240
391000
4240
4200
4265
4195
4250
567600
4250
4250
4325
4230
4300
515800
4300
4370
4450
4355
4435
779500
4435
4410
4435
4365
4395
773400
4395
4415
4480
4405
4475
484500
4475
4450
4580
4415
4440
899200
4440
4380
4390
4265
4280
583800
4280
4295
4335
4275
4305
393600
4305
4340
4345
4255
4285
502900
4285
4305
4345
4290
4330
350900
4330
4315
4395
4300
4355
473300
4355
4360
4435
4355
4420
481900
4420
4440
4475
4395
4460
575500
4460
4480
4555
4440
4510
665000
4510
4520
4525
4445
4475
371100
4475
4510
4515
4455
4505
424900
4505
4490
4535
4460
4515
428900
4515
4460
4550
4360
4530
1573500
4530
4595
4785
4595
4745
1316500
4745
4715
4805
4680
4795
639700
4795
4845
4880
4800
4870
837300
4870
4895
4930
4860
4925
531900
4925
4900
4910
4850
4890
538000
4890
4880
4900
4835
4865
400000
4865
4880
4950
4830
4925
529100
4925
4900
5030
4880
5010
671300
5010
5000
5120
5000
5090
563800
5090
5100
5130
5060
5070
352800
5070
5080
5100
4970
5000
641600
5000
5010
5050
4990
5010
494200
5010
5040
5040
4910
4925
666300
4925
4920
5030
4910
4955
481800
4955
4925
4950
4880
4930
520800
4930
4920
4960
4855
4910
726200
4910
4910
4935
4830
4875
596600
4875
4890
4980
4870
4965
394500
4965
5000
5030
4950
4965
279100
4965
4960
5020
4950
4990
383000
4990
4900
4965
4895
4950
668700
4950
5000
5160
5000
5140
916900
5140
5120
5190
5060
5090
675800
5090
5120
5170
5080
5140
439400
5140
5200
5210
5130
5180
427500
5180
5160
5230
5120
5210
527800
5210
5250
5270
5180
5180
658700
5180
5280
5300
5230
5280
1223700
5280
5330
5400
5310
5400
575800
5400
5460
5500
5430
5450
673000
5450
5450
5530
5440
5460
435900
5460
5430
5450
5330
5400
670900
5400
5500
5560
5450
5540
922900
5540
5550
5600
5510
5560
510600
5560
5530
5540
5420
5440
589900
5440
5510
5640
5500
5610
856100
5610
5620
5690
5530
5660
557100
5660
5660
5700
5630
5680
534600
5680
5710
5720
5610
5660
505400
5660
5650
5750
5650
5690
616200
5690
5720
5780
5710
5730
622600
5730
5650
5660
5530
5610
1785000
5610
5670
5670
5560
5590
727700
5590
5520
5540
5210
5240
1065200
5240
5250
5300
5090
5170
1048300
5170
5170
5350
5150
5310
737800
5310
5340
5340
5230
5280
736400
5280
5340
5360
5180
5270
728800
5270
5230
5330
5220
5250
499900
5250
5240
5280
5140
5140
739100
5140
5120
5160
5050
5110
607700
5110
5210
5330
5200
5290
744100
5290
5310
5450
5230
5380
894900
5380
5410
5540
5400
5500
563000
5500
5540
5560
5470
5510
502400
5510
5500
5500
5310
5350
629100
5350
5370
5460
5340
5420
592100
5420
5380
5380
5300
5360
606400
5360
5460
5470
5310
5330
577000
5330
5390
5390
5330
5360
345800
5360
5380
5380
5280
5330
788000
5330
5350
5400
5310
5390
445600
5390
5330
5360
5250
5270
425600
5270
5180
5340
5180
5290
658700
5290
5230
5320
5230
5260
567400
5260
5260
5420
5050
5130
1159800
5130
5150
5150
5030
5120
573700
5120
5110
5160
5080
5090
402900
5090
5040
5060
5020
5040
520300
5040
4990
5050
4980
5000
557300
5000
4985
5000
4945
4965
494700
4965
4990
4995
4920
4920
834900
4920
4855
4885
4825
4825
883700
4825
4965
5010
4945
4990
1071100
4990
5040
5160
5040
5100
570600
5100
5100
5160
5040
5150
695700
5150
5160
5200
5090
5170
524100
5170
5200
5300
5180
5280
654400
5280
5250
5450
5240
5380
859600
5380
5450
5450
5360
5420
517800
5420
5490
5520
5460
5490
600400
5490
5490
5500
5420
5500
594300
5500
5490
5510
5460
5490
432700
5490
5490
5510
5440
5450
589500
5450
5420
5510
5410
5480
568000
5480
5580
5650
5570
5620
757000
5620
5540
5590
5490
5570
841800
5570
5620
5680
5570
5650
423000
5650
5650
5690
5570
5680
519500
5680
5680
5720
5640
5680
551200
5680
5680
5720
5600
5700
594900
5700
5720
5800
5690
5780
638800
5780
5860
5890
5780
5890
659000
5890
5900
6110
5900
6100
1008700
6100
6060
6230
6010
6230
990400
6230
6250
6330
6130
6200
988100
6200
6270
6310
6110
6220
1606800
6220
6210
6510
6180
6500
1074700
6500
6550
6680
6510
6630
972300
6630
6630
6630
6500
6530
1115300
6530
6560
6620
6460
6570
1532700
6570
6540
6680
6530
6610
922700
6610
6620
6700
6590
6690
689900
6690
6650
6780
6630
6660
694900
6660
6710
6850
6670
6760
1094900
6760
6840
6880
6780
6780
645800
6780
6790
6800
6600
6620
1331600
6620
6540
6750
6490
6740
1013200
6740
6660
6670
6440
6460
1317100
6460
6410
6540
6380
6480
1079400
6480
6480
6610
6480
6560
937800
6560
6550
6730
6520
6640
833200
6640
6540
6570
6420
6480
1064800
6480
6390
6560
6370
6530
1230100
6530
6450
6540
6440
6500
767600
6500
6480
6560
6390
6550
834400
6550
6560
6630
6450
6610
880000
6610
6650
6710
6530
6590
724000
6590
6540
6600
6440
6580
794100
6580
6660
6780
6570
6770
659800
6770
6700
6720
6460
6490
1076400
6490
6590
6710
6570
6650
1002700
6650
6520
6560
6350
6380
979100
6380
6380
6420
6250
6270
989700
6270
6250
6370
6090
6100
984700
6100
6060
6190
6020
6150
1856900
6150
6140
6290
6080
6210
1099600
6210
6200
6320
5840
5910
1449100
5910
6200
6230
5840
5980
1420300
5980
5890
5940
5790
5840
794700
5840
5900
6000
5850
5940
660000
5940
5900
6090
5880
6020
1062100
6020
6130
6360
6120
6330
1073400
6330
6320
6420
6220
6250
1078000
6250
6230
6310
6180
6210
497200
6210
6130
6180
6050
6150
712600
6150
6120
6250
6050
6090
647900
6090
5940
6110
5930
6080
601700
6080
6050
6110
6020
6040
653700
6040
6030
6150
6030
6080
360500
6080
6040
6080
5930
5950
435300
5950
5920
5920
5830
5880
577000
5880
5940
6090
5930
6070
530700
6070
6070
6170
6050
6160
611200
6160
6290
6310
6210
6310
668800
6310
6300
6440
6260
6380
757000
6380
6390
6520
6370
6500
740700
6500
6550
6670
6500
6620
889900
6620
6700
6710
6430
6470
874500
6470
6490
6600
6390
6390
694800
6390
6290
6400
6240
6320
685700
6320
6320
6400
6240
6300
818300
6300
6340
6460
6310
6450
668300
6450
6340
6360
6200
6280
771000
6280
6320
6360
6270
6330
742800
6330
6430
6670
6410
6650
995200
6650
6720
6860
6580
6620
1088500
6620
6520
6720
6490
6620
1589300
6620
6620
6750
6530
6730
679300
6730
6650
6660
6210
6280
1340000
6280
6250
6270
6080
6180
840600
6180
6100
6210
5930
6000
991500
6000
6060
6080
5760
5810
1310800
5810
5640
5670
5430
5530
969000
5530
5570
5720
5470
5600
1066300
5600
5760
5960
5720
5930
1370800
5930
5940
5980
5810
5910
892700
5910
