3110
3180
3110
3175
525100
3175
3215
3220
3165
3190
321800
3190
3215
3245
3210
3240
332700
3240
3230
3235
3170
3175
320000
3175
3155
3160
3095
3100
457600
3100
3085
3090
3005
3010
707400
3010
2997
3000
2968
2971
702400
2971
2982
3050
2978
3025
487700
3025
3000
3045
2996
3030
661400
3030
3045
3085
3010
3020
748000
3020
3010
3055
3010
3015
285500
3015
3035
3035
2993
3015
347900
3015
3040
3095
3030
3085
416800
3085
3075
3105
3040
3060
485400
3060
3040
3040
2963
2981
830200
2981
2983
3015
2980
2988
596700
2988
2969
3015
2967
2987
461800
2987
2985
2991
2902
2920
590000
2920
2932
2965
2916
2916
636800
2916
2938
2978
2914
2974
761400
2974
2930
2956
2903
2946
726400
2946
2895
2901
2831
2831
673500
2831
2736
2736
2563
2636
1252500
2636
2600
2712
2563
2577
2147100
2577
2576
2662
2567
2644
1407100
2644
2555
2587
2527
2586
1311600
2586
2593
2596
2536
2541
869300
2541
2546
2593
2523
2576
1058800
2576
2603
2615
2572
2579
580700
2579
2614
2708
2610
2685
865600
2685
2686
2718
2672
2692
506100
2692
2681
2709
2651
2657
343100
2657
2650
2705
2637
2681
634700
2681
2655
2655
2605
2630
414100
2630
2667
2699
2662
2696
675100
2696
2727
2732
2698
2721
623900
2721
2748
2781
2727
2771
847700
2771
2751
2769
2722
2735
707800
2735
2718
2734
2687
2700
509500
2700
2650
2698
2647
2676
853200
2676
2674
2716
2670
2692
426500
2692
2732
2760
2732
2745
676300
2745
2833
2850
2769
2806
1257800
2806
2815
2822
2789
2800
727000
2800
2829
2874
2808
2822
985200
2822
2844
2860
2767
2788
729700
2788
2778
2832
2778
2828
481600
2828
2805
2833
2805
2823
531400
2823
2817
2825
2775
2812
429900
2812
2828
2844
2809
2822
523800
2822
2800
2818
2753
2772
478900
2772
2755
2758
2726
2739
443900
2739
2731
2737
2709
2731
415700
2731
2649
2700
2649
2679
938900
2679
2660
2726
2653
2722
966000
2722
2728
2833
2721
2828
1048100
2828
2788
2801
2737
2754
745600
2754
2813
2888
2813
2864
1357100
2864
2900
2963
2868
2940
1363900
2940
2939
2979
2937
2955
931100
2955
2928
2994
2896
2983
1109200
2983
2996
3100
2991
3085
1244800
3085
3110
3160
3105
3135
1139900
3135
3140
3180
3120
3160
985200
3160
3180
3240
3155
3215
1165700
3215
3190
3265
3120
3140
1246300
3140
3160
3165
3065
3090
877600
3090
3085
3145
3060
3135
639800
3135
3165
3180
3080
3115
713200
3115
3115
3175
3110
3170
407100
3170
3185
3200
3145
3150
491000
3150
3145
3195
3125
3185
657400
3185
3145
3150
3075
3115
869400
3115
3130
3205
3130
3180
662400
3180
3195
3195
3135
3155
500000
3155
3130
3145
3075
3085
658600
3085
3085
3140
3075
3125
469800
3125
3130
3160
3090
3155
462500
3155
3130
3195
3125
3165
644200
3165
3120
3150
3115
3135
356400
3135
3130
3130
3085
3110
472300
3110
3075
3100
3065
3080
652700
3080
3045
3095
3040
3045
777400
3045
2825
2995
2821
2935
1505100
2935
2950
2983
2923
2955
572400
2955
2955
2995
2949
2969
542200
2969
2964
3015
2954
3005
475800
3005
3045
3065
3035
3050
416700
3050
3040
3045
2973
2981
482200
2981
2998
3015
2970
2973
340800
2973
2982
2982
2921
2925
581300
2925
2906
2946
2906
2928
351200
2928
2928
2942
2906
2915
305900
2915
2910
2941
2894
2923
456600
2923
2950
3025
2948
2961
811100
2961
2943
2983
2897
2972
574900
2972
2989
2990
2939
2948
320000
2948
2929
2986
2916
2954
387400
2954
2906
2937
2877
2927
565400
2927
2952
2967
2927
2951
731000
2951
2939
2993
2911
2915
567100
2915
2912
2937
2889
2897
465100
2897
2893
2895
2854
2875
613500
2875
2849
2866
2827
2859
500100
2859
2850
2858
2827
2831
433800
2831
2843
2888
2842
2867
925200
2867
2897
2907
2843
2850
513000
2850
2884
2893
2856
2875
635400
2875
2877
2912
2877
2910
362900
2910
2894
2913
2853
2899
417700
2899
2943
2948
2899
2902
718500
2902
2905
2919
2866
2869
343200
2869
2836
2836
2760
2764
625200
2764
2776
2811
2763
2804
820700
2804
2781
2826
2781
2793
1057700
2793
2793
2843
2790
2820
1026000
2820
2835
2839
2781
2786
703700
2786
2786
2850
2785
2839
607100
2839
2838
2853
2803
2849
604400
2849
2835
2835
2786
2796
564700
2796
2818
2824
2784
2818
469600
2818
2805
2805
2679
2685
618500
2685
2692
2699
2629
2653
618800
2653
2635
2690
2631
2683
368800
2683
2687
2690
2647
2660
320500
2660
2659
2671
2619
2635
462300
2635
2625
2633
2608
2617
311800
2617
2611
2621
2595
2595
426500
2595
2575
2577
2544
2549
425700
2549
2564
2592
2546
2553
469500
2553
2563
2604
2537
2586
680100
2586
2612
2675
2611
2665
586300
2665
2674
2710
2661
2674
563800
2674
2638
2657
2603
2608
734500
2608
2618
2633
2591
2611
470400
2611
2610
2610
2572
2589
487500
2589
2586
2591
2571
2571
292300
2571
2570
2580
2558
2566
344700
2566
2596
2612
2589
2600
367000
2600
2615
2648
2601
2630
490200
2630
2630
2634
2600
2602
343800
2602
2602
2614
2576
2595
472200
2595
2566
2620
2485
2502
1525700
2502
2495
2564
2491
2556
882300
2556
2598
2663
2569
2650
1210800
2650
2690
2747
2681
2688
1282900
2688
2668
2775
2624
2775
1194400
2775
2783
2820
2763
2776
1078100
2776
2755
2829
2742
2815
702700
2815
2829
2843
2786
2793
745100
2793
2759
2782
2729
2763
592800
2763
2777
2804
2749
2804
522300
2804
2809
2830
2806
2822
453900
2822
2809
2829
2772
2775
613100
2775
2782
2789
2756
2780
329300
2780
2791
2802
2757
2764
348300
2764
2763
2805
2760
2797
423200
2797
2775
2797
2757
2796
319600
2796
2783
2807
2773
2786
456600
2786
2809
2810
2782
2808
183200
2808
2794
2803
2771
2781
413800
2781
2771
2773
2748
2766
551100
2766
2754
2777
2748
2762
363800
2762
2772
2817
2762
2801
812400
2801
2783
2802
2769
2792
535900
2792
2785
2791
2698
2715
690400
2715
2708
2739
2693
2725
371500
2725
2725
2739
2710
2720
388100
2720
2727
2736
2694
2701
635400
2701
2694
2704
2651
2675
404800
2675
2722
2753
2690
2747
1169900
2747
2747
2801
2739
2800
1042300
2800
2800
2848
2798
2842
938700
2842
2859
2889
2810
2842
813700
2842
2892
2892
2820
2832
980500
2832
2857
2882
2825
2876
475100
2876
2887
2898
2855
2884
625100
2884
2899
2941
2879
2930
632700
2930
2971
2999
2964
2988
854200
2988
2968
3025
2952
3020
450700
3020
3015
3060
2996
3050
456000
3050
3015
3045
2986
3000
561600
3000
2993
3045
2972
3010
627800
3010
3020
3070
3000
3000
478900
3000
2994
3000
2961
2985
880200
2985
2992
2997
2924
2942
733000
2942
2942
2942
2868
2906
865100
2906
2911
2937
2875
2895
706900
2895
2914
2923
2844
2879
640500
2879
2879
2928
2873
2896
691300
2896
2855
2872
2815
2862
689400
2862
2824
2901
2818
2895
1004600
2895
2854
2882
2794
2794
618400
2794
2789
2789
2730
2761
728200
2761
2767
2823
2759
2819
398600
2819
2803
2847
2798
2800
442000
2800
2781
2814
2754
2774
348200
2774
2805
2839
2774
2828
482100
2828
2785
2792
2712
2712
400900
2712
2750
2790
2730
2769
496300
2769
2720
2737
2687
2709
500100
2709
2723
2734
2683
2700
571400
2700
2697
2719
2664
2668
339300
2668
2693
2749
2667
2719
1370500
2719
2725
2743
2693
2725
547500
2725
2719
2743
2693
2709
452200
2709
2695
2716
2627
2643
746300
2643
2599
2613
2547
2599
753000
2599
2614
2646
2568
2603
1138100
2603
2653
2855
2650
2766
1765200
2766
2805
2988
2780
2976
1466900
2976
3015
3105
3005
3095
1175800
3095
3070
3110
3045
3055
651800
3055
3030
3075
2990
3060
584200
3060
3060
3095
3015
3055
561400
3055
3000
3050
2976
3040
483400
3040
3035
3065
3000
3050
452200
3050
3060
3095
3045
3080
304300
3080
3060
3160
3050
3150
663300
3150
3170
3185
3115
3175
443500
3175
3165
3180
3135
3175
507000
3175
3205
3255
3170
3220
460300
3220
3185
3205
3145
3165
490000
3165
3185
3215
3180
3200
376600
3200
3200
3200
3120
3125
503600
3125
3155
3210
3115
3205
602900
3205
3275
3300
3185
3195
824900
3195
3160
3180
3125
3135
422200
3135
3115
3255
3110
3250
683100
3250
3220
3240
3155
3190
529900
3190
3195
3265
3150
3255
452400
3255
3195
3225
3145
3160
444200
3160
3155
3205
3085
3195
865600
3195
3190
3270
3160
3260
570400
3260
3270
3280
3225
3255
386600
3255
3230
3270
3190
3205
792000
3205
3170
3210
3140
3200
363700
3200
3150
3170
3095
3125
506500
3125
3080
3130
3070
3100
444300
3100
3075
3100
3025
3055
532600
3055
3025
3045
2952
2974
603000
2974
2914
2933
2861
2886
682500
2886
2894
2967
2842
2880
1187600
2880
2948
3085
2942
3045
1078900
3045
3020
3055
3005
3025
490200
3025
