2065
2099
2065
2099
433000
2099
2105
2136
2102
2131
364900
2131
2138
2145
2123
2137
326600
2137
2121
2155
2120
2150
445000
2150
2134
2151
2123
2136
693600
2136
2120
2133
2096
2099
694200
2099
2091
2096
2042
2050
781600
2050
2044
2050
2029
2045
552900
2045
2027
2029
2011
2012
683500
2012
2036
2037
2004
2006
466800
2006
2019
2059
2015
2058
569000
2058
2057
2063
2047
2059
284300
2059
2063
2066
2044
2060
323500
2060
2061
2076
2056
2071
468900
2071
2071
2073
2059
2062
319000
2062
2068
2077
2052
2059
316700
2059
2048
2058
2035
2053
367500
2053
2103
2120
2076
2080
1268500
2080
2103
2128
2075
2077
767900
2077
2085
2088
2068
2084
280400
2084
2064
2082
2055
2074
470700
2074
2040
2063
2032
2038
610700
2038
1979
1987
1921
1959
962700
1959
1999
2008
1900
1982
1454700
1982
1982
2050
1973
2036
1400500
2036
1986
2013
1948
2013
1026100
2013
2035
2062
2020
2040
802000
2040
2046
2075
2045
2058
738800
2058
2068
2080
2051
2061
443000
2061
2062
2074
2047
2059
387100
2059
2059
2075
2048
2074
538000
2074
2075
2095
2069
2080
393600
2080
2087
2098
2060
2069
281900
2069
2044
2059
2032
2046
334900
2046
2048
2080
2048
2072
256800
2072
2087
2093
2074
2088
217700
2088
2098
2118
2088
2093
318300
2093
2097
2143
2097
2107
614700
2107
2100
2106
2070
2074
349500
2074
2048
2053
2024
2039
376400
2039
2029
2038
2012
2031
293500
2031
2052
2073
2043
2046
398600
2046
2041
2075
2035
2061
398800
2061
2075
2076
2051
2057
335100
2057
2076
2104
2058
2071
471000
2071
2098
2109
2084
2096
260200
2096
2130
2193
2127
2192
1196700
2192
2190
2249
2180
2242
826600
2242
2226
2226
2188
2210
435400
2210
2210
2234
2185
2223
502600
2223
2193
2197
2170
2190
334200
2190
2166
2177
2158
2174
350300
2174
2158
2168
2131
2154
399900
2154
2117
2124
2081
2091
457400
2091
2074
2090
2050
2090
393100
2090
2118
2153
2118
2134
553300
2134
2083
2092
2051
2080
532900
2080
2092
2094
2058
2079
471700
2079
2100
2103
2069
2099
501600
2099
2092
2101
2076
2078
240100
2078
2058
2091
2038
2079
353800
2079
2071
2090
2055
2077
302900
2077
2077
2109
2070
2090
341900
2090
2091
2116
2089
2099
247800
2099
2098
2108
2085
2103
181500
2103
2093
2112
2084
2106
255500
2106
2095
2115
2085
2104
251400
2104
2104
2105
2087
2092
164700
2092
2091
2112
2086
2101
210500
2101
2104
2129
2097
2128
178100
2128
2130
2133
2114
2117
131500
2117
2130
2140
2116
2134
187500
2134
2148
2161
2140
2143
193700
2143
2134
2152
2119
2146
212400
2146
2146
2162
2133
2143
173600
2143
2148
2148
2122
2142
280500
2142
2125
2150
2119
2146
215800
2146
2090
2111
2066
2108
698400
2108
2111
2139
2105
2134
394400
2134
2118
2136
2104
2127
298500
2127
2150
2164
2126
2136
369500
2136
2123
2123
2093
2114
231200
2114
2108
2138
2094
2112
261800
2112
2114
2114
2078
2079
293900
2079
2079
2102
2024
2034
659500
2034
2034
2036
1956
1983
874500
1983
1975
1983
1944
1957
608700
1957
1965
1992
1955
1987
585100
1987
1987
1987
1954
1978
382300
1978
1990
1991
1975
1982
340500
1982
1987
1987
1973
1982
269200
1982
1983
1986
1972
1979
247400
1979
1987
1992
1980
1984
285600
1984
1972
1972
1945
1960
591900
1960
1955
1957
1919
1929
402300
1929
1922
1922
1901
1908
380400
1908
1924
1924
1882
1889
379000
1889
1882
1885
1856
1861
333200
1861
1831
1845
1815
1840
535300
1840
1832
1832
1790
1809
801400
1809
1803
1815
1799
1805
478800
1805
1810
1833
1808
1821
453000
1821
1840
1840
1815
1823
350100
1823
1820
1850
1817
1845
304100
1845
1843
1845
1825
1835
438000
1835
1828
1837
1814
1815
454900
1815
1815
1834
1805
1828
371400
1828
1844
1852
1836
1847
439000
1847
1851
1865
1842
1857
343100
1857
1861
1875
1850
1851
512100
1851
1864
1864
1840
1843
395200
1843
1848
1855
1816
1825
307200
1825
1818
1836
1799
1799
388200
1799
1798
1820
1788
1816
419500
1816
1816
1837
1806
1811
271000
1811
1800
1816
1789
1805
519600
1805
1820
1834
1809
1813
421100
1813
1813
1827
1792
1825
421400
1825
1832
1849
1818
1831
415600
1831
1831
1847
1822
1834
425900
1834
1831
1849
1827
1843
277900
1843
1842
1842
1783
1787
461500
1787
1787
1790
1745
1767
428600
1767
1761
1774
1753
1765
344500
1765
1760
1771
1753
1764
307600
1764
1779
1801
1775
1786
399600
1786
1793
1823
1787
1800
492300
1800
1811
1831
1807
1820
428200
1820
1785
1790
1754
1765
410500
1765
1768
1771
1748
1758
421700
1758
1780
1815
1779
1801
429700
1801
1796
1831
1794
1825
304600
1825
1849
1869
1845
1856
425400
1856
1845
1851
1832
1834
201700
1834
1845
1852
1828
1844
384300
1844
1835
1859
1828
1853
339700
1853
1870
1875
1847
1850
185300
1850
1866
1866
1839
1846
219200
1846
1855
1871
1854
1865
284700
1865
1871
1877
1855
1871
254400
1871
1860
1890
1849
1885
326600
1885
1890
1896
1872
1888
318100
1888
1876
1876
1853
1865
411200
1865
1843
1843
1799
1810
742600
1810
1803
1803
1776
1790
553900
1790
1773
1915
1757
1908
1380200
1908
1907
1956
1899
1955
1054300
1955
1957
1983
1936
1957
597700
1957
1968
1985
1958
1982
392400
1982
1975
1978
1939
1940
561100
1940
1908
1920
1893
1898
444500
1898
1906
1957
1898
1952
479400
1952
1937
1943
1921
1937
306900
1937
1917
1919
1887
1891
478400
1891
1896
1896
1864
1876
390300
1876
1872
1885
1860
1870
333400
1870
1851
1879
1850
1853
346200
1853
1842
1870
1835
1861
365400
1861
1836
1877
1831
1875
493400
1875
1895
1910
1890
1904
315500
1904
1930
1980
1924
1968
499200
1968
1987
1987
1976
1976
386400
1976
1980
1999
1977
1983
499700
1983
2000
2013
1994
2003
501700
2003
2001
2040
1989
2028
764600
2028
2032
2032
1993
2003
349400
2003
2006
2017
1996
2009
302400
2009
1998
2008
1981
1998
364000
1998
1988
2001
1944
1949
581800
1949
1916
1928
1868
1889
701900
1889
1877
1898
1864
1883
565800
1883
1878
1884
1832
1845
488700
1845
1854
1861
1808
1821
371900
1821
1821
1851
1821
1848
470500
1848
1872
1876
1844
1854
520800
1854
1836
1857
1821
1855
540600
1855
1880
1901
1868
1886
520700
1886
1895
1896
1866
1880
393400
1880
1900
1903
1886
1890
509300
1890
1877
1900
1855
1900
593300
1900
1900
1910
1881
1903
294000
1903
1902
1927
1897
1907
452500
1907
1920
1965
1916
1928
431700
1928
1925
1934
1903
1921
282100
1921
1930
1956
1924
1941
707500
1941
1938
1952
1915
1919
382200
1919
1930
1932
1908
1910
353200
1910
1901
1915
1888
1903
420300
1903
1875
1875
1836
1842
506000
1842
1830
1845
1811
1812
600100
1812
1765
1782
1763
1773
564500
1773
1743
1749
1722
1735
737600
1735
1730
1730
1701
1704
503300
1704
1700
1706
1682
1695
466900
1695
1715
1721
1701
1716
299300
1716
1740
1744
1705
1712
444600
1712
1702
1709
1686
1706
541800
1706
1689
1702
1676
1695
375200
1695
1681
1685
1656
1657
464700
1657
1674
1674
1632
1645
404100
1645
1616
1628
1604
1606
472700
1606
1616
1623
1579
1589
608100
1589
1604
1620
1582
1593
351300
1593
1585
1614
1583
1593
983300
1593
1604
1618
1597
1606
815800
1606
1606
1628
1606
1614
604600
1614
1620
1671
1611
1663
631100
1663
1651
1660
1635
1643
398300
1643
1638
1649
1621
1622
524200
1622
1622
1647
1598
1602
712500
1602
1613
1635
1562
1570
1442700
1570
1580
1689
1575
1675
1706300
1675
1675
1675
1610
1611
1362400
1611
1580
1637
1577
1631
785900
1631
1617
1624
1578
1582
627200
1582
1585
1609
1583
1608
606500
1608
1623
1637
1600
1601
422800
1601
1581
1589
1557
1569
667100
1569
1563
1577
1557
1572
447600
1572
1562
1583
1546
1580
542600
1580
1590
1596
1575
1590
288300
1590
1582
1599
1572
1593
309700
1593
1583
1597
1579
1594
329300
1594
1608
1643
1608
1635
615800
1635
1641
1661
1634
1650
637100
1650
1649
1651
1630
1643
329700
1643
1657
1663
1643
1651
313200
1651
1650
1684
1638
1639
693100
1639
1612
1634
1610
1625
277500
1625
1629
1647
1614
1621
459400
1621
1605
1612
1562
1566
697800
1566
1575
1578
1552
1558
469900
1558
1558
1561
1543
1558
442900
1558
1562
1587
1558
1579
355000
1579
1599
1626
1592
1611
519700
1611
1602
1605
1577
1588
407200
1588
1593
1608
1583
1587
285200
1587
1565
1565
1544
1554
418000
1554
1551
1572
1540
1554
336700
1554
1550
1567
1510
1517
454000
1517
1505
1507
1464
1480
465000
1480
1420
1420
1386
1397
447800
1397
1400
1431
1400
1425
364400
1425
1480
1500
1470
1490
397400
1490
1481
1516
1481
1499
386500
1499
