826
834
823
832
3652600
832
835
838
819
826
3369100
826
835
854
835
853
4126500
853
850
866
849
863
3247900
863
869
890
869
890
4669800
890
875
877
846
850
6170400
850
851
882
847
880
3675500
880
884
888
872
881
3091100
881
874
882
865
873
2270200
873
879
879
860
863
2631900
863
865
877
865
873
1770300
873
873
879
866
875
1766000
875
884
890
883
887
2110700
887
890
914
889
901
4227400
901
890
899
882
885
2811800
885
889
890
878
879
2686700
879
881
887
875
877
2038400
877
875
882
869
871
2708900
871
865
874
860
860
2591200
860
867
882
867
875
2442600
875
865
870
850
865
2502400
865
850
852
834
836
2435700
836
805
814
777
801
4614000
801
813
830
788
790
5004000
790
795
802
787
793
2882600
793
766
781
766
776
3473300
776
788
794
775
777
2705400
777
778
783
766
772
2765300
772
781
786
776
779
2197200
779
790
800
785
792
2223700
792
802
813
797
812
1931700
812
808
811
801
809
1491600
809
811
823
810
816
2295700
816
813
814
801
805
2338200
805
813
818
809
816
1458200
816
823
823
813
817
1429800
817
820
820
810
813
1784900
813
809
810
792
792
2453700
792
789
790
777
781
2504300
781
766
782
765
777
2162400
777
769
769
758
762
1032200
762
771
777
761
764
1473700
764
756
768
753
762
1829600
762
769
770
758
762
1476700
762
769
784
763
766
2941100
766
776
778
767
775
1171400
775
769
779
768
778
1042400
778
772
780
772
774
1407300
774
773
779
764
778
1512400
778
777
785
774
780
2137700
780
775
778
765
769
1354000
769
760
772
759
772
1107500
772
773
780
765
780
1394500
780
760
769
749
752
2610000
752
745
747
735
743
2209100
743
743
772
742
768
2390600
768
751
758
743
750
2141700
750
760
763
750
757
1895500
757
768
778
766
775
2084800
775
770
776
764
764
1333700
764
749
751
743
750
1951600
750
752
759
745
756
1292800
756
766
780
761
777
1831000
777
770
776
762
763
2105900
763
763
769
756
764
2088000
764
790
795
781
783
4712100
783
781
782
750
752
4003200
752
755
763
752
757
3107600
757
764
769
754
760
5157900
760
769
784
768
776
2854300
776
777
788
775
778
2334500
778
788
805
787
802
3776400
802
807
818
806
807
3298000
807
810
820
807
819
2595800
819
822
824
818
822
1401300
822
837
843
830
834
2486400
834
828
843
822
842
1715000
842
842
845
838
841
1442900
841
848
864
845
862
3051800
862
860
878
856
873
2046900
873
875
876
861
865
1932000
865
865
871
860
865
2143600
865
868
870
849
854
2735800
854
843
852
841
848
1972400
848
833
853
833
849
1904200
849
858
862
853
860
1596600
860
859
859
840
840
2054200
840
834
837
826
827
2013400
827
827
832
820
823
1182600
823
822
823
816
818
1553000
818
821
824
817
820
1294100
820
816
816
808
808
997000
808
811
812
804
807
1272300
807
811
814
796
802
1877400
802
788
790
773
776
3606500
776
770
778
763
772
2471800
772
781
789
778
788
2306800
788
793
802
789
799
2984100
799
786
795
782
793
2605200
793
807
812
800
804
2885400
804
796
798
787
789
2105600
789
800
807
796
800
1285700
800
802
803
786
793
1837600
793
798
812
798
807
1654200
807
812
818
810
817
2073900
817
820
826
809
809
2598200
809
804
812
798
809
1050000
809
815
815
805
806
1584900
806
802
822
802
819
1179700
819
815
817
795
796
2098400
796
798
802
787
801
2769000
801
798
801
788
800
1469200
800
796
802
792
793
2108000
793
792
802
783
801
2079600
801
789
799
785
796
2002300
796
791
794
786
789
1538600
789
790
791
777
778
1395900
778
766
786
764
784
1600900
784
787
791
771
783
1635500
783
784
784
775
780
2135400
780
781
783
772
782
2234300
782
776
777
763
765
1876500
765
758
758
740
747
2906500
747
739
753
738
748
1563500
748
750
752
736
740
1674200
740
739
744
734
738
2334000
738
738
744
733
739
1219300
739
747
751
744
744
1946200
744
739
739
729
730
2016100
730
730
732
723
727
2634500
727
730
736
728
731
1812100
731
731
745
730
739
2085200
739
746
750
736
737
1974600
737
739
745
736
741
2026500
741
741
746
731
732
2158900
732
728
737
727
734
1649700
734
739
748
734
744
1421500
744
750
753
745
746
1156400
746
758
770
755
768
1866100
768
774
776
767
773
1558900
773
774
782
770
773
1737900
773
768
768
751
758
2771700
758
755
757
741
743
1697700
743
733
742
729
733
2257300
733
721
723
701
720
3848100
720
722
750
721
748
3186000
748
750
755
742
754
1549200
754
751
757
744
745
1958800
745
736
736
725
728
2071200
728
729
729
711
712
1969700
712
705
712
693
697
2570500
697
704
718
702
716
1703600
716
720
720
706
709
1517300
709
706
717
705
714
2240900
714
722
724
717
721
1506300
721
726
729
720
727
1097000
727
725
732
722
726
1320600
726
728
730
717
730
2703200
730
755
757
737
746
2731800
746
752
752
740
743
1940300
743
746
757
742
755
1911000
755
765
768
758
758
1706900
758
760
771
759
767
1760800
767
767
768
752
755
2204000
755
753
764
753
757
2047000
757
754
755
739
740
1455900
740
738
744
735
741
1708100
741
735
738
730
732
2084100
732
727
730
722
726
1870100
726
720
726
716
721
2327700
721
718
733
717
726
1880500
726
730
735
725
727
1685700
727
725
727
715
723
2374100
723
725
741
724
739
1680100
739
744
754
742
746
2687300
746
744
778
744
774
2742600
774
787
790
780
788
2867100
788
792
797
783
794
2453900
794
800
809
797
804
3172700
804
810
811
797
803
2455300
803
792
800
786
800
2052800
800
797
803
788
790
2133600
790
797
801
791
792
2001100
792
789
794
781
787
1951800
787
787
791
779
781
2226800
781
781
785
774
778
1592600
778
688
698
682
690
11684500
690
688
690
670
675
6216500
675
671
683
670
674
3833400
674
674
681
674
679
2887500
679
660
667
656
660
4739100
660
653
655
641
650
5459300
650
650
650
640
643
3342400
643
645
652
645
647
3175700
647
653
657
649
652
4026100
652
652
668
652
664
5508500
664
656
658
647
657
6799800
657
651
658
642
649
18168300
649
645
651
638
641
21712100
641
640
650
636
645
12515700
645
633
635
625
627
10888000
627
631
647
627
638
13407100
638
644
660
642
657
17277400
657
647
650
622
630
44201000
630
632
639
627
636
8310800
636
633
647
633
646
5615700
646
650
651
639
644
4897500
644
635
643
633
638
4146900
638
638
646
638
646
3803600
646
650
657
643
647
6067700
647
655
656
641
644
4655300
644
651
658
632
634
5868400
634
629
636
628
630
3655800
630
623
628
618
621
5454900
621
620
621
607
611
4884800
611
602
611
602
610
4067600
610
607
614
605
609
3003000
609
610
614
603
607
2690400
607
607
617
606
613
2648300
613
605
610
600
603
3129100
603
609
622
606
621
3760000
621
622
630
616
622
2755500
622
626
636
622
628
2716100
628
632
640
628
629
3172700
629
631
640
631
638
2622800
638
635
638
630
637
5340700
637
641
641
634
639
2644200
639
635
637
616
617
3458200
617
610
616
607
614
3674400
614
611
617
606
610
2967300
610
606
615
601
613
4399400
613
603
615
602
603
3334400
603
608
610
600
603
3233300
603
603
616
601
613
5073800
613
614
616
606
607
3026100
607
602
611
590
590
5854200
590
585
595
584
588
4133900
588
580
580
565
569
5107600
569
569
569
554
563
4174800
563
557
558
544
548
5712900
548
541
543
526
527
6443700
527
511
513
501
506
5003500
506
516
523
508
518
5881000
518
538
547
533
541
4918000
541
538
545
537
542
3773700
542
