4710
4760
4696
4760
2149900
4760
4759
4782
4729
4773
1811800
4773
4800
4827
4768
4770
2410800
4770
4800
4815
4760
4766
1458300
4766
4745
4753
4630
4652
3097500
4652
4650
4652
4562
4586
3514000
4586
4600
4603
4556
4561
1954000
4561
4563
4590
4561
4579
1164700
4579
4550
4581
4536
4577
2593400
4577
4575
4575
4524
4546
3409600
4546
4549
4566
4528
4538
2131400
4538
4550
4578
4538
4575
2539900
4575
4563
4570
4533
4568
2449800
4568
4573
4645
4564
4634
3452100
4634
4634
4658
4615
4634
2226500
4634
4648
4664
4622
4622
2099600
4622
4592
4616
4577
4583
1622600
4583
4580
4596
4522
4535
2022800
4535
4545
4558
4485
4486
2940400
4486
4492
4575
4492
4570
2399900
4570
4541
4578
4531
4567
1478400
4567
4522
4564
4509
4518
2211600
4518
4421
4435
4313
4397
4653300
4397
4451
4527
4451
4455
4069900
4455
4472
4499
4446
4483
2268900
4483
4413
4430
4358
4412
3490600
4412
4430
4496
4397
4444
3194800
4444
4456
4462
4387
4430
2379500
4430
4518
4519
4423
4432
2157500
4432
4432
4446
4411
4424
2012100
4424
4468
4491
4436
4464
1531100
4464
4482
4535
4471
4500
2113300
4500
4519
4525
4477
4488
2482900
4488
4490
4510
4477
4504
2807600
4504
4508
4508
4407
4433
3820300
4433
4416
4459
4411
4448
2081300
4448
4450
4467
4428
4444
1797900
4444
4480
4521
4461
4461
2881100
4461
4409
4411
4366
4381
2536500
4381
4338
4353
4275
4309
3193700
4309
4311
4342
4301
4332
1397900
4332
4379
4387
4331
4336
2160500
4336
4314
4379
4313
4342
2275100
4342
4375
4381
4343
4362
1925100
4362
4419
4434
4348
4375
3590800
4375
4445
4466
4418
4460
2259000
4460
4467
4487
4457
4481
1527100
4481
4480
4480
4437
4455
2056700
4455
4400
4454
4381
4451
2335600
4451
4438
4476
4435
4467
2552700
4467
4466
4500
4463
4494
1993100
4494
4474
4500
4441
4472
1898800
4472
4424
4482
4421
4480
2897400
4480
4412
4446
4356
4369
3401200
4369
4332
4373
4324
4373
2754300
4373
4427
4511
4402
4500
4182000
4500
4448
4470
4373
4466
3559900
4466
4499
4551
4487
4532
3057100
4532
4542
4580
4518
4564
2318200
4564
4568
4585
4542
4543
1767900
4543
4534
4556
4512
4542
1746400
4542
4548
4588
4542
4568
2568000
4568
4611
4640
4599
4624
2999700
4624
4720
4817
4711
4780
4581400
4780
4804
4852
4774
4775
3599300
4775
4774
4806
4736
4764
3125100
4764
4750
4750
4664
4700
2301000
4700
4701
4719
4673
4700
1881700
4700
4723
4728
4673
4684
1716300
4684
4716
4762
4703
4751
2210500
4751
4736
4781
4728
4757
1953500
4757
4762
4805
4756
4796
2568700
4796
4796
4806
4770
4775
1949600
4775
4775
4790
4747
4760
2123100
4760
4752
4776
4737
4741
1133500
4741
4800
4800
4751
4800
1635100
4800
4777
4801
4751
4780
2047200
4780
4799
4800
4746
4762
2370700
4762
4781
4813
4771
4805
2629800
4805
4850
4857
4789
4810
2029400
4810
4800
4800
4756
4774
1801600
4774
4800
4805
4775
4795
1585100
4795
4800
4807
4787
4800
2038500
4800
4817
4825
4774
4780
2000200
4780
4800
4801
4742
4762
1434500
4762
4780
4815
4771
4806
1654800
4806
4800
4849
4795
4839
1911100
4839
4855
4865
4843
4854
1513600
4854
4865
4888
4840
4848
1351300
4848
4876
4876
4804
4809
1617100
4809
4823
4825
4777
4822
1532800
4822
4827
4868
4825
4836
1472000
4836
4821
4845
4794
4827
1314700
4827
4890
4926
4843
4874
2669200
4874
4874
4919
4844
4860
1787800
4860
4907
4935
4889
4901
1870200
4901
4908
4922
4861
4871
1243800
4871
4875
4914
4872
4894
1473300
4894
4825
4866
4809
4821
1822500
4821
4842
4870
4806
4821
3394600
4821
4811
4850
4792
4792
2040400
4792
4801
4868
4784
4851
1350700
4851
4860
4874
4843
4874
1238400
4874
4880
4915
4851
4897
1474700
4897
4900
4904
4865
4878
1525800
4878
4888
4967
4882
4908
3376000
4908
4945
5067
4943
5053
2179200
5053
5050
5067
5004
5036
2296500
5036
5001
5058
4982
4988
1793600
4988
4971
4984
4926
4947
1877600
4947
4969
4991
4937
4946
1913100
4946
4928
4944
4872
4890
1346000
4890
4874
4885
4812
4812
1756000
4812
4851
4885
4815
4862
1617200
4862
4825
4878
4824
4842
1559600
4842
4813
4833
4781
4820
1770200
4820
4845
4849
4771
4780
1577700
4780
4800
4849
4765
4843
1731500
4843
4850
4875
4828
4866
1419900
4866
4867
4881
4788
4817
1892600
4817
4855
4855
4804
4831
1771400
4831
4788
4803
4675
4686
1563600
4686
4691
4693
4603
4633
2162800
4633
4651
4710
4651
4682
1656700
4682
4653
4663
4585
4621
1551200
4621
4761
4766
4562
4566
3426900
4566
4521
4551
4467
4500
2671100
4500
4566
4566
4503
4504
1989800
4504
4500
4517
4489
4495
2574400
4495
4496
4529
4492
4500
1702400
4500
4526
4529
4493
4514
1675000
4514
4555
4635
4521
4623
2385100
4623
4700
4712
4625
4638
1451400
4638
4672
4672
4593
4593
1378400
4593
4621
4629
4585
4627
1320400
4627
4570
4618
4570
4595
1000100
4595
4602
4615
4578
4581
1031100
4581
4594
4620
4563
4565
1122200
4565
4593
4638
4577
4607
1320200
4607
4610
4632
4599
4628
1245200
4628
4600
4612
4585
4595
820900
4595
4582
4587
4536
4555
1646600
4555
4535
4550
4502
4532
1700900
4532
4534
4554
4497
4504
1277500
4504
4538
4543
4495
4503
1083200
4503
4523
4542
4497
4505
812400
4505
4523
4550
4510
4542
894400
4542
4610
4610
4536
4536
1171000
4536
4555
4568
4532
4549
1012800
4549
4572
4597
4521
4526
1403200
4526
4521
4532
4492
4497
1531200
4497
4536
4549
4500
4548
1280000
4548
4587
4591
4539
4561
1476100
4561
4559
4577
4504
4549
2128900
4549
4575
4609
4565
4608
1751400
4608
4608
4625
4573
4613
1470000
4613
4614
4623
4556
4560
1956000
4560
4551
4555
4500
4516
1444900
4516
4542
4553
4520
4527
1087600
4527
4532
4553
4513
4552
1220200
4552
4568
4606
4557
4597
1113600
4597
4605
4611
4573
4577
1573900
4577
4535
4579
4531
4557
1670200
4557
4570
4595
4531
4543
1902100
4543
4523
4538
4496
4525
1451100
4525
4530
4567
4530
4562
839000
4562
4549
4557
4522
4542
942500
4542
4533
4548
4492
4499
1677200
4499
4508
4522
4486
4500
1269700
4500
4500
4558
4498
4553
1362000
4553
4570
4577
4550
4567
1321600
4567
4608
4639
4595
4634
1832400
4634
4646
4759
4629
4755
2855200
4755
4810
4913
4807
4909
2603500
4909
4923
5009
4910
4980
4162700
4980
4950
5037
4937
5000
3266200
5000
5011
5100
5006
5100
3451200
5100
5042
5083
5017
5017
3071300
5017
5027
5097
5018
5072
4144300
5072
5038
5087
5029
5050
2641300
5050
5051
5088
5040
5085
2374900
5085
5046
5134
5023
5087
2364900
5087
5080
5101
5055
5060
2556700
5060
5041
5104
5007
5071
2006400
5071
5095
5148
5073
5112
3163200
5112
5100
5120
5069
5091
2189300
5091
5100
5177
5094
5130
3484500
5130
5122
5203
5114
5114
2900700
5114
5125
5139
5069
5088
2427100
5088
5084
5106
5056
5079
2516600
5079
5011
5036
4938
4940
3424600
4940
4895
4954
4840
4848
3423100
4848
4820
4863
4784
4784
2346500
4784
4786
4829
4733
4778
2152200
4778
4807
4822
4755
4775
2212700
4775
4809
4843
4794
4807
2214400
4807
4778
4846
4777
4844
2382800
4844
4840
4856
4798
4836
1318100
4836
4826
4832
4740
4741
2181400
4741
4795
4839
4777
4810
1699200
4810
4740
4858
4732
4797
2843700
4797
4834
4843
4743
4766
2997300
4766
4800
4893
4786
4808
2366200
4808
4830
4933
4822
4869
2708400
4869
4879
4902
4826
4893
2551000
4893
4936
4977
4914
4932
2675500
4932
4932
4942
4824
4917
2740200
4917
4891
4898
4805
4834
2324800
4834
4865
4986
4865
4986
1685600
4986
5000
5029
4909
4928
1976700
4928
4972
5048
4959
5047
2385200
5047
5038
5052
4997
5008
1492500
5008
5008
5044
4993
5030
1605500
5030
5000
5010
4896
4944
1874100
4944
4939
5006
4915
4982
1978300
4982
4994
5007
4927
5005
1388100
5005
4998
5034
4955
5001
1542300
5001
5015
5031
4978
4985
1451200
4985
4915
5017
4915
4973
1435800
4973
4950
4957
4921
4941
1722600
4941
4940
4992
4937
4989
1397200
4989
5027
5089
4984
5012
2181700
5012
4984
4998
4929
4950
2146700
4950
4950
4976
4920
4920
2365300
4920
4888
4903
4776
4832
2919600
4832
4835
4947
4762
4943
5273200
4943
4973
4980
4875
4881
2098800
4881
4899
4912
4786
4786
2128700
4786
4727
4804
4716
4793
1407900
4793
4767
4836
4764
4825
2275500
4825
4857
4925
4828
4910
2631000
4910
4904
4914
4827
4867
2226700
4867
4918
4947
4898
4933
2524100
4933
4983
4996
4871
4919
3213600
4919
4930
4950
4882
4905
2275100
4905
4884
4928
4858
4873
3593100
4873
4921
4962
4890
4923
2610000
4923
4904
4935
4853
4888
3297400
4888
4896
4903
4820
4853
2117300
4853
4861
4908
4798
4836
3044100
4836
4779
4791
4714
4764
4583000
4764
4750
4761
4530
4588
2449700
4588
4593
4712
4582
4654
2220000
4654
4734
4881
4714
4851
3276600
4851
4828
4830
4727
4783
1640300
4783
