1074.5
1094
1074
1094
6985400
1094
1096
1099.5
1091.5
1097
4591200
1097
1105.5
1126
1104.5
1120
9251300
1120
1124
1137
1118
1125.5
6821400
1125.5
1120
1122.5
1112
1119.5
4316700
1119.5
1125
1133
1119
1123.5
5114400
1123.5
1132
1135
1124.5
1126.5
4399800
1126.5
1126
1129
1116
1125
3562500
1125
1116
1124
1112.5
1122
4039400
1122
1129
1131
1103.5
1107.5
7016400
1107.5
1116.5
1121.5
1110.5
1114.5
3847900
1114.5
1128
1129.5
1116
1122.5
3926200
1122.5
1120
1127
1113.5
1126.5
5025500
1126.5
1124.5
1127
1115.5
1120
4082400
1120
1111
1112
1102.5
1103.5
4593300
1103.5
1111.5
1127
1108
1124
7745200
1124
1124
1125
1112
1119.5
4474600
1119.5
1120.5
1125
1103
1106.5
5022600
1106.5
1104.5
1106.5
1085
1085
7449700
1085
1090
1105.5
1088
1104.5
4130400
1104.5
1098
1102
1085
1089.5
4308200
1089.5
1071
1076.5
1057.5
1059.5
5785000
1059.5
1012
1030.5
1003.5
1018.5
12744800
1018.5
1043
1050
1008.5
1009
9612800
1009
1020
1027.5
1009.5
1022.5
5455500
1022.5
1001.5
1032
1000
1023
9479600
1023
1080
1094
1059.5
1062
13349800
1062
1081
1091
1072.5
1083
9370200
1083
1074
1087
1073.5
1076.5
4133800
1076.5
1079
1089.5
1072
1085.5
4123900
1085.5
1100
1109.5
1097.5
1109.5
4623600
1109.5
1103.5
1110
1092.5
1095
4345800
1095
1095.5
1106.5
1092.5
1100
5578200
1100
1108.5
1113.5
1085.5
1089
4552900
1089
1091
1094
1082
1094
2669700
1094
1105
1107.5
1093.5
1100.5
2954100
1100.5
1110
1114.5
1100
1105
3399900
1105
1094
1105
1086
1086
5983600
1086
1070
1075.5
1061
1063.5
5385100
1063.5
1041
1049
1034.5
1043
5244200
1043
1036
1042.5
1028.5
1039
3091800
1039
1057
1058.5
1039
1041.5
4633600
1041.5
1032
1048
1030.5
1033
3924400
1033
1052
1056
1033
1035.5
3286900
1035.5
1041.5
1057
1035.5
1042.5
6590800
1042.5
1061.5
1064
1051.5
1059.5
3771700
1059.5
1051
1061.5
1047
1061.5
3002100
1061.5
1063.5
1066.5
1056
1060
2677600
1060
1049.5
1051.5
1034
1041.5
5161600
1041.5
1045
1048.5
1026.5
1026.5
5964900
1026.5
1030.5
1037
1021
1026.5
3527500
1026.5
1018
1018.5
1010.5
1017.5
4302300
1017.5
1012
1017
1002.5
1013.5
5954900
1013.5
999.2
999.3
984.3
986.5
7090300
986.5
980
990.9
974
990.9
6281700
990.9
997.4
1021
997.4
1021
5967400
1021
1010
1013.5
1000
1012
5907800
1012
1017
1020.5
990.7
1001
5329700
1001
1011
1012.5
1000
1006.5
3059800
1006.5
1004.5
1010.5
995.6
995.8
3264400
995.8
990
992.3
981.4
986.5
5846000
986.5
987
987.4
972.4
977.1
6141000
977.1
981.8
983.2
975
979.3
6440900
979.3
975
981.4
973.1
974.6
5512300
974.6
973
986.6
971
982.9
3638300
982.9
981.4
987.8
972.1
985.2
4629900
985.2
987.9
996.8
986.5
992
2989500
992
994.3
996.1
989.4
992.6
2614500
992.6
999.9
1008
996.7
1005.5
3659500
1005.5
1008.5
1013
1002.5
1010.5
2884600
1010.5
1010
1011.5
1000.5
1001
2844900
1001
1001.5
1011
1001.5
1007.5
3601900
1007.5
1015
1028.5
1014.5
1025.5
4399300
1025.5
1020.5
1024
1013
1022.5
3087300
1022.5
1024
1028
1017.5
1023
2635300
1023
1031
1033
1020
1030.5
2853800
1030.5
1025.5
1026
1014
1023.5
2716800
1023.5
1035
1035
1023
1024.5
3650100
1024.5
1033.5
1035.5
1019
1022
3621900
1022
1020
1021
1005.5
1012
3210700
1012
1010
1018
1005.5
1010.5
2886600
1010.5
1017
1017
999
1001.5
3960500
1001.5
1000
1011
999.4
1003.5
4131800
1003.5
1012.5
1015.5
991.1
994.4
5120600
994.4
991
1008.5
927.2
943
18395700
943
950
950.1
919
933.8
14157100
933.8
936.9
937
922.4
927.9
9185800
927.9
934.8
950.7
927.6
948.8
8951800
948.8
940.1
945.1
934.1
935.6
5600400
935.6
941.3
954.8
939.2
951.2
6385200
951.2
954
956.9
950.2
953.6
3652900
953.6
953
953.6
947.3
947.7
4820300
947.7
948
948
940.1
941.5
4630100
941.5
934
937.8
927.2
930.3
6162300
930.3
925
926.9
910.6
911
8979100
911
910
917.2
906.2
908
5702100
908
915
920.4
913.5
918
4471000
918
915.1
915.8
904
908
5444900
908
897.9
899.7
891.6
892.7
9451400
892.7
896.5
896.5
885
890.9
19255200
890.9
895.4
908.8
893
901.2
6122400
901.2
908.1
915.5
906.2
915
4421500
915
918.5
923.2
910.5
911.8
5877600
911.8
909
919.3
908
912
4209500
912
917
920.6
910.7
912.2
5291900
912.2
908.4
911.8
900.1
902.8
6472200
902.8
908.1
913.7
905.6
909.8
3111800
909.8
917
917
907.2
910.1
5094800
910.1
912.8
915.8
907.6
909.7
5486900
909.7
907
907
890.7
891
9948500
891
890
891.4
875.4
887.8
12473800
887.8
889.9
889.9
873.5
875.4
7037700
875.4
872
877.5
864.8
864.8
7808300
864.8
865
873.4
860
872.2
5234700
872.2
873.5
882.4
873.1
876.1
4679100
876.1
870
872.2
863.3
871
4109300
871
865
867.4
858.3
861.2
5397800
861.2
862
873.6
857.3
871.1
6134000
871.1
877
878.4
851.4
852.7
8190600
852.7
852.1
864.2
847.8
862.8
6718700
862.8
867
874
863.1
874
5795000
874
871
879.7
862.8
863
4604400
863
863.1
864.7
846.2
851.1
5546900
851.1
849.1
855.9
846.9
850.4
4317300
850.4
850.4
855
848.9
853
4084000
853
861.6
870
861.6
865.8
4809400
865.8
866.4
870.9
862.1
862.2
4852400
862.2
868.5
877.1
866.6
871.6
4731400
871.6
863.7
864.5
849.7
856.7
3705800
856.7
857.7
863.2
849.4
850
3935000
850
857.9
871
854.8
867.4
3976500
867.4
876.7
882.1
873
879.6
4541600
879.6
885
885
871.5
872.8
3828900
872.8
869.8
875.9
864.2
873.6
2770000
873.6
883
885.5
876.8
883.6
4602600
883.6
879.5
879.5
867
870.8
5051600
870.8
874
881.8
873.4
876
2322200
876
883.5
884.8
875.1
881.7
4233900
881.7
886.8
893.2
881.1
888
4075700
888
883.9
884.8
877.7
882
4856200
882
885
897.5
885
894.5
4049300
894.5
879.5
888.3
865.2
865.9
9674000
865.9
865
874.3
858
874.1
7093200
874.1
871
880.5
868
869.5
5301800
869.5
865
869.4
862.3
863
4033900
863
867
876
847.6
849.5
7470500
849.5
850
850.4
841.3
845
6823400
845
844
844.6
829.4
830
10066500
830
822.3
829.4
818.8
825.6
8348400
825.6
827.1
833.5
814.9
815.5
8422600
815.5
810.1
813.6
792.5
794.4
9089600
794.4
798.9
812
796.2
811.8
6143400
811.8
810.4
814.4
799.6
802
6132800
802
795.5
804.3
788
801.9
6268400
801.9
808.8
811.9
803.1
809.7
3457600
809.7
804.9
807.9
801.1
802.6
3490700
802.6
801
808
798.5
803.6
4243900
803.6
801.1
807.9
800.7
807.9
2751800
807.9
807.9
815.8
807.1
813.9
4630300
813.9
818
818.4
811.3
813.7
3984000
813.7
819.9
831.6
817
828.1
4220500
828.1
835
842.4
834.4
839.4
6262400
839.4
840.2
847.2
839.1
840.7
5843100
840.7
844.6
844.9
835.3
838.3
4315500
838.3
827.2
837
824.3
833.7
4485100
833.7
828.4
833.3
822.1
824.6
3660800
824.6
827.4
833
821.8
822.5
4062200
822.5
821.5
827.9
814.4
815.9
6491700
815.9
814
821.6
812.4
813.3
5513600
813.3
810.9
819.3
810
818
4996000
818
811.8
820.6
806.2
816.7
4181200
816.7
819.3
824.8
815.4
823.7
3866800
823.7
822.6
826.2
808
815.6
5112700
815.6
818.8
829.8
817.6
826.9
3167600
826.9
834.6
842.9
833.9
841.9
6204300
841.9
844.1
860.5
842
859.1
5395300
859.1
870.8
874.7
864
866.6
4945100
866.6
870
873.8
864.6
869.2
5491400
869.2
872.9
876.9
865.2
872.9
10459800
872.9
870.2
886
867.3
885.8
6816300
885.8
885
893.4
882.9
893
8603600
893
892.5
892.5
873
873.6
6440300
873.6
850
866.1
847.2
853.5
8945600
853.5
854.7
878.5
854
878.3
8052600
878.3
880
880.4
867.8
870.1
8221300
870.1
869.8
874.3
858.7
859.4
7374500
859.4
860
865.7
857.2
860.1
5122700
860.1
855.3
860.4
850.6
852.1
4856500
852.1
842
849.5
841.1
845.7
6357600
845.7
847.9
849.1
837.5
837.9
4975300
837.9
816.6
822.5
812
814.6
8242000
814.6
805
810.8
801.8
808.6
8011500
808.6
801
801.3
785
785
8925600
785
792.2
802.4
790.5
802.3
4450200
802.3
816.3
819.2
810.8
818.8
4402400
818.8
818.8
826.8
817.6
821.6
6067500
821.6
815
823.1
814.5
821.2
4588000
821.2
815
833
814.7
830.8
3767100
830.8
828.3
830.2
807.7
807.7
5100700
807.7
813.1
814
794.8
803.3
5103500
803.3
785
788.2
777
778.6
7234400
778.6
793.6
796.6
777
787
8347400
787
798.8
806.1
792.7
800.4
3661200
800.4
784.6
794.2
784
786.7
8430600
786.7
795
803.5
791.1
801.9
6364800
801.9
794.1
813
793.4
810.3
5034900
810.3
806.6
819.5
801.7
815.8
6330000
815.8
810.9
814.4
802
809.3
4289500
809.3
806
820.4
806
814.8
3208700
814.8
815.8
824.4
810.2
813.3
4332500
813.3
826
836
826
827.3
5362200
827.3
827.4
865.6
823.1
863.6
11492600
863.6
863.6
904
860.6
901
17517000
901
880
898.7
876
887.4
9723400
887.4
885.6
901.5
885.4
897.3
6261300
897.3
889.6
902.6
886.3
900.6
6060000
900.6
896.7
904.7
893.2
897.1
6394100
897.1
895
920.8
894.8
920.8
10322900
920.8
911.6
925.7
909.1
916.4
6454900
916.4
889
904.3
885.5
902.9
8980300
902.9
905.2
907.9
890.9
899.6
5221300
899.6
905.6
915.7
898.4
908.7
5899900
908.7
911.2
912
900.9
907
4836300
907
898
902.7
883.2
893.2
6815900
893.2
896.7
900.5
887.3
889.1
6079500
889.1
885.8
896.7
885
890.3
8128800
890.3
900.1
902.3
884.4
888.6
4903300
888.6
885.5
888.5
864.8
866.7
7739000
866.7
860.9
872.7
857.6
866.8
7364400
866.8
854.4
857.5
848.5
855.7
5877600
855.7
850.5
852.2
835.9
840
5332200
840
823
829.1
819.8
827
4303400
827
829.3
830.6
817.1
821.5
4546900
821.5
818
829.7
817.3
824.2
6753300
824.2
827
834.8
821.6
834.2
4288000
834.2
828.5
832.9
813.7
814.6
6361600
814.6
816.6
822.8
811.1
812.3
4221000
812.3
800.3
804.1
798
799
5880700
799
806
812.2
800.4
803.7
6016600
803.7
798
798.3
771.7
774.8
5406800
774.8
770.1
775.2
761.5
767.1
7953600
767.1
755
756.8
743.4
745.9
7761400
745.9
751.6
759.3
737.3
749.5
4861900
749.5
775.6
787.9
769.2
783.6
4976900
783.6
771.4
781.7
770
772
4935000
772
