1487
1500
1474.5
1500
4269100
1500
1505
1536.5
1505
1535
4338100
1535
1562.5
1572
1541
1550
3718500
1550
1534
1543
1518.5
1527
3543100
1527
1515
1524.5
1506.5
1514
3236000
1514
1506
1514
1490
1492.5
3203100
1492.5
1504.5
1508
1481
1485.5
2502700
1485.5
1478
1490.5
1472
1488.5
2056300
1488.5
1480
1499.5
1474.5
1498
4461000
1498
1520
1520.5
1461
1463.5
5144300
1463.5
1470
1484.5
1457.5
1484
3598000
1484
1485
1496
1470.5
1483.5
2870600
1483.5
1489.5
1489.5
1468.5
1484
2723900
1484
1480
1490.5
1468
1474.5
3083000
1474.5
1474
1480
1463
1472.5
3960700
1472.5
1477
1482
1459
1460.5
3184000
1460.5
1469
1476
1463
1466.5
2325300
1466.5
1467
1475.5
1439.5
1442.5
3462800
1442.5
1443
1457
1424
1424.5
4334700
1424.5
1436.5
1463
1432
1462
3515800
1462
1445.5
1454
1428.5
1430.5
3595900
1430.5
1388
1396.5
1369
1376.5
4562000
1376.5
1316.5
1324
1260
1290.5
8868000
1290.5
1350
1357
1321.5
1331
10298400
1331
1369
1372.5
1316
1336.5
8982700
1336.5
1286
1311
1281
1310.5
6832500
1310.5
1333
1335.5
1301.5
1302.5
5407800
1302.5
1308.5
1333.5
1304
1314.5
5044800
1314.5
1323.5
1324
1295.5
1300.5
3927300
1300.5
1320
1337.5
1313
1323.5
3231200
1323.5
1334
1363.5
1330
1361.5
2690600
1361.5
1354.5
1360
1336
1341
2973900
1341
1344
1358
1340.5
1351.5
3175700
1351.5
1338.5
1343.5
1319.5
1325
3245400
1325
1361
1382
1347.5
1380
5004600
1380
1399.5
1409
1375.5
1381
3138900
1381
1398
1403.5
1380
1386.5
3927500
1386.5
1383
1403
1377.5
1383.5
5898400
1383.5
1363
1365
1338
1346
3307200
1346
1311.5
1324.5
1301.5
1310.5
3575700
1310.5
1290.5
1295.5
1278.5
1290.5
2769300
1290.5
1315
1328
1310
1316
3462800
1316
1302
1311.5
1289
1291.5
2842700
1291.5
1306
1317
1301
1311
3059900
1311
1340
1362
1332.5
1357
8082000
1357
1399
1403.5
1387.5
1402.5
4250700
1402.5
1410
1415
1397
1410
4891300
1410
1400
1415
1397
1405.5
3423800
1405.5
1397
1414
1391
1411.5
2925300
1411.5
1420
1420.5
1403.5
1407.5
4032500
1407.5
1407
1424.5
1403.5
1410
3189300
1410
1410
1410
1391.5
1403
2879900
1403
1408
1408
1385
1398.5
3180800
1398.5
1351
1371
1347.5
1363
5912300
1363
1351.5
1382.5
1349
1382.5
3770500
1382.5
1391.5
1427.5
1391
1426
5198600
1426
1403.5
1410
1385
1406.5
5151300
1406.5
1414.5
1418.5
1387
1398.5
4589800
1398.5
1411.5
1414
1393
1399
3813600
1399
1402
1410.5
1398
1400.5
2019100
1400.5
1381
1404.5
1377
1402
2466900
1402
1401.5
1403
1392
1401
2379700
1401
1420
1423.5
1404
1416
4203800
1416
1415.5
1418.5
1401.5
1402.5
3018800
1402.5
1400.5
1407.5
1388
1402.5
2643500
1402.5
1398
1430
1396
1425.5
3106800
1425.5
1424
1431.5
1416
1421.5
2816600
1421.5
1420
1434.5
1413.5
1430
2796900
1430
1446.5
1454
1439
1450
3448500
1450
1450
1450
1436.5
1448.5
1950300
1448.5
1445
1451
1438
1445.5
2328600
1445.5
1462
1495.5
1460.5
1494
4680700
1494
1506
1521
1495
1513
4823900
1513
1508.5
1512
1491
1506
3161200
1506
1508.5
1508.5
1491.5
1495.5
1746700
1495.5
1503
1523.5
1491.5
1520.5
2857300
1520.5
1514.5
1537.5
1510.5
1535.5
3267100
1535.5
1524.5
1525.5
1506
1508.5
2660800
1508.5
1519
1521
1504.5
1507.5
2951200
1507.5
1529
1532.5
1503.5
1530.5
2959600
1530.5
1528.5
1528.5
1498.5
1511
2665100
1511
1518
1519
1493
1499
2421900
1499
1493
1517
1490
1507
2476600
1507
1503.5
1528.5
1502.5
1524
2854800
1524
1519.5
1524.5
1504
1518.5
2342700
1518.5
1523
1559
1451
1469.5
6594500
1469.5
1440.5
1487.5
1433
1485
4641400
1485
1487
1491
1464
1468
4804100
1468
1473.5
1497.5
1469
1490
3559000
1490
1495.5
1527.5
1487.5
1525
2368900
1525
1530
1539
1523
1524.5
2804700
1524.5
1526.5
1542
1520.5
1530
2078500
1530
1521
1525
1511.5
1514
2309700
1514
1513.5
1528
1498
1503.5
3106000
1503.5
1503.5
1516.5
1471
1474
2971500
1474
1473
1494
1470.5
1477.5
2713500
1477.5
1489
1507.5
1474.5
1480.5
2885900
1480.5
1470
1481.5
1457.5
1470
2734700
1470
1457
1473.5
1454.5
1468.5
3559900
1468.5
1469
1499
1465
1495.5
6037600
1495.5
1494.5
1499.5
1479
1488
3636700
1488
1503
1510
1494.5
1499
2806800
1499
1529
1532.5
1507
1514.5
2614800
1514.5
1510
1517
1504
1505
2332900
1505
1517.5
1533
1513
1514.5
3938000
1514.5
1521.5
1535.5
1516
1518
4552800
1518
1530
1532
1515.5
1516
1743400
1516
1530
1531
1494
1502
2518100
1502
1490
1491.5
1473.5
1475
2823800
1475
1468
1468
1446
1446
2994000
1446
1457.5
1457.5
1433.5
1446
4316900
1446
1458.5
1458.5
1435
1455.5
3871000
1455.5
1455
1491.5
1431.5
1431.5
4517400
1431.5
1427
1427
1390
1409.5
3472900
1409.5
1409.5
1425.5
1402.5
1404
2628500
1404
1395.5
1398.5
1383.5
1394
2717700
1394
1394.5
1401.5
1390
1396.5
1946800
1396.5
1390.5
1411.5
1385.5
1408
2661100
1408
1415.5
1422.5
1399.5
1415.5
3017400
1415.5
1410
1411.5
1397.5
1408.5
2950600
1408.5
1400
1409.5
1396.5
1408
2538500
1408
1402.5
1423.5
1397
1398
3365500
1398
1405
1414.5
1380
1397
3747100
1397
1385
1397.5
1379
1395.5
1818100
1395.5
1396
1402.5
1379.5
1381.5
2863700
1381.5
1388.5
1413.5
1388.5
1401.5
3100000
1401.5
1403
1410.5
1396
1409
2783800
1409
1422.5
1425.5
1413.5
1415.5
3240100
1415.5
1408.5
1413
1388.5
1406
2315400
1406
1405
1410.5
1397
1399
2553700
1399
1417.5
1434
1407.5
1427
3028900
1427
1450
1472.5
1442.5
1455
3968600
1455
1495
1495
1470.5
1477
2678000
1477
1478.5
1479.5
1464.5
1464.5
1752500
1464.5
1470
1481.5
1452
1467
2730100
1467
1457
1462.5
1449
1453.5
1275000
1453.5
1473.5
1473.5
1450
1452.5
1316800
1452.5
1467.5
1467.5
1453.5
1461
1905100
1461
1480
1493.5
1471
1474
2540400
1474
1492
1494
1475.5
1483
2056300
1483
1478
1486.5
1475.5
1484.5
1058300
1484.5
1482.5
1498
1478
1490.5
3037400
1490.5
1520.5
1524
1496
1509
3011300
1509
1494.5
1609
1492
1602.5
8633700
1602.5
1600
1607.5
1556
1564.5
5515900
1564.5
1572
1584.5
1556
1558.5
3504200
1558.5
1556.5
1587
1552
1583
2169000
1583
1592.5
1601.5
1575
1581
2757400
1581
1574.5
1597
1573
1587
2440900
1587
1586.5
1594
1564.5
1567.5
3233800
1567.5
1558
1568.5
1525
1530.5
3208100
1530.5
1544.5
1577
1532.5
1574
2378500
1574
1600
1605.5
1549
1565
2581300
1565
1542.5
1561
1530.5
1548.5
3348700
1548.5
1556.5
1563
1545
1555
1843200
1555
1548
1576
1540
1574
2467700
1574
1562.5
1582.5
1552.5
1576
2678200
1576
1585
1599
1578
1589
3056900
1589
1599.5
1600
1580
1585
2468200
1585
1591
1593.5
1579
1589
1979100
1589
1596.5
1627.5
1588.5
1620.5
3218700
1620.5
1630
1646
1625.5
1628.5
2920900
1628.5
1628.5
1642.5
1624.5
1633
2363100
1633
1641
1653
1634
1640
3290600
1640
1629.5
1649
1628.5
1630
3246200
1630
1627.5
1636.5
1615.5
1622
1852600
1622
1609.5
1613.5
1579.5
1586.5
3842300
1586.5
1580
1598.5
1566.5
1578
3169800
1578
1570.5
1582.5
1565
1572.5
3099200
1572.5
1570
1586
1563.5
1565.5
3849100
1565.5
1570
1587
1568
1573.5
3075600
1573.5
1560
1574.5
1545.5
1573
3735200
1573
1579.5
1586
1556
1560
2521600
1560
1570
1591.5
1561.5
1574.5
2505400
1574.5
1574.5
1593.5
1570
1593
4502100
1593
1604.5
1666
1604
1657.5
4777400
1657.5
1689
1713.5
1683.5
1690
4639200
1690
1700
1704.5
1671.5
1683
3717500
1683
1700
1700
1663
1668.5
6761500
1668.5
1671
1683.5
1647.5
1682.5
4546200
1682.5
1680
1710
1671.5
1709.5
3518200
1709.5
1722.5
1749
1720
1726.5
6927600
1726.5
1728.5
1755
1720
1723
5598000
1723
1722.5
1744
1715.5
1730
2877600
1730
1739
1765
1737.5
1744
3895100
1744
1724
1759
1722
1739
3656700
1739
1729
1758.5
1727
1740.5
4392900
1740.5
1728
1735
1705
1708.5
3962600
1708.5
1680
1708
1680
1704.5
4877300
1704.5
1692
1693
1610.5
1610.5
7691900
1610.5
1560.5
1569
1537.5
1545.5
8318300
1545.5
1530
1549.5
1524
1538
4999200
1538
1515
1526.5
1501.5
1516
3936400
1516
1518
1528
1507
1521.5
4263500
1521.5
1540
1547.5
1520.5
1528.5
3419700
1528.5
1520.5
1524
1486
1490.5
5035500
1490.5
1476
1485
1471
1479
4004900
1479
1465
1471
1447
1448
6001700
1448
1444.5
1450
1405
1406.5
5644000
1406.5
1389.5
1392
1352.5
1366
7265600
1366
1319.5
1331
1312
1318
5659800
1318
1325
1331.5
1297
1315.5
5062900
1315.5
1334.5
1347
1308.5
1314.5
3790000
1314.5
1321.5
1347
1312
1324
13513000
1324
1336
1357
1327.5
1357
4859000
1357
1367
1367
1344
1350.5
4180700
1350.5
1338
1355
1294.5
1303
9768500
1303
1290.5
1300
1245
1246.5
7656000
1246.5
1253.5
1264
1249.5
1257.5
5118200
1257.5
1260
1260.5
1229.5
1233.5
7295600
1233.5
1250
1252
1236.5
1239.5
4893900
1239.5
1239
1240.5
1226.5
1232.5
6065300
1232.5
1229
1248
1221
1243
3119900
1243
1218.5
1219.5
1178.5
1189
5783500
1189
1201
1231.5
1200
1230
6098100
1230
1228.5
1233.5
1208.5
1218.5
3581500
1218.5
1230.5
1240.5
1218.5
1225.5
4827700
1225.5
1221
1233.5
1208
1215
3879600
1215
1200
1210
1190
1209
3890900
1209
1190
1214.5
1188
1211.5
3529200
1211.5
1209.5
1216.5
1200
1214.5
2634500
1214.5
1200
1207.5
1185.5
1199.5
3843200
1199.5
1209
1231.5
1208.5
1226.5
4201600
1226.5
1225
1229
1207
1221
4536600
1221
1241.5
1251
1235
1242
3808700
1242
1247
1251
1241
1243
4540600
1243
1266.5
1269
1253.5
1257.5
3059300
1257.5
1259
1259
1216
1216
4544600
1216
1199.5
1227
1196
1225
4487700
1225
1207.5
1215
1166.5
1179.5
5153500
1179.5
1180
1194.5
1173.5
1182
4598700
1182
1159.5
1160
1129
1145.5
4011300
1145.5
1147.5
1150
1118
1122
3360200
1122
1135.5
1153.5
1133
1145
3458700
1145
1156.5
1172
1148
1166.5
3448400
1166.5
1156.5
1172.5
1137
1145
4637900
1145
1150.5
1172.5
1148.5
1164
3742000
1164
1140
1159.5
1138
1144
3908100
1144
1150.5
1161.5
1141
1144
3659200
1144
1134
1138.5
1104
1109
3393800
1109
1114.5
1126.5
1103
1112
5483300
1112
1083
1090.5
1058.5
1065
2948600
1065
1070
1093.5
1053.5
1074
3521700
1074
1104.5
1136.5
1099.5
1130.5
3877900
1130.5
1133.5
1140.5
1122.5
1130
2218900
1130
