4940
5170
4930
5130
2468200
5130
5200
5320
5100
5170
2498700
5170
5310
5370
5230
5260
1744200
5260
5260
5260
5070
5120
1660700
5120
5030
5200
5020
5190
1483400
5190
5250
5320
5220
5310
1879100
5310
5410
5480
5250
5270
1399900
5270
5240
5330
5150
5290
810300
5290
5190
5220
5140
5150
1197500
5150
5300
5320
5040
5050
2741600
5050
5060
5120
4930
5090
1954700
5090
5090
5110
5030
5080
978500
5080
5130
5360
5110
5340
2143100
5340
5390
5400
5240
5280
1367600
5280
5190
5230
5110
5180
1217100
5180
5250
5330
5210
5280
1043700
5280
5300
5350
5260
5310
847500
5310
5300
5320
5060
5130
1384600
5130
5080
5200
5050
5050
1153300
5050
5080
5200
5020
5190
1202100
5190
5170
5220
5080
5180
988500
5180
4970
5000
4870
4895
1694400
4895
4545
4700
4420
4640
2668700
4640
4850
4890
4630
4640
1951300
4640
4615
4750
4595
4715
1337300
4715
4465
4525
4350
4515
2215300
4515
4585
4605
4420
4465
2272100
4465
4590
4730
4575
4710
3030900
4710
5130
5130
4830
4920
3954500
4920
4965
5140
4925
5110
2402900
5110
5160
5200
5050
5190
1550700
5190
5160
5180
5080
5080
1306600
5080
5110
5300
5080
5210
2083400
5210
5300
5320
5170
5220
1912400
5220
5250
5270
5150
5250
1082600
5250
5330
5340
5180
5250
1304500
5250
5290
5400
5280
5390
1563600
5390
5320
5410
5300
5320
1170500
5320
5220
5240
5030
5100
1513200
5100
4920
5070
4905
5050
1480100
5050
4985
5010
4685
4695
2006100
4695
4835
4925
4720
4835
2650100
4835
4625
4645
4535
4545
4877900
4545
4620
4690
4560
4580
2064000
4580
4640
4710
4560
4605
1893400
4605
4750
4815
4665
4740
1942900
4740
4705
4750
4585
4625
2422100
4625
4555
4655
4525
4585
1591600
4585
4580
4630
4565
4620
1905800
4620
4650
4695
4580
4615
1214300
4615
4595
4675
4565
4605
1435000
4605
4535
4570
4465
4545
1643500
4545
4545
4605
4500
4545
1986600
4545
4395
4430
4170
4185
3262900
4185
4115
4240
4040
4230
2548000
4230
4370
4470
4345
4465
2512100
4465
4395
4440
4330
4425
1657700
4425
4450
4485
4275
4365
1442800
4365
4435
4530
4425
4500
1270100
4500
4530
4620
4515
4545
1056000
4545
4460
4555
4430
4530
1051400
4530
4255
4255
3830
3895
9150700
3895
3825
3990
3825
3835
4751900
3835
3800
3925
3755
3765
3535200
3765
3770
3785
3630
3720
2844700
3720
3720
3825
3655
3795
2118400
3795
3825
3915
3815
3870
2762100
3870
3840
3850
3665
3700
2986200
3700
3730
3785
3670
3720
2478400
3720
3785
3820
3680
3720
2246000
3720
3740
3805
3710
3795
1885700
3795
3805
3910
3770
3890
2203200
3890
3975
3985
3855
3895
2697100
3895
3850
3860
3755
3810
1925600
3810
3845
3900
3800
3890
1379800
3890
3960
4040
3885
3965
3211200
3965
3860
3870
3585
3605
6136900
3605
3650
3680
3590
3615
2403400
3615
3625
3690
3615
3655
2235000
3655
3800
3800
3585
3640
2958800
3640
3680
3765
3665
3730
2419700
3730
3790
3795
3680
3740
1544400
3740
3740
3835
3725
3770
2047200
3770
4000
4115
3995
4045
6098900
4045
4150
4280
4105
4255
5649500
4255
4265
4285
4130
4260
2496000
4260
4330
4340
4240
4270
1706800
4270
4290
4315
4180
4205
1609100
4205
4160
4170
4070
4145
1644700
4145
4175
4290
4120
4235
1409500
4235
4275
4405
4255
4380
2238600
4380
4415
4520
4415
4510
2394400
4510
4515
4535
4455
4495
1360700
4495
4510
4515
4390
4435
1637100
4435
4450
4450
4235
4295
2205300
4295
4250
4380
4235
4380
1552500
4380
4425
4470
4345
4420
1430400
4420
4500
4520
4385
4495
2253900
4495
4450
4565
4405
4550
3343100
4550
4590
4735
4570
4705
3688900
4705
4705
4785
4620
4765
2819100
4765
4860
4975
4855
4870
3366000
4870
4885
4895
4705
4785
2300400
4785
4780
4825
4620
4695
2844000
4695
4800
4915
4790
4890
2392300
4890
4840
4950
4805
4935
2569000
4935
5000
5070
4985
5060
2058200
5060
5080
5100
4945
5020
1656900
5020
5040
5100
5020
5080
1609300
5080
5060
5140
5000
5010
1401200
5010
5060
5060
4865
4960
2360500
4960
4900
4935
4665
4760
2883600
4760
4700
4820
4610
4615
3014200
4615
4545
4585
4365
4500
4035800
4500
4575
4755
4570
4725
3490100
4725
4770
4950
4725
4860
3527800
4860
4880
4925
4705
4730
2239600
4730
4615
4825
4545
4810
2431300
4810
4885
4905
4655
4700
2673300
4700
4700
4935
4690
4925
2681400
4925
4920
4925
4825
4920
2164500
4920
4915
5010
4825
4840
2436300
4840
4840
4965
4765
4865
2037700
4865
4815
4840
4650
4765
2311100
4765
4735
4855
4710
4760
1846900
4760
4805
4910
4785
4880
1890700
4880
4895
5070
4865
5040
2071500
5040
5100
5180
5010
5030
1861500
5030
4935
5040
4860
4995
1828900
4995
5070
5180
5030
5160
2088500
5160
5200
5300
5150
5270
2199600
5270
5290
5430
5240
5330
2499100
5330
5400
5440
5270
5310
1540800
5310
5310
5420
5250
5390
1705700
5390
5450
5490
5280
5310
2703500
5310
5260
5350
5140
5200
1933400
5200
5200
5220
5010
5060
2612000
5060
5060
5300
5010
5270
2222300
5270
5300
5400
5270
5340
1478600
5340
5340
5360
5280
5350
979400
5350
5340
5390
5320
5360
1414800
5360
5320
5340
5200
5320
1620300
5320
5370
5480
5350
5470
1748100
5470
5430
5560
5360
5410
2499900
5410
5410
5490
5380
5420
1369600
5420
5430
5430
5290
5310
1377100
5310
5330
5350
5250
5320
1168500
5320
5320
5390
5040
5170
2955300
5170
5310
5670
5080
5660
6341300
5660
5690
5790
5490
5580
3505600
5580
5400
5480
5220
5310
3672900
5310
5490
5500
5240
5310
3019400
5310
5330
5340
4960
5070
3967000
5070
4830
4945
4710
4865
4632800
4865
4900
4985
4835
4850
2154900
4850
4865
4885
4810
4845
1692700
4845
4825
4955
4785
4935
2432000
4935
4935
5140
4935
5090
2373500
5090
5100
5180
5040
5140
1683400
5140
5140
5180
5030
5130
1603400
5130
5220
5330
5180
5330
2338200
5330
5480
5490
5270
5330
2212700
5330
5350
5420
5340
5380
1367100
5380
5410
5470
5280
5350
2810000
5350
5260
5320
5210
5290
11463100
5290
5300
5310
5120
5170
1855700
5170
5210
5290
5170
5240
1698800
5240
5260
5260
5170
5200
1485000
5200
5150
5220
5130
5160
1646200
5160
5130
5140
5020
5100
1687700
5100
5070
5130
4945
4970
1681000
4970
5000
5110
4950
5030
1488400
5030
5050
5080
4875
4930
1548300
4930
4900
5000
4900
4960
1457300
4960
5030
5170
5010
5160
1855100
5160
5160
5350
5120
5310
2002400
5310
5440
5480
5360
5400
2023000
5400
5470
5630
5440
5610
3599700
5610
5700
5940
5680
5920
4033400
5920
5780
5830
5620
5810
3254800
5810
5900
6160
5830
6080
4095000
6080
6100
6180
6020
6050
2238100
6050
6200
6370
6130
6270
3316600
6270
6340
6430
6250
6420
2522800
6420
6450
6470
6110
6160
3545200
6160
6000
6090
5840
5840
4508100
5840
6030
6050
5820
5890
2325200
5890
5740
5880
5730
5800
2094400
5800
5700
5720
5580
5710
1880900
5710
5810
5880
5660
5730
2406100
5730
5400
5520
5350
5430
3265700
5430
5450
5670
5410
5640
2750100
5640
5650
5680
5490
5560
2292000
5560
5600
5670
5480
5650
1676700
5650
5820
5820
5590
5630
1849100
5630
5660
5660
5500
5520
1600500
5520
5400
5530
5360
5520
1488900
5520
5440
5630
5360
5620
1794900
5620
5550
5590
5370
5380
1522700
5380
5410
5430
5030
5040
3730400
5040
4705
4895
4700
4800
3529500
4800
4925
4960
4415
4515
4334400
4515
4655
4725
4525
4540
2941300
4540
4500
4800
4500
4755
2942700
4755
4855
4940
4780
4930
2781300
4930
4955
5140
4915
5020
2011000
5020
5120
5380
5100
5330
2605800
5330
5140
5240
5120
5150
2015800
5150
5180
5220
5030
5050
2022300
5050
5150
5310
5040
5150
3180200
5150
5330
5340
5060
5170
2810600
5170
4920
5060
4620
4900
6420400
4900
4880
4990
4800
4865
1800100
4865
4710
4720
4480
4705
4197200
4705
4740
4845
4635
4720
2445300
4720
4650
4845
4590
4645
3098200
4645
4645
4710
4205
4245
5743300
4245
4285
4505
4250
4495
3724400
4495
4355
4425
4290
4350
2694300
4350
4295
4440
4220
4380
2635500
4380
4380
4390
4155
4305
2710400
4305
4350
4435
4290
4415
2182400
4415
4480
4485
4305
4360
2386800
4360
4365
4450
4345
4445
1901200
4445
4570
4585
4455
4480
2201000
4480
4490
4585
4450
4550
2334200
4550
4700
4770
4675
4705
2652000
4705
4640
4645
4275
4290
6242600
4290
4150
4245
4110
4175
3971200
4175
4160
4255
3975
4045
3957400
4045
4095
4100
3930
3975
3105400
3975
3770
3795
3715
3740
4906800
3740
3750
3885
3545
3605
9751900
3605
3715
3945
3675
3905
8314700
3905
3820
3845
3565
3730
9368400
3730
3730
3835
3640
3790
5903400
3790
3840
3930
3760
3785
4850000
3785
3690
3855
3670
3840
4462900
3840
3800
3820
3655
3715
4308500
3715
3610
3635
3400
3455
6997200
3455
3420
3530
3320
3415
5189600
3415
3240
3330
3195
3200
4771800
3200
3200
3270
3055
3130
4305300
3130
3375
3380
3180
3255
5225300
3255
3250
3345
3205
3270
3129200
3270
