2585
2639
2579
2639
2026500
2639
2650
2678
2631
2654
1870100
2654
2680
2696
2639
2671
2577500
2671
2658
2658
2609
2622
1953100
2622
2601
2623
2590
2620
1411100
2620
2609
2613
2554
2584
1856900
2584
2598
2602
2542
2559
1399900
2559
2534
2570
2523
2569
1241000
2569
2540
2566
2517
2566
1450700
2566
2608
2611
2433
2443
5706400
2443
2500
2542
2491
2531
4136000
2531
2505
2511
2473
2502
2463400
2502
2508
2514
2488
2509
1845800
2509
2498
2533
2466
2486
2501800
2486
2452
2488
2444
2485
1847500
2485
2485
2529
2484
2504
1962500
2504
2504
2579
2498
2577
2324500
2577
2559
2561
2509
2520
1731100
2520
2518
2550
2498
2500
2112300
2500
2536
2584
2519
2567
2052000
2567
2548
2613
2525
2558
3385700
2558
2501
2510
2452
2460
2647100
2460
2325
2336
2238
2294
3573300
2294
2389
2393
2269
2271
2703400
2271
2277
2313
2259
2297
1687100
2297
2210
2247
2181
2225
2513900
2225
2257
2262
2180
2191
2632100
2191
2194
2225
2163
2195
2237600
2195
2235
2257
2189
2197
1718800
2197
2209
2239
2191
2219
933500
2219
2245
2289
2242
2282
1406900
2282
2270
2284
2250
2275
1253300
2275
2285
2303
2253
2276
2399000
2276
2235
2238
2173
2202
3616100
2202
2218
2266
2213
2256
2021100
2256
2286
2297
2261
2269
1314300
2269
2298
2314
2286
2296
1500400
2296
2282
2288
2250
2250
2424500
2250
2210
2227
2187
2215
2093600
2215
2150
2168
2146
2155
1720600
2155
2132
2139
2086
2093
1895900
2093
2128
2178
2110
2111
1907900
2111
2089
2127
2078
2100
2023600
2100
2116
2122
2089
2097
1461700
2097
2118
2159
2102
2118
2338600
2118
2168
2176
2122
2130
1979600
2130
2180
2180
2141
2175
2588500
2175
2157
2164
2138
2146
1469700
2146
2141
2160
2117
2147
1290600
2147
2168
2173
2136
2141
1948100
2141
2130
2147
2098
2108
1399000
2108
2074
2107
2065
2106
1415500
2106
2105
2127
2091
2114
1443300
2114
2043
2050
1988
1998
2412300
1998
1955
2044
1954
2043
2596700
2043
2052
2076
2028
2070
1984200
2070
2028
2059
2021
2059
1304800
2059
2082
2090
2042
2065
1279200
2065
2108
2124
2078
2088
2029900
2088
2088
2112
2083
2083
701700
2083
2051
2068
2040
2062
1239000
2062
1986
1987
1895
1903
4484300
1903
1916
1928
1897
1912
3764900
1912
1909
1949
1872
1878
3692700
1878
1884
1924
1882
1912
2625500
1912
1906
1974
1903
1969
1933600
1969
1987
1990
1955
1962
1474600
1962
1970
1972
1932
1935
863900
1935
1941
1994
1941
1972
1345300
1972
1980
1991
1953
1967
934900
1967
1969
1993
1957
1958
1169000
1958
1975
1996
1963
1993
1019800
1993
2020
2078
2020
2047
2207800
2047
2024
2025
1988
2013
1763900
2013
2020
2023
2002
2014
994900
2014
2003
2014
1967
1986
2533500
1986
1962
1985
1943
1958
1920500
1958
1934
1953
1924
1943
1910100
1943
1968
1972
1924
1942
1855200
1942
1920
1939
1906
1935
1620000
1935
1946
1956
1931
1947
1348900
1947
1919
1929
1897
1918
1420300
1918
1912
1931
1900
1906
2012700
1906
1900
1992
1886
1985
4558500
1985
1948
1986
1916
1952
3602400
1952
1964
2019
1952
2011
2515100
2011
2000
2012
1978
2004
1641800
2004
2004
2010
1973
1984
1763000
1984
1965
1973
1941
1962
1635600
1962
1985
2012
1983
1999
1727000
1999
2010
2028
1993
2004
1227800
2004
2007
2015
1991
2006
1083000
2006
1993
1995
1968
1988
1382900
1988
1983
2012
1964
1973
1320000
1973
1967
1974
1916
1928
1374800
1928
1919
1955
1916
1944
1718300
1944
1944
1955
1928
1954
1391400
1954
1956
1956
1927
1942
1284100
1942
1879
1890
1854
1871
2595900
1871
1872
1917
1859
1910
3785000
1910
1874
1922
1870
1915
1707000
1915
1937
1980
1922
1967
1550900
1967
1986
1989
1934
1945
1810700
1945
1930
1943
1902
1910
2848000
1910
1920
1939
1917
1922
1682100
1922
1893
1900
1879
1881
2784900
1881
1864
1869
1842
1855
1699800
1855
1866
1867
1826
1837
1666300
1837
1827
1831
1816
1816
1478000
1816
1828
1841
1808
1808
1751900
1808
1818
1822
1791
1807
1989000
1807
1795
1795
1750
1771
1351100
1771
1731
1751
1703
1703
2248900
1703
1701
1710
1679
1705
1918100
1705
1710
1720
1687
1696
1452400
1696
1676
1712
1674
1703
1946000
1703
1699
1710
1689
1690
1459700
1690
1670
1712
1655
1707
1725600
1707
1704
1712
1683
1703
1483200
1703
1703
1727
1693
1715
1363200
1715
1711
1721
1698
1717
1297900
1717
1729
1761
1709
1709
1624700
1709
1710
1733
1692
1708
1415500
1708
1696
1707
1683
1691
911400
1691
1694
1711
1676
1682
1098700
1682
1672
1718
1671
1711
1507700
1711
1719
1745
1718
1737
1062800
1737
1774
1782
1738
1738
1787600
1738
1726
1731
1677
1689
2051700
1689
1674
1678
1650
1665
2568000
1665
1672
1693
1657
1686
1955600
1686
1701
1741
1694
1721
1707100
1721
1746
1774
1731
1734
1298800
1734
1735
1754
1728
1747
1150500
1747
1758
1762
1724
1740
1379300
1740
1722
1732
1710
1715
1050100
1715
1729
1740
1708
1715
768900
1715
1733
1761
1728
1757
1181100
1757
1780
1802
1764
1773
1634600
1773
1792
1796
1778
1787
1060400
1787
1800
1818
1795
1803
1728300
1803
1810
1832
1801
1820
2133900
1820
1827
1880
1759
1837
3836800
1837
1858
1868
1774
1795
2934500
1795
1772
1788
1759
1769
1503400
1769
1769
1793
1755
1768
1123400
1768
1749
1770
1740
1770
1316300
1770
1746
1753
1731
1739
1685500
1739
1731
1752
1727
1745
1340300
1745
1742
1742
1714
1717
1602800
1717
1706
1707
1675
1682
1644700
1682
1690
1714
1683
1713
980700
1713
1720
1724
1678
1692
1119700
1692
1652
1690
1635
1687
1319300
1687
1688
1703
1677
1694
901700
1694
1658
1672
1648
1670
1635800
1670
1672
1709
1666
1696
1699700
1696
1698
1737
1692
1732
1481300
1732
1748
1753
1721
1731
1001900
1731
1749
1754
1725
1726
841100
1726
1741
1752
1738
1747
964200
1747
1772
1786
1770
1772
1456000
1772
1760
1789
1757
1777
960200
1777
1790
1796
1767
1775
1480300
1775
1750
1766
1739
1746
1876600
1746
1748
1757
1703
1716
1341400
1716
1722
1725
1686
1694
1495000
1694
1679
1687
1664
1677
1907600
1677
1664
1695
1657
1659
2293000
1659
1640
1643
1612
1628
1830900
1628
1616
1634
1612
1622
1275300
1622
1615
1618
1582
1593
2719400
1593
1609
1619
1565
1577
1925300
1577
1568
1600
1567
1574
1975500
1574
1585
1615
1576
1611
2831600
1611
1641
1702
1631
1690
3129500
1690
1726
1730
1702
1722
2508700
1722
1744
1749
1716
1731
2080900
1731
1745
1760
1736
1758
2376600
1758
1740
1760
1725
1758
1933500
1758
1723
1739
1711
1739
2192700
1739
1735
1740
1701
1710
2292800
1710
1737
1763
1725
1750
2279700
1750
1746
1768
1731
1751
1491200
1751
1768
1794
1768
1776
2285900
1776
1768
1790
1759
1772
1844000
1772
1778
1788
1753
1758
2113600
1758
1678
1719
1646
1654
4596300
1654
1614
1639
1608
1625
2868100
1625
1628
1644
1606
1619
2595400
1619
1553
1587
1553
1572
2627200
1572
1564
1615
1559
1611
2540200
1611
1590
1605
1585
1596
1523000
1596
1585
1616
1580
1614
1734800
1614
1651
1670
1634
1646
1899100
1646
1634
1654
1629
1646
1585700
1646
1629
1638
1593
1599
2093500
1599
1591
1617
1577
1608
1247100
1608
1575
1590
1552
1552
2080900
1552
1563
1567
1517
1524
1883900
1524
1469
1481
1456
1464
2078800
1464
1470
1478
1434
1450
1761300
1450
1463
1479
1449
1460
1297900
1460
1439
1484
1439
1469
1649500
1469
1478
1507
1470
1493
1764200
1493
1507
1599
1451
1579
4041600
1579
1571
1619
1553
1604
3210900
1604
1577
1582
1532
1537
2151600
1537
1546
1570
1534
1546
1453900
1546
1548
1574
1517
1524
1942800
1524
1555
1559
1523
1529
1627800
1529
1525
1553
1522
1540
1491100
1540
1531
1561
1520
1561
1085600
1561
1522
1529
1495
1525
1352000
1525
1529
1571
1522
1570
1855700
1570
1557
1600
1548
1590
1655800
1590
1587
1615
1569
1573
1373300
1573
1574
1592
1561
1592
1602300
1592
1571
1616
1565
1610
1611100
1610
1590
1633
1566
1624
1892100
1624
1635
1638
1579
1593
1206200
1593
1592
1617
1582
1614
1052000
1614
1629
1663
1625
1639
1850200
1639
1632
1637
1596
1626
1589300
1626
1643
1647
1624
1633
1254500
1633
1640
1643
1599
1600
2769900
1600
1629
1639
1621
1624
1296900
1624
1621
1621
1559
1563
2044600
1563
1534
1555
1513
1549
1748900
1549
1518
1532
1500
1514
1651000
1514
1498
1504
1456
1471
1862700
1471
1448
1448
1422
1443
1572300
1443
1439
1440
1403
1420
1796900
1420
1420
1451
1405
1440
2044300
1440
1447
1463
1423
1454
1656800
1454
1445
1467
1415
1435
1949000
1435
1437
1457
1432
1435
1028100
1435
1442
1487
1432
1461
2564700
1461
1453
1469
1416
1443
1601100
1443
1429
1433
1402
1408
1582300
1408
1395
1417
1385
1406
1891000
1406
1348
1360
1335
1347
1569900
1347
1356
1378
1334
1366
1736700
1366
1420
1433
1412
1421
1606500
1421
1413
1455
1409
1432
1389500
1432
