11910
12105
11775
12105
2300600
12105
12220
12230
12010
12175
1651500
12175
12300
12350
12175
12290
1430000
12290
12250
12305
12010
12060
1302400
12060
11950
11990
11800
11960
1323500
11960
11955
11995
11845
11945
1269000
11945
12045
12215
12040
12110
1214400
12110
12160
12280
12090
12270
1041300
12270
12170
12255
12115
12205
1453500
12205
12445
12610
12335
12360
2630300
12360
12400
12485
12305
12450
1343800
12450
12480
12515
12375
12500
1030000
12500
12650
12690
12515
12640
1587000
12640
12615
12625
12540
12600
1471600
12600
12430
12565
12400
12510
1774600
12510
12565
12585
12400
12510
2278700
12510
12995
13175
12910
13090
3481000
13090
13160
13160
12460
12470
2948700
12470
12590
12825
12395
12410
2504100
12410
12415
12520
12325
12480
1565300
12480
12305
12360
12065
12155
1757800
12155
11865
11960
11675
11680
1972200
11680
11100
11315
10850
11140
3709800
11140
12215
12440
11520
11540
3758900
11540
11590
11850
11485
11805
2569400
11805
11205
11380
11090
11220
2870500
11220
11500
11535
11140
11165
2187300
11165
11195
11275
11020
11140
1718700
11140
11140
11275
11095
11160
1879700
11160
11180
11370
11125
11225
1222700
11225
11320
11515
11290
11505
949400
11505
11440
11460
11215
11320
1171400
11320
11395
11530
11335
11390
1463700
11390
11300
11330
11105
11175
1261300
11175
11215
11335
11160
11330
1005800
11330
11500
11545
11375
11460
775200
11460
11565
11630
11470
11545
1212300
11545
11445
11505
11345
11375
1455500
11375
11225
11245
10905
10955
2272500
10955
10655
10800
10600
10685
2271200
10685
10550
10620
10460
10565
1171400
10565
10845
10870
10710
10720
1518000
10720
10565
10780
10555
10635
1250900
10635
10820
10860
10680
10825
1561600
10825
11030
11200
10860
10980
2680000
10980
11330
11350
11155
11235
1256600
11235
11255
11515
11135
11510
1525600
11510
11350
11430
11240
11300
1000200
11300
11300
11380
11200
11270
982400
11270
11365
11365
11130
11155
1287200
11155
11065
11195
10960
10985
891700
10985
10860
10950
10830
10925
819600
10925
10905
11205
10875
11195
1160100
11195
10750
10890
10410
10450
2094000
10450
10340
10710
10330
10710
1768900
10710
10825
10970
10720
10965
1675600
10965
10775
10945
10700
10935
1576800
10935
11060
11080
10720
10875
1160700
10875
11050
11060
10930
11005
882100
11005
11005
11140
10960
10980
767200
10980
10840
10915
10765
10885
950600
10885
10960
10980
10590
10675
1308500
10675
10775
10905
10705
10840
1154000
10840
10805
10805
10535
10550
1873600
10550
10545
10695
10535
10580
1337300
10580
10555
10850
10545
10815
1288500
10815
10840
11075
10815
10960
1312800
10960
10960
11030
10845
10950
861300
10950
11020
11195
10985
11130
1176800
11130
11110
11115
10870
10950
992200
10950
10955
10985
10870
10910
811000
10910
10950
11160
10920
11095
1262600
11095
11175
11295
11135
11215
1390200
11215
11055
11055
10670
10670
2295300
10670
10670
10810
10655
10670
1092800
10670
10755
10895
10745
10880
1102800
10880
10735
10770
10700
10725
1058000
10725
10815
10950
10805
10860
1416600
10860
11070
11085
10905
11005
1587200
11005
11240
11240
10925
10995
1832700
10995
11110
11260
11070
11235
1306900
11235
11295
11295
11025
11125
1331900
11125
11055
11195
11055
11090
844500
11090
11090
11135
11010
11080
968400
11080
11120
11290
11115
11270
1152100
11270
11400
11510
11335
11510
1336300
11510
11480
11530
11320
11505
985900
11505
11500
11550
11360
11410
920400
11410
11305
11440
11265
11390
1005900
11390
11455
11485
11415
11460
734000
11460
11535
11580
11470
11540
793700
11540
11525
11605
11455
11530
635500
11530
11530
11640
11490
11565
679700
11565
11505
11580
11315
11365
934800
11365
11450
11455
11280
11325
914000
11325
11225
11350
11185
11305
666500
11305
11275
11385
11275
11300
526700
11300
11150
11165
10960
11050
1291100
11050
10770
10870
10750
10780
1132100
10780
10870
10960
10850
10890
2899000
10890
10895
11010
10870
10915
996400
10915
11095
11200
11030
11140
796100
11140
11250
11285
11170
11230
803300
11230
11230
11245
11125
11235
824200
11235
11430
11500
11385
11440
1093300
11440
11440
11440
11205
11245
1473900
11245
11145
11205
11045
11105
839600
11105
11170
11180
10875
10875
1369500
10875
10950
11060
10915
11010
996500
11010
10850
10970
10765
10775
1268800
10775
10850
10850
10395
10430
2675800
10430
10275
10335
10015
10130
1712000
10130
9929
9951
9756
9759
2823800
9759
9750
9954
9690
9922
2559000
9922
9999
10080
9917
10035
2134200
10035
9935
10020
9910
9983
1663000
9983
9954
9974
9781
9800
1135400
9800
9600
9932
9561
9905
1403900
9905
10030
10135
9970
9987
1736800
9987
9909
9975
9728
9951
1650200
9951
9960
9960
9781
9873
1489800
9873
9873
10030
9776
9789
1067900
9789
9883
10000
9771
9895
1767100
9895
9946
9957
9780
9870
1489700
9870
9910
10080
9907
9959
2007600
9959
10020
10110
9914
10070
1802500
10070
10100
10310
10075
10250
1360300
10250
10345
10455
10335
10385
1161800
10385
10240
10380
10155
10295
1021600
10295
10295
10400
10275
10335
1034100
10335
10445
10490
10335
10415
1295500
10415
10460
10515
10405
10405
807100
10405
10580
10615
10505
10530
882700
10530
10580
10595
10490
10550
816600
10550
10550
10630
10485
10550
1224000
10550
10445
10480
10305
10365
968000
10365
10595
10595
10375
10400
1001900
10400
10555
10890
10535
10810
1783700
10810
11110
11110
10825
10980
1703300
10980
11075
11320
11045
11320
1536500
11320
11280
11290
11060
11190
1345300
11190
11200
11335
11110
11270
1351400
11270
11290
11315
11185
11260
997400
11260
11220
11280
11130
11160
809900
11160
11185
11245
11145
11150
622200
11150
11150
11160
11025
11060
690000
11060
11000
11060
10970
11030
726600
11030
10980
11010
10905
10915
1078900
10915
10945
11165
10915
11120
1059800
11120
10980
10990
10800
10840
1973600
10840
10700
10740
10520
10550
1170700
10550
10600
10715
10490
10715
1092500
10715
10740
10850
10645
10730
1033400
10730
10555
10700
10370
10675
1224900
10675
10750
10760
10520
10530
785500
10530
10450
10525
10380
10380
720900
10380
10340
10545
10310
10475
956400
10475
10495
10625
10440
10625
752000
10625
10700
10700
10495
10555
920500
10555
10620
10725
10580
10590
775100
10590
10640
10750
10640
10710
710600
10710
10830
10875
10745
10775
1104400
10775
10715
10780
10670
10670
1032100
10670
10735
10765
10585
10595
1306300
10595
10495
10515
10390
10425
1567500
10425
10400
10415
10160
10160
1170600
10160
10215
10290
10125
10125
1289400
10125
10190
10240
10060
10065
1734700
10065
10035
10060
9967
9999
1135900
9999
9871
9896
9674
9733
2192000
9733
9786
9786
9673
9696
1392400
9696
9700
9778
9614
9766
1442500
9766
9642
9698
9290
9341
2841200
9341
9125
9368
9103
9271
2509100
9271
9320
9584
9310
9582
2530800
9582
9604
9701
9521
9649
2427200
9649
9896
9945
9775
9833
1912300
9833
9920
9951
9756
9792
1706900
9792
9899
9904
9746
9746
2358800
9746
9860
10035
9808
10015
2111500
10015
9980
10050
9851
10050
1681200
10050
10000
10010
9799
9799
1826800
9799
9979
10100
9936
10065
1989500
10065
10065
10165
9982
10130
1146000
10130
10255
10360
10140
10165
1805800
10165
10145
10160
9973
10055
1265300
10055
10195
10200
9982
10035
1325700
10035
9952
10015
9860
9924
1301300
9924
9801
9806
9506
9511
2154600
9511
9503
9579
9306
9375
1935600
9375
9075
9097
8955
8971
2758800
8971
8913
9190
8886
9172
2543700
9172
9102
9149
8992
9057
1306600
9057
9035
9138
8991
9125
1084200
9125
9260
9312
9168
9211
1539800
9211
9150
9179
8958
8990
1609100
8990
8868
8932
8794
8911
1653300
8911
8825
8966
8785
8926
1533700
8926
8880
8903
8758
8772
1448700
8772
8692
8700
8371
8427
2823000
8427
8127
8319
8100
8283
2340800
8283
8517
8531
8303
8453
2408000
8453
9000
9227
8800
9130
4579500
9130
9038
9540
9020
9514
3678100
9514
9600
9645
9424
9469
2322600
9469
9499
9548
9390
9465
1329000
9465
9600
10020
9551
10000
3023500
10000
9867
9952
9769
9856
1574100
9856
9891
9910
9771
9808
1079000
9808
10020
10270
9973
10030
1782500
10030
10345
10375
10185
10215
1376300
10215
10165
10210
10035
10145
1370600
10145
9970
10190
9930
10170
912000
10170
9819
9861
9597
9689
2228300
9689
9703
9955
9695
9799
1333700
9799
9700
9920
9690
9806
818900
9806
9726
9788
9383
9430
2004300
9430
9354
9714
9304
9693
1707700
9693
9529
9754
9458
9685
1358600
9685
9535
9868
9525
9844
1272300
9844
9851
9851
9655
9785
1005800
9785
9774
9914
9723
9760
1053800
9760
9835
9919
9650
9650
1878200
9650
9674
9889
9659
9857
2117800
9857
9963
10060
9917
9947
1292800
9947
10015
10180
9959
10135
1731300
10135
10390
10395
10155
10205
1299000
10205
10250
10250
9880
9895
1297400
9895
9760
9888
9672
9781
1441800
9781
9666
9713
9371
9446
2040600
9446
9508
9647
9473
9527
1250700
9527
9227
9397
9210
9318
1291800
9318
9305
9357
9189
9216
1350700
9216
9253
9442
9253
9363
1837400
9363
9341
9354
9214
9271
1392100
9271
9128
9228
9045
9047
2485500
9047
9101
9255
9058
9149
1021500
9149
8940
9075
8835
9003
1234200
9003
8940
8969
8772
8962
1542000
8962
8831
8929
8610
8681
1812500
8681
8441
8700
8441
8555
2145400
8555
8105
8139
8026
8056
1750800
8056
8157
8321
7982
8147
1351700
8147
8543
8588
8411
8498
1663200
8498
8401
8620
8401
8536
1073400
8536
