2222
2282
2216
2281
1556400
2281
2300
2306
2259
2303
1289700
2303
2321
2328
2273
2281
891600
2281
2294
2306
2271
2273
826000
2273
2259
2272
2247
2256
1010400
2256
2241
2249
2213
2215
1222200
2215
2215
2217
2177
2205
1133900
2205
2205
2210
2191
2198
836500
2198
2178
2185
2163
2178
1021600
2178
2223
2227
2147
2156
1501400
2156
2166
2177
2146
2159
871300
2159
2158
2181
2147
2181
526100
2181
2194
2229
2187
2225
794100
2225
2212
2253
2206
2247
939900
2247
2236
2241
2211
2214
1035600
2214
2239
2243
2207
2212
869400
2212
2208
2224
2182
2187
629000
2187
2167
2188
2141
2150
937100
2150
2143
2161
2131
2135
1200700
2135
2122
2203
2122
2200
1040800
2200
2187
2207
2162
2197
985400
2197
2153
2158
2121
2133
1169900
2133
2033
2043
1971
2004
2265600
2004
2060
2112
2015
2018
1454400
2018
2029
2092
2024
2073
1161900
2073
2073
2172
2032
2165
3598400
2165
2190
2214
2158
2163
2240600
2163
2186
2265
2186
2256
1925300
2256
2263
2342
2263
2329
1570500
2329
2314
2355
2304
2322
1813100
2322
2340
2371
2335
2350
1033400
2350
2337
2354
2318
2328
1423100
2328
2287
2305
2246
2267
1873600
2267
2252
2273
2236
2260
1748100
2260
2285
2307
2254
2283
1481000
2283
2328
2348
2316
2341
1127100
2341
2361
2369
2324
2351
1815300
2351
2320
2333
2269
2270
2360900
2270
2257
2259
2201
2210
1968000
2210
2160
2182
2140
2147
2033200
2147
2131
2157
2130
2144
928300
2144
2122
2174
2108
2169
1762400
2169
2147
2171
2137
2158
1709100
2158
2196
2202
2149
2161
1369500
2161
2187
2227
2171
2183
2028800
2183
2230
2233
2194
2210
808500
2210
2185
2232
2184
2232
830700
2232
2218
2254
2216
2251
1180800
2251
2242
2250
2215
2246
777900
2246
2271
2280
2235
2264
1677800
2264
2242
2247
2201
2232
1051200
2232
2219
2240
2209
2232
1056100
2232
2220
2266
2215
2257
1013200
2257
2185
2217
2145
2151
2273000
2151
2125
2173
2124
2171
1143000
2171
2201
2256
2193
2244
1488100
2244
2217
2251
2207
2247
1037500
2247
2271
2324
2266
2287
1517400
2287
2316
2364
2312
2337
1557400
2337
2326
2330
2275
2276
914400
2276
2250
2340
2237
2331
1735500
2331
2347
2392
2341
2381
1917900
2381
2415
2475
2400
2461
1788400
2461
2442
2464
2416
2444
1743100
2444
2443
2471
2418
2448
1233000
2448
2462
2478
2404
2410
1383600
2410
2392
2398
2316
2338
1198600
2338
2347
2383
2347
2357
985100
2357
2405
2444
2362
2374
1281600
2374
2402
2421
2389
2418
628300
2418
2393
2402
2345
2352
923100
2352
2360
2408
2339
2364
1472700
2364
2376
2420
2365
2376
1321000
2376
2379
2396
2362
2373
810800
2373
2377
2381
2332
2335
818500
2335
2377
2394
2351
2365
927900
2365
2365
2382
2356
2367
832700
2367
2372
2373
2341
2359
887900
2359
2377
2400
2369
2374
946100
2374
2350
2380
2342
2352
939100
2352
2349
2351
2303
2341
948200
2341
2342
2344
2306
2333
982500
2333
2317
2349
2316
2338
913400
2338
2271
2280
2206
2246
1738100
2246
2244
2259
2195
2232
1183800
2232
2238
2243
2193
2205
1237400
2205
2234
2238
2209
2223
830700
2223
2221
2228
2205
2211
879300
2211
2208
2237
2201
2224
878400
2224
2258
2273
2241
2265
968500
2265
2266
2298
2251
2288
1048700
2288
2273
2306
2269
2293
700400
2293
2285
2297
2264
2287
639200
2287
2269
2299
2259
2275
927600
2275
2290
2300
2263
2273
845800
2273
2267
2270
2247
2247
722800
2247
2251
2261
2227
2233
668000
2233
2224
2250
2220
2233
646900
2233
2198
2212
2189
2200
978700
2200
2217
2239
2209
2228
1952000
2228
2246
2304
2243
2284
1640800
2284
2303
2347
2301
2343
950900
2343
2358
2374
2245
2327
1317100
2327
2304
2314
2270
2289
904100
2289
2306
2320
2290
2311
715100
2311
2320
2359
2320
2351
1562300
2351
2379
2399
2362
2379
908600
2379
2382
2386
2338
2352
997400
2352
2373
2375
2342
2347
584000
2347
2359
2369
2326
2326
840400
2326
2335
2367
2328
2357
1202700
2357
2355
2357
2326
2328
572700
2328
2302
2314
2268
2273
663800
2273
2286
2307
2273
2307
575600
2307
2298
2327
2298
2303
603300
2303
2303
2308
2282
2294
652600
2294
2305
2305
2257
2274
562700
2274
2262
2292
2256
2283
512700
2283
2270
2287
2256
2270
741800
2270
2256
2262
2223
2225
972900
2225
2234
2242
2205
2233
816000
2233
2225
2235
2163
2166
764200
2166
2170
2184
2120
2138
990700
2138
2125
2188
2123
2180
691600
2180
2192
2226
2180
2197
987500
2197
2191
2216
2173
2175
867800
2175
2178
2213
2168
2200
557500
2200
2189
2191
2149
2149
922400
2149
2140
2154
2112
2131
974300
2131
2157
2190
2152
2156
856400
2156
2180
2217
2166
2200
1309300
2200
2189
2254
2177
2243
1157600
2243
2254
2257
2188
2189
1008600
2189
2178
2186
2150
2156
828300
2156
2157
2182
2144
2165
1192700
2165
2152
2170
2138
2139
1099400
2139
2130
2155
2108
2113
1436000
2113
2133
2142
2101
2129
1092400
2129
2149
2149
2122
2145
1047100
2145
2149
2170
2134
2168
651300
2168
2147
2152
2102
2119
774200
2119
2100
2125
2083
2117
995600
2117
2229
2264
2177
2210
1507800
2210
2181
2194
2118
2131
1345400
2131
2135
2149
2112
2132
854800
2132
2153
2170
2137
2169
1001900
2169
2156
2160
2141
2151
628900
2151
2130
2130
2099
2100
1079000
2100
2092
2110
2085
2106
797800
2106
2109
2110
2077
2083
1044600
2083
2078
2082
2043
2043
839700
2043
2060
2067
2047
2061
957400
2061
2011
2020
1953
1971
1944400
1971
1951
1960
1894
1906
2093700
1906
1995
2012
1976
1985
2207000
1985
1966
1968
1930
1941
1036400
1941
1925
1936
1910
1929
831200
1929
1935
1953
1923
1940
1111600
1940
1950
1954
1927
1940
898500
1940
1942
1946
1930
1941
1349300
1941
1935
1957
1927
1953
853600
1953
1958
1960
1924
1934
1019100
1934
1948
1967
1940
1954
915600
1954
1974
1976
1919
1920
1375900
1920
1923
1972
1920
1970
1255200
1970
1969
1997
1948
1989
1029600
1989
1980
1991
1950
1983
774400
1983
1980
1980
1956
1963
683500
1963
1959
1975
1948
1962
656600
1962
1979
1994
1959
1993
1305600
1993
2000
2011
1987
2003
1221200
2003
1998
2030
1998
2020
1028000
2020
2014
2016
1991
2006
917700
2006
2030
2032
1985
1987
860300
1987
2006
2013
1985
2013
1511400
2013
2025
2086
2021
2079
970900
2079
2113
2120
2090
2097
1087500
2097
2105
2115
2079
2095
1166700
2095
2104
2107
2066
2084
1551200
2084
2112
2119
2073
2089
1111300
2089
2099
2144
2094
2142
1087400
2142
2139
2146
2091
2094
1224200
2094
2140
2165
2114
2129
1530300
2129
2140
2146
2112
2117
868900
2117
2133
2160
2105
2109
1742100
2109
2092
2105
2072
2094
1126000
2094
2109
2112
2041
2046
1198600
2046
2031
2081
2027
2072
1248900
2072
2080
2110
2075
2096
1794300
2096
2106
2106
2043
2060
800300
2060
2017
2037
1981
2006
1501400
2006
1982
2022
1980
2011
1583600
2011
1993
2015
1990
1997
872900
1997
1997
2012
1993
2007
933900
2007
2020
2054
2012
2050
1002500
2050
2056
2086
2049
2068
617200
2068
2054
2074
2027
2051
1089900
2051
2036
2065
2025
2053
576700
2053
2031
2037
2005
2008
1146800
2008
2039
2069
2035
2041
1218500
2041
1995
2002
1937
1954
1727200
1954
1951
1969
1918
1926
1132200
1926
1958
1999
1944
1974
1074300
1974
1986
2014
1972
1991
1071800
1991
2150
2210
2104
2195
2109600
2195
2198
2261
2182
2208
1885300
2208
2229
2234
2142
2191
1705200
2191
2172
2196
2158
2187
1021600
2187
2229
2235
2187
2203
941300
2203
2206
2258
2204
2235
1394200
2235
2270
2276
2247
2265
895300
2265
2279
2287
2259
2269
711900
2269
2247
2273
2233
2262
666400
2262
2213
2244
2192
2239
774800
2239
2239
2239
2198
2210
1296600
2210
2192
2234
2182
2216
1092100
2216
2260
2295
2249
2273
1077400
2273
2261
2273
2229
2262
780100
2262
2260
2264
2216
2244
890000
2244
2207
2238
2185
2230
705500
2230
2240
2269
2239
2263
560100
2263
2237
2265
2222
2261
657700
2261
2295
2297
2257
2281
800000
2281
2312
2350
2249
2256
955400
2256
2276
2301
2262
2266
913500
2266
2297
2329
2278
2327
1864000
2327
2354
2362
2307
2309
839300
2309
2297
2318
2264
2269
825700
2269
2246
2345
2244
2340
1138600
2340
2321
2344
2279
2296
1317000
2296
2310
2337
2304
2323
876300
2323
2270
2276
2233
2249
908100
2249
2259
2267
2241
2245
881800
2245
2263
2294
2255
2290
1045800
2290
2285
2294
2253
2286
823400
2286
2281
2330
2278
2283
1747900
2283
2279
2300
2266
2291
633400
2291
2261
2282
2234
2236
1088800
2236
2237
2264
2222
2233
788400
2233
2203
2232
2146
2155
1102500
2155
2145
2152
2104
2110
1252900
2110
2070
2078
1967
1986
1039800
1986
2000
2050
1998
2045
1440100
2045
2095
2150
2082
2129
1590000
2129
2107
2114
2057
2077
934200
2077
