3695
3725
3675
3725
1218600
3725
3775
3845
3755
3820
1348800
3820
3850
3885
3815
3835
1014200
3835
3835
3845
3815
3825
804800
3825
3780
3780
3745
3770
1068500
3770
3775
3815
3755
3775
1259300
3775
3810
3815
3755
3790
641700
3790
3770
3800
3755
3795
663600
3795
3755
3775
3705
3715
1441500
3715
3755
3770
3590
3605
2202800
3605
3545
3545
3440
3495
3656400
3495
3515
3535
3485
3520
1476400
3520
3525
3545
3480
3540
1384200
3540
3540
3545
3500
3510
791700
3510
3490
3500
3460
3480
1065100
3480
3495
3515
3485
3485
814200
3485
3515
3560
3510
3550
1119300
3550
3545
3550
3460
3480
1246800
3480
3455
3475
3425
3425
1172200
3425
3465
3510
3435
3495
1035300
3495
3490
3495
3375
3400
2131800
3400
3330
3385
3300
3380
1927700
3380
3185
3225
3095
3185
2243500
3185
3310
3325
3125
3130
1876600
3130
3135
3210
3135
3185
1017300
3185
3100
3190
3070
3190
2121800
3190
3250
3290
3185
3200
2273100
3200
3200
3245
3135
3150
1197800
3150
3185
3205
3145
3160
949000
3160
3155
3245
3150
3240
785100
3240
3280
3325
3265
3315
730100
3315
3280
3310
3265
3290
642000
3290
3290
3325
3280
3315
744700
3315
3270
3270
3195
3225
882200
3225
3240
3310
3230
3305
833600
3305
3340
3345
3280
3300
623000
3300
3335
3385
3330
3360
937700
3360
3315
3365
3280
3285
1121400
3285
3260
3270
3225
3245
765000
3245
3170
3180
3130
3155
1032800
3155
3130
3195
3125
3175
1145100
3175
3245
3340
3240
3290
1372200
3290
3260
3265
3195
3215
940700
3215
3255
3265
3210
3230
776100
3230
3270
3375
3270
3295
1422200
3295
3385
3410
3355
3400
1051100
3400
3355
3360
3325
3350
998600
3350
3305
3380
3300
3340
939100
3340
3340
3350
3280
3325
774300
3325
3350
3370
3325
3340
932700
3340
3330
3380
3325
3335
963700
3335
3305
3360
3300
3355
964400
3355
3310
3345
3295
3330
1095400
3330
3240
3280
3210
3225
1663100
3225
3195
3265
3165
3265
1026300
3265
3295
3355
3270
3355
1010800
3355
3295
3345
3270
3345
1048600
3345
3380
3395
3290
3330
865300
3330
3380
3385
3335
3355
630000
3355
3315
3375
3315
3340
524600
3340
3275
3315
3260
3300
802200
3300
3290
3295
3250
3260
879600
3260
3295
3300
3235
3280
884300
3280
3280
3305
3260
3260
991000
3260
3260
3285
3230
3265
613600
3265
3245
3315
3230
3300
859300
3300
3300
3330
3280
3280
745200
3280
3300
3320
3290
3305
772800
3305
3330
3380
3330
3360
580500
3360
3355
3355
3305
3350
602600
3350
3330
3350
3295
3320
587900
3320
3325
3370
3310
3350
669600
3350
3395
3450
3375
3390
986300
3390
3385
3425
3365
3390
630600
3390
3385
3405
3375
3385
515800
3385
3415
3420
3360
3365
848600
3365
3345
3370
3320
3335
965200
3335
3360
3380
3345
3365
808700
3365
3265
3275
3095
3140
2441500
3140
3140
3170
3105
3140
804800
3140
3165
3170
3120
3150
572800
3150
3165
3165
3110
3145
466400
3145
3140
3180
3135
3150
721800
3150
3135
3150
3105
3140
918100
3140
3155
3195
3150
3160
788900
3160
3155
3205
3150
3200
703600
3200
3195
3205
3155
3205
567100
3205
3195
3325
3060
3290
2550700
3290
3290
3300
3215
3225
1256700
3225
3200
3295
3195
3270
809000
3270
3280
3345
3280
3310
673800
3310
3310
3310
3270
3280
675600
3280
3250
3255
3190
3245
876700
3245
3235
3275
3220
3255
928100
3255
3220
3250
3180
3205
789800
3205
3200
3230
3180
3210
628600
3210
3200
3245
3190
3230
477900
3230
3210
3230
3170
3210
735500
3210
3085
3125
3080
3115
903500
3115
3110
3180
3105
3150
1170700
3150
3100
3120
3055
3080
1262100
3080
3120
3160
3095
3130
718600
3130
3190
3220
3170
3180
869100
3180
3180
3210
3165
3170
663000
3170
3230
3285
3215
3235
1111700
3235
3195
3215
3140
3140
1241800
3140
3145
3190
3125
3150
861600
3150
3155
3195
3135
3145
858000
3145
3145
3150
3115
3130
489400
3130
3110
3110
3050
3055
1041800
3055
3090
3095
3015
3045
1302100
3045
3010
3025
2943
2981
2505000
2981
2960
2985
2904
2904
1389700
2904
2886
2892
2824
2881
1392100
2881
2880
2917
2851
2859
1233500
2859
2825
2858
2805
2851
1060400
2851
2865
2910
2865
2877
848300
2877
2853
2965
2845
2949
1085900
2949
2958
2976
2901
2910
854800
2910
2917
2943
2910
2916
785600
2916
2939
2963
2926
2950
725600
2950
2950
3010
2910
2913
610300
2913
2936
2959
2887
2915
783400
2915
2887
2897
2862
2882
835900
2882
2874
2901
2844
2851
679600
2851
2827
2916
2811
2903
1073200
2903
2909
2929
2874
2920
645600
2920
2936
2968
2928
2942
962300
2942
2892
2892
2826
2871
906600
2871
2855
2871
2847
2861
750300
2861
2876
2919
2874
2898
765400
2898
2911
2974
2904
2944
656100
2944
2982
2989
2949
2949
471500
2949
2990
2991
2943
2947
819500
2947
2948
2971
2920
2936
639700
2936
2905
2929
2901
2923
598600
2923
2931
2935
2898
2913
574300
2913
2924
2993
2915
2969
1094800
2969
3005
3025
2992
3010
636400
3010
3035
3040
3010
3030
461000
3030
3025
3040
3010
3020
550400
3020
3040
3045
3000
3000
961400
3000
3005
3055
2994
3050
582600
3050
3030
3085
2910
2949
2299100
2949
2955
2986
2922
2926
1354700
2926
2932
2943
2904
2915
772400
2915
2903
2963
2896
2963
754900
2963
2965
2989
2956
2963
958600
2963
2949
2964
2936
2950
708900
2950
2931
2938
2902
2905
835800
2905
2910
2917
2840
2845
1031700
2845
2845
2869
2820
2869
711600
2869
2869
2872
2814
2831
559500
2831
2781
2806
2752
2802
796900
2802
2818
2818
2791
2814
445400
2814
2817
2817
2791
2809
503500
2809
2781
2790
2752
2786
787900
2786
2798
2831
2787
2831
711200
2831
2830
2834
2814
2832
705200
2832
2825
2829
2792
2805
809600
2805
2839
2878
2832
2867
641500
2867
2900
2931
2900
2911
748300
2911
2913
2942
2910
2934
594100
2934
2951
2953
2897
2915
906700
2915
2874
2905
2862
2874
1085900
2874
2855
2855
2807
2812
741800
2812
2817
2823
2754
2767
1014800
2767
2753
2770
2730
2752
988600
2752
2728
2757
2719
2744
681000
2744
2714
2714
2681
2691
1004800
2691
2687
2731
2686
2712
767300
2712
2716
2720
2688
2697
663400
2697
2688
2690
2636
2648
873600
2648
2643
2692
2636
2682
691700
2682
2706
2752
2699
2745
1023000
2745
2733
2803
2721
2789
1166000
2789
2839
2867
2816
2838
889800
2838
2847
2850
2811
2828
717000
2828
2850
2869
2840
2869
1188000
2869
2850
2887
2844
2887
983200
2887
2855
2857
2808
2848
878400
2848
2846
2852
2810
2812
696700
2812
2829
2878
2826
2841
1367700
2841
2861
2904
2848
2862
774200
2862
2900
2936
2900
2917
1071900
2917
2910
2942
2904
2911
809100
2911
2890
2919
2865
2893
1021900
2893
2837
2843
2809
2811
1084200
2811
2756
2767
2732
2761
1034400
2761
2763
2775
2720
2738
918300
2738
2638
2680
2622
2633
1285400
2633
2600
2651
2598
2648
1014600
2648
2623
2634
2601
2610
712900
2610
2606
2651
2606
2650
572400
2650
2693
2700
2665
2678
670800
2678
2651
2659
2632
2650
667500
2650
2624
2674
2614
2669
679700
2669
2647
2688
2620
2679
491400
2679
2644
2645
2587
2587
953000
2587
2606
2606
2548
2563
884600
2563
2483
2495
2442
2478
1215200
2478
2486
2499
2414
2440
1188600
2440
2461
2493
2445
2453
608600
2453
2353
2511
2352
2490
2678600
2490
2481
2541
2458
2535
1101400
2535
2550
2728
2515
2614
2926300
2614
2645
2833
2642
2814
2605100
2814
2797
2856
2787
2821
1458000
2821
2855
2869
2807
2811
986500
2811
2821
2848
2740
2752
1791000
2752
2807
2845
2792
2813
1424600
2813
2813
2820
2777
2807
762700
2807
2785
2828
2772
2811
811200
2811
2737
2758
2696
2754
846400
2754
2763
2818
2750
2817
897600
2817
2817
2865
2815
2854
1316700
2854
2874
2900
2830
2860
1256300
2860
2880
2953
2870
2953
1196900
2953
2913
2930
2895
2919
1109800
2919
2869
2920
2850
2906
1249600
2906
2912
2918
2874
2880
1078700
2880
2877
2910
2859
2874
824500
2874
2895
2905
2884
2890
652400
2890
2878
2896
2816
2853
979000
2853
2888
2909
2868
2880
555000
2880
2879
2910
2866
2881
1844300
2881
2953
2972
2927
2935
942100
2935
2922
2932
2887
2892
772600
2892
2846
2860
2810
2832
835900
2832
2789
2792
2733
2768
1134700
2768
2762
2768
2692
2724
879400
2724
2662
2662
2610
2636
1427500
2636
2623
2636
2567
2585
942600
2585
2582
2620
2576
2613
1002400
2613
2613
2629
2579
2618
1303400
2618
2618
2641
2552
2580
1037600
2580
2584
2644
2579
2587
962600
2587
2543
2571
2527
2565
1301600
2565
2583
2588
2533
2567
917700
2567
2542
2576
2491
2498
1050600
2498
2485
2502
2430
2447
1331200
2447
2351
2367
2313
2325
821300
2325
2344
2391
2328
2379
788500
2379
2455
2506
2445
2481
982100
2481
2474
2524
2468
2484
564900
2484
