3350
3425
3335
3425
791500
3425
3435
3470
3430
3460
512500
3460
3500
3530
3470
3485
655700
3485
3475
3485
3435
3470
536800
3470
3450
3455
3425
3450
573800
3450
3450
3470
3410
3420
521100
3420
3440
3445
3365
3370
461100
3370
3375
3380
3340
3365
531100
3365
3360
3360
3340
3350
536000
3350
3400
3400
3270
3275
867000
3275
3300
3300
3255
3280
459200
3280
3300
3305
3270
3305
458500
3305
3320
3355
3300
3350
541900
3350
3360
3375
3310
3315
495100
3315
3290
3310
3280
3285
457100
3285
3295
3305
3255
3260
552200
3260
3265
3310
3245
3300
556600
3300
3300
3325
3260
3275
698800
3275
3250
3290
3245
3250
553300
3250
3265
3280
3240
3270
602100
3270
3245
3260
3220
3250
494000
3250
3360
3460
3315
3410
2503200
3410
3340
3405
3240
3310
2341800
3310
3410
3490
3370
3370
1717500
3370
3380
3430
3355
3395
1027200
3395
3290
3300
3205
3265
1254400
3265
3300
3305
3215
3225
857400
3225
3235
3285
3195
3250
953800
3250
3285
3320
3265
3270
767900
3270
3280
3375
3275
3350
746600
3350
3395
3485
3390
3470
801400
3470
3475
3475
3420
3445
459500
3445
3445
3460
3410
3420
512000
3420
3410
3420
3350
3375
803600
3375
3380
3415
3130
3160
3276200
3160
3340
3415
3295
3310
2099400
3310
3330
3385
3330
3350
777400
3350
3360
3395
3330
3360
784900
3360
3340
3345
3265
3285
725400
3285
3215
3240
3190
3220
663200
3220
3180
3195
3105
3120
714300
3120
3175
3215
3165
3180
692000
3180
3150
3170
3095
3105
657900
3105
3120
3125
3030
3040
904100
3040
3055
3105
3015
3035
1013900
3035
3105
3135
3080
3130
596000
3130
3130
3145
3105
3145
482300
3145
3140
3170
3130
3155
502300
3155
3155
3175
3100
3135
706200
3135
3140
3175
3110
3110
769300
3110
3105
3130
3065
3070
583400
3070
3070
3145
3065
3140
802400
3140
3145
3160
3070
3095
826400
3095
3095
3125
3010
3025
1189800
3025
2998
3050
2977
3050
672800
3050
3110
3180
3110
3145
1430800
3145
3070
3100
3040
3100
795000
3100
3120
3140
3060
3090
524900
3090
3115
3145
3095
3105
861300
3105
3100
3150
3100
3110
423700
3110
3075
3100
3055
3090
461500
3090
3100
3105
3030
3040
554200
3040
3060
3090
3040
3070
491400
3070
3075
3120
3070
3075
578300
3075
3085
3130
3070
3095
433600
3095
3080
3180
3080
3170
535400
3170
3190
3245
3185
3200
533900
3200
3205
3225
3165
3190
560200
3190
3205
3250
3205
3240
411500
3240
3265
3290
3230
3245
544200
3245
3265
3270
3235
3245
459100
3245
3245
3310
3245
3300
398000
3300
3340
3395
3340
3370
703100
3370
3330
3395
3325
3380
545600
3380
3400
3405
3365
3375
411800
3375
3420
3485
3410
3475
824300
3475
3430
3445
3360
3390
663600
3390
3405
3405
3335
3345
570600
3345
3360
3380
3315
3340
625500
3340
3320
3330
3280
3310
672400
3310
3330
3355
3295
3310
480400
3310
3315
3315
3230
3270
603800
3270
3290
3310
3265
3275
372300
3275
3290
3295
3255
3270
425400
3270
3290
3355
3285
3330
695600
3330
3260
3365
3255
3315
900300
3315
3340
3400
3325
3390
552100
3390
3400
3420
3375
3375
602200
3375
3390
3435
3380
3400
624100
3400
3420
3490
3420
3470
623500
3470
3490
3500
3475
3490
490400
3490
3470
3475
3420
3420
478700
3420
3410
3460
3410
3430
479500
3430
3400
3445
3395
3415
570700
3415
3420
3440
3375
3375
497100
3375
3390
3440
3370
3420
812400
3420
3435
3470
3425
3440
516000
3440
3420
3420
3305
3330
860700
3330
3230
3240
3155
3170
1154100
3170
3185
3195
3095
3095
1319000
3095
3080
3115
3060
3080
592300
3080
3130
3175
3120
3155
449900
3155
3170
3190
3150
3165
469400
3165
3145
3185
3135
3175
362100
3175
3210
3240
3180
3185
614400
3185
3115
3140
3025
3125
1067100
3125
3140
3185
3130
3140
470200
3140
3185
3210
3145
3200
596800
3200
3200
3210
3145
3175
476300
3175
3210
3210
3150
3155
395200
3155
3160
3160
3065
3085
562600
3085
3055
3060
3000
3030
491500
3030
2999
3025
2925
2929
1124200
2929
2893
2915
2830
2914
952900
2914
2930
2973
2913
2919
692500
2919
2879
2896
2854
2872
488200
2872
2864
2866
2831
2840
535600
2840
2818
2909
2801
2904
504300
2904
2945
2945
2832
2858
512400
2858
2862
2884
2834
2867
415800
2867
2865
2883
2836
2879
312800
2879
2881
2899
2818
2821
330000
2821
2844
2857
2808
2855
560000
2855
2846
2858
2824
2845
408400
2845
2850
2859
2824
2829
288600
2829
2859
2894
2843
2856
461800
2856
2876
2894
2837
2883
294700
2883
2894
2940
2884
2921
449000
2921
2900
2900
2848
2882
295900
2882
2853
2861
2819
2831
448900
2831
2820
2889
2820
2870
362900
2870
2871
2958
2871
2931
462400
2931
2944
2947
2879
2908
533900
2908
2915
2937
2892
2923
486100
2923
2919
2938
2874
2895
465600
2895
2845
2862
2833
2857
392700
2857
2869
2885
2831
2847
399300
2847
2871
2910
2869
2910
355100
2910
2940
2968
2923
2938
308300
2938
2963
2992
2946
2984
428700
2984
2960
3050
2955
3030
441500
3030
3040
3040
2961
2995
579000
2995
3010
3065
2927
2932
858600
2932
2945
2998
2897
2927
588500
2927
2945
2945
2867
2873
434000
2873
2864
2892
2834
2838
392800
2838
2818
2861
2805
2861
360000
2861
2837
2867
2826
2849
467600
2849
2828
2887
2827
2878
412800
2878
2872
2878
2820
2826
556100
2826
2806
2806
2728
2729
506300
2729
2739
2762
2712
2758
469000
2758
2756
2777
2688
2705
442400
2705
2655
2677
2624
2674
481000
2674
2690
2704
2677
2698
413000
2698
2698
2710
2672
2695
463900
2695
2668
2692
2647
2686
420000
2686
2700
2734
2691
2734
375500
2734
2728
2754
2715
2746
490400
2746
2777
2795
2744
2750
327600
2750
2744
2827
2734
2806
480100
2806
2840
2870
2827
2835
442000
2835
2827
2862
2827
2851
306800
2851
2866
2885
2824
2837
527100
2837
2812
2836
2802
2827
371900
2827
2832
2832
2761
2781
292900
2781
2734
2750
2682
2691
596700
2691
2671
2698
2655
2683
504100
2683
2698
2746
2685
2708
560600
2708
2689
2697
2658
2669
382000
2669
2660
2681
2654
2659
258800
2659
2650
2654
2625
2649
353800
2649
2642
2648
2572
2591
430200
2591
2588
2644
2580
2620
459000
2620
2628
2668
2622
2668
543300
2668
2658
2747
2653
2734
491900
2734
2795
2865
2786
2853
709700
2853
2851
2860
2825
2847
575600
2847
2875
2937
2875
2924
691200
2924
2950
3015
2920
3000
854800
3000
3010
3040
2987
3030
449800
3030
3015
3050
2996
2998
528100
2998
3025
3115
2989
3090
805000
3090
3105
3120
3070
3100
454200
3100
3130
3155
3065
3080
619400
3080
3040
3075
3005
3020
628100
3020
3060
3090
3015
3040
502500
3040
2993
3010
2950
2952
900700
2952
2911
2912
2829
2843
835400
2843
2838
2841
2772
2817
794800
2817
2719
2754
2698
2712
541300
2712
2665
2721
2662
2717
465100
2717
2698
2705
2651
2673
439300
2673
2650
2699
2646
2687
530900
2687
2724
2753
2696
2710
461700
2710
2715
2718
2662
2664
272900
2664
2614
2631
2602
2616
533100
2616
2598
2630
2563
2621
482300
2621
2596
2605
2539
2542
486100
2542
2515
2517
2409
2449
955300
2449
2351
2385
2337
2346
848500
2346
2355
2362
2307
2336
809100
2336
2361
2387
2337
2371
566900
2371
2358
2415
2349
2407
1091700
2407
2422
2479
2414
2468
771300
2468
2478
2514
2471
2507
744600
2507
2471
2567
2471
2553
2057700
2553
2515
2557
2485
2503
984100
2503
2506
2522
2489
2492
637100
2492
2517
2544
2469
2480
669600
2480
2536
2548
2500
2504
686300
2504
2514
2588
2507
2587
851400
2587
2555
2565
2516
2563
420200
2563
2513
2520
2464
2490
494200
2490
2480
2522
2474
2514
503600
2514
2516
2571
2514
2565
618700
2565
2580
2626
2537
2542
815400
2542
2543
2595
2543
2591
460400
2591
2579
2602
2558
2575
520800
2575
2542
2602
2536
2593
525600
2593
2620
2623
2563
2603
587100
2603
2600
2620
2577
2595
547800
2595
2609
2616
2583
2606
587900
2606
2605
2617
2515
2595
1023400
2595
2600
2661
2599
2630
746400
2630
2622
2643
2586
2587
974000
2587
2629
2671
2625
2644
692700
2644
2607
2609
2556
2560
900300
2560
2513
2550
2501
2517
559900
2517
2498
2509
2445
2480
685300
2480
2480
2483
2407
2443
684700
2443
2410
2416
2365
2391
552400
2391
2392
2398
2336
2353
701700
2353
2372
2419
2357
2412
618400
2412
2429
2468
2416
2465
639500
2465
2450
2462
2388
2427
687300
2427
2377
2410
2350
2356
982700
2356
2310
2315
2271
2305
1084000
2305
2314
2334
2285
2309
530700
2309
2271
2304
2223
2232
551200
2232
2209
2219
2142
2166
899200
2166
2082
2090
2047
2055
589400
2055
2075
2117
2060
2104
668800
2104
2198
2215
2158
2211
738300
2211
2209
2264
2203
2234
569900
2234
