1688
1724
1688
1720
756600
1720
1722
1728
1709
1725
585700
1725
1730
1736
1724
1727
456800
1727
1723
1723
1706
1715
332000
1715
1715
1719
1695
1717
515700
1717
1715
1723
1688
1690
927900
1690
1683
1690
1668
1670
500300
1670
1669
1673
1659
1667
347900
1667
1665
1697
1663
1692
888800
1692
1706
1707
1661
1666
791900
1666
1662
1670
1651
1655
633100
1655
1656
1660
1649
1653
441200
1653
1651
1667
1641
1665
548600
1665
1664
1667
1649
1652
398000
1652
1653
1653
1632
1632
585600
1632
1641
1649
1633
1635
468200
1635
1630
1649
1629
1638
563900
1638
1627
1645
1618
1623
702400
1623
1638
1638
1602
1606
752300
1606
1596
1603
1574
1581
839000
1581
1565
1588
1554
1563
987100
1563
1550
1550
1512
1514
758000
1514
1451
1459
1388
1414
1619700
1414
1442
1455
1405
1406
1241200
1406
1401
1431
1400
1421
820700
1421
1363
1375
1352
1365
1365100
1365
1392
1393
1353
1356
871000
1356
1356
1368
1323
1336
883900
1336
1349
1361
1340
1344
638100
1344
1351
1370
1348
1359
532700
1359
1376
1390
1368
1389
542600
1389
1384
1391
1374
1380
701300
1380
1380
1392
1372
1376
707400
1376
1362
1366
1347
1354
759600
1354
1368
1375
1360
1374
605100
1374
1388
1399
1373
1383
684500
1383
1400
1405
1388
1397
694900
1397
1390
1402
1381
1381
777700
1381
1385
1385
1351
1359
803600
1359
1336
1338
1316
1319
1011000
1319
1313
1326
1308
1313
601600
1313
1332
1339
1318
1321
566500
1321
1315
1323
1302
1314
1067800
1314
1326
1327
1311
1318
1036900
1318
1335
1363
1334
1345
1632200
1345
1371
1372
1351
1360
567700
1360
1342
1374
1339
1372
703000
1372
1366
1374
1360
1368
582300
1368
1361
1366
1341
1355
540900
1355
1369
1369
1339
1342
731500
1342
1333
1351
1332
1337
461700
1337
1325
1339
1321
1337
503100
1337
1338
1338
1322
1330
638800
1330
1283
1293
1258
1262
1400800
1262
1262
1285
1253
1285
643600
1285
1293
1319
1290
1318
847400
1318
1292
1305
1284
1304
738800
1304
1324
1326
1293
1306
551600
1306
1320
1321
1298
1307
604600
1307
1300
1320
1297
1302
495800
1302
1281
1291
1273
1288
695100
1288
1288
1293
1279
1288
626700
1288
1300
1320
1297
1311
821800
1311
1330
1332
1314
1317
838400
1317
1298
1304
1286
1301
610900
1301
1309
1337
1303
1332
584600
1332
1334
1334
1317
1323
454500
1323
1323
1323
1311
1319
492200
1319
1327
1340
1322
1323
533900
1323
1327
1328
1311
1326
368500
1326
1328
1336
1323
1327
431000
1327
1330
1346
1320
1342
416500
1342
1353
1378
1351
1374
558700
1374
1374
1375
1349
1352
581600
1352
1358
1358
1346
1349
316800
1349
1363
1365
1346
1357
488600
1357
1354
1369
1346
1369
363900
1369
1374
1384
1370
1380
552400
1380
1391
1392
1364
1371
669300
1371
1375
1383
1365
1380
677100
1380
1392
1398
1384
1390
572700
1390
1375
1375
1337
1347
710900
1347
1346
1371
1345
1359
633200
1359
1359
1378
1351
1378
558100
1378
1367
1386
1366
1373
350400
1373
1345
1352
1292
1311
1278600
1311
1310
1311
1287
1295
759100
1295
1290
1307
1287
1302
587100
1302
1299
1310
1295
1305
683300
1305
1312
1322
1305
1314
578000
1314
1330
1330
1311
1315
668500
1315
1315
1318
1304
1307
554200
1307
1309
1315
1300
1302
569400
1302
1288
1296
1276
1278
958300
1278
1263
1272
1239
1242
963600
1242
1239
1245
1224
1226
610600
1226
1224
1227
1216
1227
446100
1227
1225
1226
1207
1214
633000
1214
1190
1196
1181
1192
815800
1192
1201
1202
1185
1196
837100
1196
1190
1200
1179
1196
856300
1196
1190
1197
1181
1183
915800
1183
1189
1192
1184
1187
482500
1187
1192
1207
1182
1207
683200
1207
1208
1224
1207
1207
722100
1207
1225
1225
1201
1203
1196900
1203
1211
1212
1198
1199
365700
1199
1202
1209
1200
1205
595900
1205
1200
1210
1196
1204
454400
1204
1205
1211
1196
1206
531200
1206
1210
1212
1196
1198
910100
1198
1192
1203
1185
1200
712500
1200
1200
1217
1194
1196
1137000
1196
1194
1196
1166
1189
1047300
1189
1186
1194
1179
1186
721100
1186
1186
1212
1181
1202
992700
1202
1210
1224
1207
1212
492300
1212
1215
1247
1206
1244
688500
1244
1253
1259
1230
1233
502800
1233
1232
1245
1223
1239
448800
1239
1239
1244
1232
1239
615300
1239
1235
1242
1210
1211
487200
1211
1214
1214
1180
1193
976000
1193
1165
1183
1143
1145
1294700
1145
1144
1165
1144
1161
999400
1161
1155
1172
1151
1158
950700
1158
1158
1186
1158
1181
529200
1181
1180
1193
1177
1178
698600
1178
1175
1182
1165
1177
677100
1177
1171
1178
1164
1167
738400
1167
1180
1199
1179
1194
767100
1194
1198
1237
1195
1233
673300
1233
1231
1236
1217
1217
472300
1217
1220
1223
1214
1216
406700
1216
1214
1219
1196
1206
672300
1206
1198
1211
1196
1210
522800
1210
1214
1218
1197
1201
507800
1201
1213
1214
1199
1214
693300
1214
1233
1237
1217
1223
600900
1223
1235
1235
1216
1232
607800
1232
1245
1260
1245
1253
708700
1253
1260
1278
1251
1271
1132100
1271
1270
1298
1265
1297
1045400
1297
1288
1294
1268
1275
577900
1275
1274
1274
1259
1268
522800
1268
1263
1269
1253
1263
524300
1263
1263
1275
1258
1269
388500
1269
1266
1272
1257
1265
578200
1265
1265
1270
1255
1265
493000
1265
1268
1268
1249
1256
805200
1256
1241
1251
1235
1248
679400
1248
1248
1272
1245
1271
745800
1271
1272
1278
1253
1265
567200
1265
1258
1276
1243
1268
672900
1268
1271
1278
1263
1276
514000
1276
1279
1281
1264
1266
405700
1266
1264
1273
1255
1271
586000
1271
1278
1286
1271
1286
445800
1286
1293
1294
1266
1271
627900
1271
1282
1283
1266
1276
402700
1276
1269
1286
1267
1280
333500
1280
1289
1306
1288
1302
627700
1302
1308
1327
1307
1322
578800
1322
1333
1333
1299
1306
1796600
1306
1293
1310
1288
1305
574100
1305
1305
1305
1276
1283
418500
1283
1282
1283
1267
1271
470100
1271
1268
1280
1261
1271
440900
1271
1266
1282
1260
1270
425100
1270
1272
1275
1243
1251
524900
1251
1251
1251
1227
1238
515600
1238
1232
1237
1222
1234
484200
1234
1233
1235
1215
1223
493700
1223
1224
1249
1224
1247
467700
1247
1265
1267
1250
1256
1117400
1256
1266
1315
1262
1311
649100
1311
1327
1328
1307
1317
617000
1317
1318
1319
1294
1313
718900
1313
1318
1334
1311
1326
699400
1326
1337
1352
1331
1348
633900
1348
1347
1347
1331
1346
599300
1346
1333
1350
1329
1333
530900
1333
1345
1366
1338
1351
758400
1351
1351
1357
1344
1347
469400
1347
1352
1373
1352
1368
777300
1368
1368
1376
1345
1354
491400
1354
1369
1370
1350
1358
740400
1358
1346
1352
1339
1342
513800
1342
1347
1348
1317
1338
713600
1338
1327
1334
1312
1312
685100
1312
1289
1312
1285
1296
823400
1296
1266
1293
1266
1289
1149900
1289
1271
1302
1271
1296
635000
1296
1290
1312
1288
1310
519100
1310
1319
1322
1311
1315
448500
1315
1298
1311
1298
1303
337500
1303
1282
1295
1282
1292
438500
1292
1293
1305
1279
1299
317200
1299
1286
1287
1262
1264
602500
1264
1279
1284
1258
1276
640700
1276
1250
1261
1234
1243
783700
1243
1250
1278
1242
1264
746100
1264
1274
1300
1270
1293
545000
1293
1284
1291
1275
1288
1372000
1288
1293
1359
1293
1348
986900
1348
1345
1375
1345
1370
813500
1370
1371
1379
1348
1370
674100
1370
1365
1380
1354
1369
528800
1369
1385
1394
1364
1381
648000
1381
1394
1416
1380
1387
632200
1387
1410
1446
1403
1438
656700
1438
1439
1449
1430
1442
600400
1442
1436
1452
1424
1450
371200
1450
1430
1432
1411
1423
431300
1423
1411
1436
1407
1436
423900
1436
1420
1435
1413
1434
519500
1434
1422
1433
1415
1424
557100
1424
1423
1433
1416
1426
490200
1426
1419
1439
1411
1439
527100
1439
1420
1432
1412
1428
437000
1428
1445
1445
1426
1431
472700
1431
1430
1454
1424
1446
734800
1446
1460
1470
1447
1459
693700
1459
1473
1485
1456
1485
729000
1485
1500
1506
1480
1490
535300
1490
1500
1508
1489
1495
866700
1495
1505
1509
1465
1471
682500
1471
1474
1474
1441
1443
470200
1443
1432
1436
1417
1433
428200
1433
1429
1429
1407
1418
547100
1418
1405
1419
1399
1417
579600
1417
1394
1409
1392
1407
597200
1407
1402
1406
1389
1395
641300
1395
1410
1432
1409
1423
727800
1423
1426
1442
1426
1433
640800
1433
1424
1443
1422
1422
1314500
1422
1433
1450
1428
1436
460500
1436
1420
1431
1413
1425
520600
1425
1437
1437
1403
1409
582300
1409
1399
1407
1367
1378
1072400
1378
1380
1410
1367
1368
829200
1368
1321
1332
1304
1307
805400
1307
1307
1336
1305
1334
726000
1334
1370
1401
1359
1395
948600
1395
1393
1404
1386
1401
634900
1401
