6500
6519
6425
6516
2346300
6516
6516
6582
6496
6568
2107000
6568
6624
6680
6620
6647
1963200
6647
6650
6693
6642
6666
1373900
6666
6600
6618
6519
6545
2205000
6545
6530
6537
6425
6445
2081200
6445
6468
6485
6397
6419
1519400
6419
6427
6456
6420
6446
938800
6446
6404
6410
6373
6391
1960300
6391
6449
6465
6400
6422
2139700
6422
6442
6477
6432
6466
1574300
6466
6453
6491
6430
6491
1349600
6491
6532
6641
6504
6621
2071200
6621
6596
6641
6583
6610
1438900
6610
6510
6565
6510
6545
1468800
6545
6579
6659
6579
6644
2380600
6644
6643
6653
6590
6595
1303900
6595
6564
6592
6483
6511
1898800
6511
6500
6510
6415
6415
2205300
6415
6450
6522
6450
6522
1578200
6522
6599
6613
6460
6516
2548700
6516
6420
6430
6296
6317
2760900
6317
6117
6139
5903
5993
4221500
5993
6137
6190
6026
6028
3578900
6028
6114
6154
6075
6136
2209700
6136
5950
5978
5912
5976
2839700
5976
6004
6007
5890
5900
2330400
5900
5900
5943
5880
5914
2105400
5914
5997
6010
5927
5943
1749900
5943
5972
6015
5940
5949
1507400
5949
6000
6021
5945
5978
1382300
5978
5950
5955
5900
5910
1521700
5910
5910
5939
5861
5923
2122900
5923
5906
5923
5860
5886
2708700
5886
5970
5974
5929
5956
2678900
5956
6000
6068
5994
6064
1970200
6064
6150
6221
6131
6201
2395900
6201
6199
6218
6107
6112
2390600
6112
6037
6057
5995
6020
2351200
6020
5900
5924
5831
5853
2364400
5853
5831
5868
5795
5830
1463900
5830
5900
5957
5848
5862
1689300
5862
5858
5869
5776
5783
2199400
5783
5850
5856
5752
5771
1775600
5771
5769
5770
5609
5618
5661300
5618
5707
5755
5661
5686
2134100
5686
5687
5712
5665
5696
1958500
5696
5678
5690
5643
5648
1998800
5648
5635
5666
5616
5641
1626200
5641
5655
5663
5623
5642
2072500
5642
5621
5621
5543
5561
2113400
5561
5560
5560
5474
5493
2596200
5493
5450
5609
5428
5609
2650900
5609
5493
5532
5471
5487
3587600
5487
5472
5550
5444
5550
2518700
5550
5585
5645
5531
5640
2656000
5640
5479
5544
5458
5532
2203600
5532
5332
5338
5120
5120
6902000
5120
5120
5205
5105
5183
4669700
5183
5170
5178
5104
5104
2485000
5104
5088
5163
5029
5157
2937600
5157
5180
5300
5178
5285
3630200
5285
5341
5418
5264
5265
4234800
5265
5245
5250
4997
5000
8024900
5000
4995
5048
4971
5025
3478300
5025
5026
5045
5000
5000
2807000
5000
5003
5080
4999
5055
2798200
5055
5060
5114
4985
4995
3890600
4995
4987
4992
4910
4911
3754600
4911
4901
5021
4898
5016
3005500
5016
5045
5123
5033
5117
3743200
5117
5122
5127
5095
5098
3098200
5098
5100
5108
5088
5095
2398900
5095
4925
4995
4855
4857
8305100
4857
4854
4935
4795
4923
5821900
4923
4900
4900
4806
4851
5845000
4851
4724
4730
4398
4510
18668500
4510
4490
4579
4440
4556
12569600
4556
4550
4684
4541
4621
7480800
4621
4600
4624
4537
4594
7005800
4594
4570
4579
4533
4535
5090000
4535
4535
4538
4460
4460
8170200
4460
4500
4645
4437
4638
16183100
4638
4498
4582
4413
4529
21208000
4529
4550
4698
4525
4621
10766500
4621
4687
4688
4636
4654
7550600
4654
4709
4804
4703
4798
8987400
4798
4800
4854
4695
4695
9729500
4695
4700
4763
4673
4757
6654600
4757
4771
4782
4701
4739
6345900
4739
4711
4733
4682
4690
5379500
4690
4684
4697
4624
4630
3562400
4630
4630
4720
4630
4676
6473500
4676
4630
4648
4598
4600
4978400
4600
4551
4573
4491
4499
5580800
4499
4490
4521
4465
4465
4682300
4465
4465
4485
4440
4448
2756900
4448
4450
4480
4442
4473
2996400
4473
4424
4427
4384
4384
5547700
4384
4400
4488
4400
4452
5535800
4452
4394
4395
4300
4300
7090000
4300
4320
4346
4237
4243
7096600
4243
4280
4304
4250
4296
5655600
4296
4260
4314
4258
4304
3418900
4304
4313
4340
4301
4326
3902600
4326
4302
4312
4282
4290
3434000
4290
4290
4314
4275
4291
2036700
4291
4323
4429
4319
4384
4320800
4384
4375
4404
4341
4367
3363000
4367
4360
4376
4321
4338
2640000
4338
4379
4384
4341
4365
3324600
4365
4350
4351
4297
4306
2510600
4306
4262
4267
4203
4203
5281900
4203
4204
4306
4203
4302
5210400
4302
4417
4535
4411
4494
9271600
4494
4450
4485
4375
4468
8024700
4468
4455
4557
4437
4526
4865600
4526
4501
4530
4495
4502
5268200
4502
4540
4570
4409
4420
4899400
4420
4460
4538
4441
4524
4885700
4524
4564
4678
4552
4678
7481900
4678
4659
4660
4554
4560
5872000
4560
4598
4600
4536
4574
4012100
4574
4549
4555
4457
4544
3400200
4544
4587
4597
4524
4536
2802600
4536
4625
4663
4561
4623
5446100
4623
4650
4673
4590
4630
3040300
4630
4648
4650
4598
4630
3512400
4630
4600
4611
4492
4586
4874100
4586
4628
4666
4594
4611
4269500
4611
4632
4698
4618
4691
4776700
4691
4689
4750
4657
4730
4507400
4730
4750
4750
4681
4725
3384100
4725
4740
4794
4730
4734
4729200
4734
4759
4764
4691
4728
3238600
4728
4683
4741
4681
4733
2401600
4733
4750
4757
4710
4716
2814000
4716
4725
4739
4711
4727
1598300
4727
4739
4740
4710
4738
2552600
4738
4725
4733
4670
4678
2603700
4678
4646
4674
4602
4621
2435500
4621
4637
4677
4589
4675
3992500
4675
4768
4846
4678
4844
7209600
4844
4844
4844
4733
4781
6090000
4781
4771
4776
4719
4759
3314000
4759
4799
4808
4765
4770
2415900
4770
4770
4772
4728
4770
2230700
4770
4770
4774
4741
4748
2460100
4748
4748
4754
4731
4741
1793200
4741
4740
4740
4688
4692
3603400
4692
4677
4716
4636
4640
3658300
4640
4640
4645
4561
4587
3377300
4587
4580
4607
4534
4540
3002800
4540
4540
4627
4530
4613
3990100
4613
4600
4607
4537
4537
4005800
4537
4535
4551
4501
4536
2259600
4536
4536
4577
4515
4557
2068700
4557
4551
4578
4528
4574
2127200
4574
4581
4588
4519
4521
2628300
4521
4561
4617
4557
4616
3005700
4616
4619
4665
4609
4651
2104700
4651
4680
4706
4648
4660
2095300
4660
4677
4677
4591
4594
3235400
4594
4630
4637
4595
4600
3074900
4600
4593
4662
4573
4653
3158700
4653
4620
4646
4574
4638
2264800
4638
4617
4635
4586
4635
2225500
4635
4615
4625
4558
4558
3025800
4558
4557
4570
4485
4488
3335900
4488
4425
4429
4342
4374
6102700
4374
4363
4450
4363
4433
4435700
4433
4469
4607
4454
4600
5838800
4600
4600
4600
4532
4574
4858600
4574
4600
4672
4599
4652
4060400
4652
4700
4700
4652
4685
5236600
4685
4700
4793
4693
4737
8751700
4737
4770
4795
4678
4686
5862400
4686
4675
4728
4622
4713
5026400
4713
4715
4734
4683
4713
5761400
4713
4700
4785
4693
4757
8403900
4757
4699
4870
4696
4835
10153100
4835
4804
4915
4787
4899
7681200
4899
4930
4943
4840
4861
6659100
4861
4850
4860
4718
4723
6649900
4723
4731
4800
4706
4725
5455700
4725
4717
4779
4715
4747
4677800
4747
4747
4747
4650
4650
5751200
4650
4620
4643
4548
4556
6159700
4556
4500
4556
4494
4500
6193800
4500
4505
4564
4488
4539
4503800
4539
4450
4461
4364
4429
6967500
4429
4367
4406
4340
4394
6699900
4394
4400
4465
4399
4406
4504800
4406
4450
4551
4434
4550
4904700
4550
4600
4661
4586
4661
5727000
4661
4700
4755
4686
4704
8359300
4704
4612
4660
4571
4641
5984300
4641
4606
4641
4598
4602
4977600
4602
4556
4562
4526
4528
5909300
4528
4528
4554
4470
4508
5850800
4508
4396
4399
4303
4303
7078100
4303
4373
4412
4346
4368
6999700
4368
4365
4501
4359
4461
6124200
4461
4487
4536
4447
4473
9359800
4473
4543
4570
4486
4570
5426300
4570
4707
4728
4562
4587
7808400
4587
4634
4654
4546
4627
5363200
4627
4590
4610
4528
4560
3886000
4560
4562
4677
4562
4628
4541500
4628
4640
4693
4617
4647
5247800
4647
4679
4713
4595
4605
6382500
4605
4570
4585
4497
4497
6302100
4497
4500
4576
4478
4559
4851700
4559
4513
4546
4478
4520
7039900
4520
4492
4536
4463
4500
5398700
4500
4440
4450
4387
4407
6024000
4407
4357
4365
4285
4293
7734500
4293
4343
4464
4335
4451
6382900
4451
4370
4476
4363
4476
6420800
4476
4343
4350
4309
4319
8101400
4319
4300
4321
4258
4304
6350100
4304
4300
4327
4246
4288
6017300
4288
4248
4262
4178
4180
8821400
4180
4173
4247
4142
4236
9208500
4236
4208
4218
4160
4160
7889600
4160
4124
4260
4112
4255
11293000
4255
4275
4276
4201
4230
7812000
4230
4206
4241
4162
4195
8188200
4195
4140
4310
4101
4240
20613600
4240
4141
4168
4096
4104
13197600
4104
4000
4032
3859
3889
17163200
3889
3800
3819
3761
3771
11677300
3771
3739
3754
3678
3692
11749000
3692
3673
3750
3662
3718
12376200
3718
3850
4004
3835
3980
20372200
3980
4000
4028
3955
3981
11583700
3981
3934
3980
3907
3943
10343000
3943
3715
3733
3586
3590
17205900
3590
3558
3608
3498
3588
20775300
3588
3649
3936
3632
3840
25378300
3840
3800
3949
3720
3835
51060700
3835
3630
3698
3610
3640
10435100
3640
3701
3743
3660
3718
5888200
3718
3850
3865
3743
3792
8212100
3792
3760
3776
3692
3705
8609400
3705
