1686
1723
1686
1723
1815500
1723
1748
1768
1734
1763
1660400
1763
1775
1775
1709
1712
1669400
1712
1720
1736
1713
1727
973200
1727
1707
1712
1678
1685
1474200
1685
1682
1688
1651
1655
1536200
1655
1700
1702
1654
1673
1415600
1673
1670
1676
1652
1653
908600
1653
1638
1638
1604
1617
2197300
1617
1633
1634
1598
1605
1736600
1605
1609
1613
1573
1584
1462400
1584
1585
1600
1583
1600
771000
1600
1609
1633
1609
1623
1123900
1623
1606
1627
1605
1618
921400
1618
1613
1620
1597
1600
941400
1600
1617
1631
1599
1600
1304000
1600
1605
1614
1593
1599
977500
1599
1583
1616
1574
1603
2891600
1603
1637
1638
1596
1612
2651300
1612
1615
1628
1610
1623
2028700
1623
1611
1618
1586
1606
1552200
1606
1575
1579
1539
1540
1896800
1540
1480
1502
1463
1490
3252400
1490
1526
1554
1500
1503
2252200
1503
1496
1510
1488
1505
1357000
1505
1469
1498
1454
1497
2580700
1497
1507
1510
1463
1467
1686400
1467
1490
1543
1484
1540
2992000
1540
1638
1704
1617
1700
6513000
1700
1695
1727
1685
1702
3761600
1702
1725
1746
1701
1710
1919900
1710
1705
1730
1703
1719
1515800
1719
1651
1667
1596
1599
3992600
1599
1597
1609
1583
1606
2171300
1606
1613
1620
1603
1611
1290100
1611
1638
1675
1634
1670
1748100
1670
1678
1699
1663
1672
2264600
1672
1650
1665
1642
1643
1437600
1643
1634
1637
1597
1605
1689600
1605
1575
1593
1560
1563
2199800
1563
1569
1597
1567
1582
1158000
1582
1603
1616
1597
1603
1234100
1603
1590
1617
1582
1603
1496900
1603
1621
1637
1615
1635
1870800
1635
1668
1691
1649
1662
2379600
1662
1688
1702
1681
1688
1229100
1688
1686
1720
1685
1719
1121400
1719
1700
1719
1697
1714
1380200
1714
1693
1699
1670
1684
1292900
1684
1698
1715
1695
1708
1119900
1708
1696
1716
1676
1711
982300
1711
1703
1706
1690
1702
851700
1702
1683
1727
1683
1725
1367600
1725
1685
1704
1668
1675
2212100
1675
1664
1687
1654
1682
1734600
1682
1690
1719
1680
1717
1301500
1717
1686
1714
1685
1708
1074300
1708
1725
1762
1725
1758
1913000
1758
1766
1786
1745
1786
1498700
1786
1790
1815
1788
1805
1447000
1805
1779
1818
1770
1812
1600700
1812
1828
1847
1814
1835
1181100
1835
1850
1899
1850
1876
1311600
1876
1880
1944
1880
1933
1858700
1933
1925
1963
1918
1954
1586300
1954
1955
1989
1945
1966
1471900
1966
1971
1981
1920
1934
1375000
1934
1934
1934
1904
1907
1081100
1907
1916
1925
1906
1914
1039000
1914
1925
1981
1922
1972
1266800
1972
1971
2013
1968
2006
1590600
2006
2006
2025
2002
2015
1026700
2015
2025
2034
2006
2016
987900
2016
2009
2027
1990
2016
1038800
2016
2011
2017
1998
2016
962000
2016
2011
2027
1989
2020
1344000
2020
2020
2054
2004
2052
1461700
2052
2050
2050
2010
2039
918500
2039
1989
2020
1980
1995
1768500
1995
1981
2036
1977
2033
1119400
2033
2029
2029
1988
1992
1216400
1992
1980
1990
1956
1967
930100
1967
1957
1980
1951
1964
1309500
1964
1940
1945
1907
1935
1468200
1935
1947
1955
1920
1930
723500
1930
1951
1989
1789
1837
2526000
1837
1830
1843
1777
1786
2256400
1786
1787
1839
1787
1824
1689200
1824
1827
1910
1825
1906
1572500
1906
1915
1999
1914
1993
1721200
1993
1998
2072
1984
2061
1848000
2061
2056
2146
2053
2126
2120400
2126
2125
2155
2116
2138
1360600
2138
2151
2177
2143
2165
1442800
2165
2160
2202
2147
2192
1487600
2192
2204
2260
2200
2235
1363100
2235
2250
2266
2235
2241
977800
2241
2222
2268
2221
2259
1049400
2259
2242
2268
2204
2207
1776800
2207
2213
2283
2213
2263
2338300
2263
2237
2297
2232
2245
1605700
2245
2260
2277
2230
2266
1026100
2266
2247
2273
2237
2272
826400
2272
2248
2268
2221
2260
1118000
2260
2279
2292
2270
2272
900900
2272
2279
2295
2244
2257
1387600
2257
2257
2286
2249
2268
618600
2268
2290
2338
2285
2314
1352000
2314
2330
2352
2286
2300
1052500
2300
2296
2324
2276
2311
854900
2311
2279
2366
2277
2365
1692000
2365
2348
2379
2296
2371
1067400
2371
2369
2410
2338
2338
1353000
2338
2349
2414
2349
2392
1255600
2392
2380
2388
2285
2287
2235900
2287
2289
2350
2287
2338
1608000
2338
2338
2338
2274
2313
1309400
2313
2301
2375
2301
2369
1011600
2369
2369
2431
2361
2423
1453200
2423
2401
2415
2344
2349
1733500
2349
2375
2397
2341
2345
1220900
2345
2324
2336
2273
2276
788600
2276
2277
2329
2277
2318
1102100
2318
2300
2357
2283
2347
709400
2347
2352
2366
2323
2352
949700
2352
2375
2377
2318
2354
1124000
2354
2365
2391
2336
2380
789900
2380
2375
2380
2280
2283
1583100
2283
2300
2372
2298
2360
1262100
2360
2390
2478
2390
2466
1536700
2466
2454
2455
2393
2412
1591200
2412
2400
2442
2367
2436
1448700
2436
2478
2518
2465
2512
1319500
2512
2525
2536
2473
2479
1153100
2479
2480
2513
2445
2454
1119200
2454
2446
2461
2429
2438
700800
2438
2488
2490
2449
2451
637100
2451
2467
2507
2467
2503
968800
2503
2500
2507
2475
2503
965700
2503
2506
2530
2486
2524
721500
2524
2400
2410
2202
2205
2813500
2205
2205
2209
2116
2163
2225100
2163
2175
2215
2145
2155
1777900
2155
2149
2164
2110
2142
1207000
2142
2136
2149
2117
2132
878700
2132
2140
2166
2126
2131
737100
2131
2131
2207
2131
2201
1262900
2201
2166
2189
2146
2156
949500
2156
2160
2184
2149
2173
850400
2173
2187
2191
2140
2150
963000
2150
2148
2161
2132
2136
740800
2136
2163
2189
2159
2186
896000
2186
2170
2188
2157
2179
1018900
2179
2180
2205
2165
2171
1109900
2171
2194
2234
2188
2208
966600
2208
2211
2226
2162
2176
704700
2176
2177
2218
2166
2212
927700
2212
2226
2244
2185
2190
821500
2190
2215
2244
2203
2236
1100600
2236
2266
2293
2258
2285
1003200
2285
2290
2290
2259
2274
802400
2274
2266
2294
2254
2265
1030300
2265
2280
2323
2270
2312
988300
2312
2339
2360
2311
2338
1216400
2338
2329
2368
2324
2365
1151700
2365
2260
2261
2131
2143
2062300
2143
2115
2163
2100
2162
1328800
2162
2161
2200
2138
2185
1274000
2185
2155
2163
2095
2108
1260600
2108
2105
2127
2092
2122
1146600
2122
2120
2158
2120
2157
812100
2157
2177
2295
2177
2282
1453700
2282
2258
2274
2237
2262
1068700
2262
2272
2314
2272
2309
839300
2309
2337
2342
2269
2304
1472800
2304
2302
2367
2289
2361
1244000
2361
2400
2449
2393
2427
1197000
2427
2433
2470
2427
2443
1357300
2443
2470
2473
2437
2451
1568600
2451
2470
2526
2461
2525
1140200
2525
2513
2556
2491
2554
1033100
2554
2541
2608
2525
2547
965000
2547
2586
2617
2545
2609
1285300
2609
2626
2646
2599
2629
1050200
2629
2665
2734
2657
2712
1653600
2712
2701
2763
2701
2748
1058000
2748
2717
2769
2689
2720
1395800
2720
2708
2755
2703
2739
1277000
2739
2719
2748
2688
2722
1089300
2722
2690
2726
2665
2692
1942000
2692
2577
2594
2485
2547
2750200
2547
2497
2565
2496
2539
1871800
2539
2521
2585
2505
2562
1115800
2562
2582
2637
2582
2635
1026300
2635
2649
2661
2611
2632
1016600
2632
2654
2674
2615
2622
936800
2622
2604
2657
2604
2646
1217800
2646
2624
2681
2598
2676
862800
2676
2631
2632
2498
2502
1674100
2502
2535
2560
2503
2524
1397400
2524
2452
2457
2392
2400
1141700
2400
2415
2430
2339
2355
1508100
2355
2364
2389
2307
2308
1034300
2308
2310
2366
2308
2344
850900
2344
2358
2400
2334
2362
1572900
2362
2312
2316
2152
2152
1791100
2152
2435
2474
2367
2466
3347900
2466
2466
2605
2465
2591
2320200
2591
2654
2776
2640
2773
3008700
2773
2790
2930
2781
2829
3701600
2829
2886
2963
2855
2952
2304900
2952
2976
3035
2919
2977
2173000
2977
2945
2968
2908
2936
1544300
2936
2867
2897
2828
2881
1636400
2881
2946
2997
2849
2860
1701600
2860
2827
2840
2780
2802
1247300
2802
2860
2964
2854
2938
1811100
2938
2911
2970
2908
2950
923300
2950
2981
3015
2816
2882
1806500
2882
2866
2958
2854
2940
1307900
2940
2958
2980
2841
2873
1392200
2873
2887
2903
2851
2866
1216700
2866
2874
2874
2743
2743
2689700
2743
2993
3245
2967
3245
5045600
3245
3370
3675
3275
3440
6350200
3440
3495
3780
3465
3700
7016100
3700
3685
3860
3660
3845
3161000
3845
3800
3885
3755
3825
2453000
3825
3775
4050
3775
4030
4176400
4030
4040
4135
3845
4000
3728900
4000
4010
4030
3730
3760
4014400
3760
3705
3835
3680
3755
2232200
3755
3700
3730
3595
3610
2738700
3610
3605
3710
3585
3705
2551800
3705
3750
3785
3635
3700
1683900
3700
3630
3800
3625
3710
2498200
3710
3655
3740
3615
3725
1125000
3725
3660
3730
3605
3715
1556900
3715
3700
3795
3640
3715
1504000
3715
3675
3740
3640
3685
1458400
3685
3685
3740
3560
3565
1979300
3565
3440
3480
3375
3420
1767300
3420
3490
3560
3425
3530
1615300
3530
3670
3765
3590
3700
1882800
3700
3700
3715
3475
3495
1717500
3495
