6188
6286
6154
6283
1357100
6283
6286
6325
6259
6324
1121800
6324
6354
6396
6341
6370
858700
6370
6213
6271
6190
6237
1607000
6237
6202
6214
6159
6181
961800
6181
6161
6168
6112
6143
1342400
6143
6143
6185
6115
6172
832900
6172
6179
6215
6163
6209
785300
6209
6185
6188
6124
6167
1359900
6167
6209
6249
6112
6135
1715700
6135
6161
6205
6139
6154
890500
6154
6147
6220
6129
6213
1097000
6213
6218
6309
6209
6262
1309900
6262
6239
6287
6225
6280
820000
6280
6271
6306
6220
6237
797300
6237
6253
6307
6242
6262
943300
6262
6265
6291
6202
6217
984800
6217
6210
6234
6118
6140
1227800
6140
6110
6119
6033
6037
1713900
6037
6099
6238
6091
6228
1345900
6228
6181
6303
6108
6236
1789700
6236
6317
6333
6105
6105
2300100
6105
5892
5892
5462
5534
4236900
5534
5722
5783
5613
5614
2647500
5614
5620
5660
5546
5632
3249400
5632
5464
5502
5432
5461
2931100
5461
5626
5638
5427
5445
2010200
5445
5435
5469
5396
5447
1617300
5447
5470
5541
5456
5484
1134400
5484
5501
5625
5497
5583
1068300
5583
5622
5634
5552
5605
1068000
5605
5580
5594
5552
5577
878100
5577
5540
5560
5494
5530
1197500
5530
5470
5483
5435
5460
1218200
5460
5473
5541
5452
5537
1261900
5537
5775
5777
5624
5688
2143100
5688
5740
5758
5689
5716
1622600
5716
5715
5720
5591
5591
1813200
5591
5540
5561
5503
5520
1224600
5520
5454
5486
5397
5422
1769700
5422
5371
5419
5356
5389
1016700
5389
5471
5500
5456
5483
1162200
5483
5433
5505
5394
5433
1669600
5433
5573
5593
5516
5545
1846900
5545
5630
5686
5537
5576
2286300
5576
5658
5658
5521
5543
1158000
5543
5507
5576
5492
5572
804400
5572
5571
5572
5531
5563
1129200
5563
5569
5579
5493
5506
1244900
5506
5544
5544
5458
5485
1771400
5485
5468
5485
5409
5421
911900
5421
5400
5483
5392
5401
1411900
5401
5391
5454
5383
5454
1628500
5454
5302
5358
5206
5222
2698500
5222
5200
5357
5200
5357
2363800
5357
5390
5461
5367
5450
1958700
5450
5328
5450
5323
5447
1317600
5447
5508
5526
5439
5485
1169600
5485
5526
5527
5461
5491
973000
5491
5480
5515
5450
5453
994300
5453
5400
5487
5361
5463
1483800
5463
5470
5475
5363
5414
1724000
5414
5485
5605
5446
5551
1871100
5551
5523
5617
5476
5596
1585300
5596
5590
5652
5570
5640
968400
5640
5611
5669
5541
5582
1416800
5582
5530
5553
5471
5501
1030800
5501
5467
5531
5462
5497
915800
5497
5450
5478
5401
5436
1393800
5436
5445
5521
5416
5519
899500
5519
5496
5554
5486
5536
907100
5536
5535
5577
5511
5550
913400
5550
5584
5597
5508
5515
1022500
5515
5501
5533
5467
5497
1269800
5497
5512
5535
5478
5510
840400
5510
5563
5643
5536
5618
1310400
5618
5617
5665
5576
5637
1187000
5637
5637
5639
5560
5580
1610000
5580
5630
5660
5617
5634
1037500
5634
5650
5712
5638
5656
1522200
5656
5687
5690
5606
5659
1508600
5659
5629
5660
5536
5651
1367300
5651
5603
5699
5602
5685
1044500
5685
5560
5620
5428
5477
2387000
5477
5577
5677
5510
5668
1716600
5668
5675
5747
5665
5740
1623400
5740
5747
5763
5719
5727
980100
5727
5679
5754
5643
5723
1113000
5723
5704
5737
5690
5728
790100
5728
5748
5776
5729
5754
977500
5754
5777
5777
5725
5757
1004800
5757
5750
5786
5733
5748
898000
5748
5709
5716
5649
5681
791400
5681
5651
5688
5611
5642
1072000
5642
5637
5667
5613
5661
973700
5661
5658
5711
5631
5671
778600
5671
5684
5688
5620
5636
725900
5636
5651
5680
5624
5650
759600
5650
5519
5573
5519
5547
1411300
5547
5595
5737
5577
5714
2977700
5714
5736
5799
5703
5705
1367800
5705
5740
5757
5694
5698
815500
5698
5670
5717
5591
5617
1297300
5617
5591
5670
5587
5645
805600
5645
5730
5749
5700
5710
1274300
5710
5711
5715
5627
5645
1399400
5645
5667
5730
5659
5710
764700
5710
5750
5777
5701
5759
1001600
5759
5775
5794
5722
5748
654100
5748
5723
5744
5644
5711
1163000
5711
5745
5844
5735
5786
1769600
5786
5800
5821
5756
5795
1017700
5795
5797
5808
5662
5673
1347400
5673
5694
5781
5670
5781
1464900
5781
5749
5801
5727
5740
847100
5740
5710
5745
5625
5667
1105700
5667
5710
5727
5606
5610
890300
5610
5610
5649
5566
5642
793000
5642
5669
5728
5650
5686
1586500
5686
5636
5654
5590
5632
1058400
5632
5672
5699
5613
5691
1108800
5691
5648
5651
5469
5472
1403300
5472
5507
5535
5437
5492
1485200
5492
5468
5515
5437
5495
815800
5495
5519
5529
5410
5453
1510500
5453
5480
5604
5474
5559
1420500
5559
5566
5626
5559
5597
735100
5597
5595
5648
5581
5605
1045400
5605
5590
5592
5495
5516
1169100
5516
5575
5606
5529
5539
1081600
5539
5536
5595
5507
5552
1366500
5552
5553
5733
5550
5688
1423300
5688
5752
5796
5714
5714
1011400
5714
5765
5778
5731
5735
987900
5735
5741
5787
5702
5751
1044700
5751
5752
5781
5702
5722
824700
5722
5776
5800
5689
5695
937300
5695
5742
5756
5639
5650
958400
5650
5677
5729
5654
5729
901600
5729
5760
5775
5721
5755
784600
5755
5690
5981
5656
5916
2434900
5916
5968
6099
5945
6076
3112100
6076
6129
6174
6104
6158
1763800
6158
6174
6210
6030
6069
1310000
6069
6074
6089
6020
6051
975700
6051
6050
6079
6017
6033
861800
6033
6010
6064
5992
6046
808400
6046
6046
6077
6011
6037
828000
6037
6037
6072
6016
6057
760900
6057
6084
6090
6026
6040
1147900
6040
6011
6016
5940
5970
1037500
5970
5994
6076
5976
6073
1114700
6073
6051
6144
6030
6139
1050500
6139
6116
6158
6036
6143
1191700
6143
6148
6209
6143
6189
979800
6189
6189
6189
6111
6149
773400
6149
6180
6225
6128
6211
1130100
6211
6207
6218
6142
6163
1072300
6163
6209
6288
6197
6249
1288400
6249
6222
6265
6189
6258
1086300
6258
6288
6359
6274
6345
1124800
6345
6346
6366
6292
6307
1241000
6307
6336
6404
6334
6366
1274800
6366
6405
6405
6323
6353
1043200
6353
6358
6467
6352
6456
1649300
6456
6400
6513
6393
6498
962800
6498
6491
6500
6448
6497
882100
6497
6450
6529
6416
6495
1285400
6495
6460
6463
6410
6420
938500
6420
6420
6452
6366
6437
993500
6437
6438
6486
6428
6462
935000
6462
6452
6593
6452
6577
1573500
6577
6541
6587
6503
6577
1050900
6577
6649
6776
6648
6733
1598000
6733
6833
6849
6775
6846
2173500
6846
6882
7143
6880
7124
1749500
7124
7238
7316
7189
7216
2069000
7216
7214
7284
7109
7183
2073600
7183
7253
7263
7152
7161
1759200
7161
7150
7269
7120
7240
1625600
7240
7261
7325
7254
7295
1298500
7295
7256
7432
7231
7296
1471700
7296
7310
7436
7300
7424
1714800
7424
7546
7600
7492
7533
1759900
7533
7674
7683
7586
7634
1976600
7634
7680
7739
7654
7697
1434300
7697
7669
7671
7446
7449
2171800
7449
7367
7527
7319
7498
1656400
7498
7398
7408
7321
7340
1752900
7340
7345
7413
7305
7378
1259100
7378
7153
7287
7150
7267
1658700
7267
7121
7258
7119
7236
1672100
7236
7223
7331
7220
7282
1578100
7282
7323
7350
7239
7330
1064900
7330
7450
7591
7449
7562
1694100
7562
7585
7586
7386
7410
1451800
7410
7336
7400
7276
7372
1414200
7372
7320
7414
7302
7369
1008900
7369
7300
7300
7090
7097
1609500
7097
7133
7207
7099
7169
1355300
7169
7041
7145
7021
7080
1811500
7080
7150
7238
6981
7062
1559800
7062
7165
7179
6966
7021
1844500
7021
7069
7103
6991
7070
3063500
7070
7100
7243
7030
7232
1685800
7232
7170
7187
6899
6906
1551800
6906
7003
7201
6964
7181
1487700
7181
7181
7277
7108
7118
997000
7118
7224
7284
7195
7274
907800
7274
7300
7407
7275
7302
1233300
7302
7523
7599
7490
7572
1459200
7572
7515
7572
7443
7483
1072400
7483
7450
7571
7412
7528
769100
7528
7414
7430
7324
7407
1542300
7407
7441
7548
7441
7536
1261300
7536
7496
7529
7445
7484
926200
7484
7579
7605
7516
7547
1280300
7547
7548
7681
7531
7680
746500
7680
7699
7699
7549
7582
877900
7582
7510
7647
7487
7626
963700
7626
7622
7784
7620
7760
1104400
7760
7760
7796
7623
7669
1142300
7669
7519
7554
7270
7270
2260400
7270
7224
7281
7158
7200
2300200
7200
7282
7334
7226
7314
1224100
7314
7372
7537
7362
7508
2103400
7508
7609
7620
7366
7374
1421800
7374
7374
7424
7191
7198
1452800
7198
7086
7091
6945
7022
2492200
7022
6968
7107
6938
6973
2145100
6973
7065
7138
6990
7104
1541500
7104
6999
7019
6910
6920
1228200
6920
6885
6897
6778
6806
1864200
6806
6961
7095
6915
7091
1736200
7091
7142
7177
7081
7123
1217100
7123
7054
7174
7020
7036
2148000
7036
7038
7097
6963
7015
1139000
7015
6937
6995
6792
6792
1705500
6792
6700
6739
6612
6670
1580200
6670
6562
6642
6446
6480
1656300
6480
6443
6542
6396
6469
2102200
6469
6177
6211
6092
6113
1574400
6113
6183
6250
6055
6167
1277800
6167
6358
6460
6273
6385
1597500
6385
6379
6390
6257
6271
960000
6271
