5770
5900
5720
5890
1152000
5890
5930
5970
5880
5960
759200
5960
6000
6000
5890
5910
703000
5910
5930
5940
5870
5900
473400
5900
5900
5910
5840
5880
580200
5880
5860
5870
5770
5790
904400
5790
5770
5840
5730
5760
835800
5760
5760
5830
5750
5810
442900
5810
5710
5780
5700
5730
944000
5730
5830
5880
5760
5780
1295000
5780
5820
5900
5820
5880
762200
5880
5850
5880
5800
5880
586100
5880
5880
5980
5870
5930
915200
5930
5870
5990
5870
5970
667600
5970
5980
6020
5950
5960
698900
5960
5960
6080
5950
5990
831200
5990
5970
6020
5880
5900
660200
5900
5880
5950
5800
5830
820300
5830
5810
5830
5760
5770
731200
5770
5750
6010
5750
5990
881100
5990
5920
5940
5650
5670
1862800
5670
5500
5610
5440
5530
1513000
5530
5320
5340
5090
5220
2274000
5220
5320
5480
5240
5260
1385800
5260
5260
5520
5260
5480
1221200
5480
5280
5370
5210
5280
1805100
5280
5280
5350
5200
5220
977900
5220
5220
5320
5210
5260
999700
5260
5250
5360
5250
5340
753800
5340
5340
5460
5330
5420
615600
5420
5530
5590
5510
5580
678800
5580
5600
5630
5550
5600
727300
5600
5450
5530
5420
5470
1087000
5470
5470
5530
5400
5440
861400
5440
5430
5460
5360
5390
574100
5390
5470
5560
5470
5540
605700
5540
5530
5550
5470
5520
959200
5520
5550
5620
5540
5550
1010800
5550
5540
5550
5410
5450
662100
5450
5250
5260
5080
5120
1639800
5120
5100
5290
5100
5260
721300
5260
5290
5370
5280
5340
636300
5340
5290
5360
5260
5330
788500
5330
5430
5430
5310
5380
752800
5380
5410
5550
5400
5460
1541300
5460
5550
5550
5440
5480
658400
5480
5440
5560
5440
5550
446800
5550
5490
5530
5440
5500
669300
5500
5500
5520
5430
5500
414500
5500
5570
5580
5490
5500
687700
5500
5460
5520
5400
5480
436500
5480
5380
5430
5330
5400
605900
5400
5330
5670
5330
5640
1077100
5640
5430
5500
5280
5310
1605300
5310
5250
5330
5230
5310
868800
5310
5400
5500
5340
5480
1049700
5480
5300
5340
5180
5240
1691800
5240
5240
5380
5190
5330
1422700
5330
5400
5420
5330
5380
783200
5380
5370
5440
5350
5370
504900
5370
5350
5500
5310
5470
807400
5470
5480
5490
5380
5390
1134500
5390
5490
5640
5470
5550
877700
5550
5520
5680
5520
5620
955800
5620
5650
5810
5640
5750
1090100
5750
5740
5860
5710
5770
947400
5770
5720
5750
5540
5590
835400
5590
5540
5620
5530
5580
449600
5580
5650
5670
5570
5590
644300
5590
5660
5740
5630
5710
656600
5710
5630
5680
5600
5660
739500
5660
5720
5880
5700
5840
981200
5840
5850
5890
5810
5840
881600
5840
5870
5920
5820
5830
964100
5830
5820
5820
5690
5780
646100
5780
5750
5770
5680
5700
850200
5700
5810
5890
5710
5740
1236000
5740
5790
5790
5660
5680
741600
5680
5740
5880
5730
5780
931400
5780
5780
5870
5750
5780
802900
5780
5760
5760
5660
5750
824400
5750
5690
5790
5680
5770
528200
5770
5710
5820
5710
5820
665100
5820
5730
5760
5690
5700
713900
5700
5720
5810
5720
5770
535700
5770
5820
5910
5790
5880
881500
5880
5860
5940
5820
5870
592600
5870
5880
5900
5860
5860
483000
5860
5820
5930
5810
5850
722900
5850
5930
5950
5870
5880
631700
5880
5850
5900
5830
5870
965500
5870
5870
5880
5820
5830
420600
5830
5870
5930
5810
5860
603300
5860
5840
5910
5810
5880
724800
5880
5950
6120
5930
6050
1217200
6050
6090
6110
6020
6080
729700
6080
6060
6080
5990
6030
406700
6030
5980
6030
5970
6010
455900
6010
6000
6080
5970
6040
1083500
6040
6100
6180
6070
6150
1367600
6150
6160
6210
5980
6000
1289100
6000
6070
6150
6040
6060
631600
6060
6050
6100
5890
5910
968200
5910
5920
5970
5870
5920
752200
5920
5950
5960
5910
5910
743800
5910
5920
5960
5900
5920
1103500
5920
5960
6030
5940
5980
475700
5980
6000
6030
5950
6000
700400
6000
6030
6040
5980
6000
464300
6000
5950
5970
5900
5930
611900
5930
6010
6040
5980
6020
857500
6020
6040
6050
5970
6010
406000
6010
5970
6000
5860
5910
746500
5910
5930
6020
5880
6000
832900
6000
6020
6080
5970
5980
783400
5980
6010
6040
5970
6020
760400
6020
6030
6030
5890
5900
703500
5900
5850
5980
5840
5930
586800
5930
5860
5970
5860
5890
552300
5890
5880
5910
5740
5790
848100
5790
5800
5840
5720
5810
731700
5810
5740
5750
5570
5600
809500
5600
5600
5640
5550
5610
848400
5610
5630
5690
5580
5660
499900
5660
5710
5740
5630
5660
745900
5660
5670
5720
5620
5650
720700
5650
5640
5720
5620
5680
501300
5680
5660
5690
5600
5600
677300
5600
5620
5670
5610
5640
1000100
5640
5680
5750
5640
5640
1008700
5640
5650
5670
5600
5640
1117900
5640
5650
5750
5620
5710
796100
5710
5750
5760
5690
5690
521200
5690
5710
5710
5580
5580
909100
5580
5620
5630
5530
5600
827100
5600
5550
5580
5520
5550
786000
5550
5570
5570
5480
5540
583900
5540
5600
5610
5490
5500
500000
5500
5530
5600
5490
5590
685600
5590
5600
5650
5430
5650
1219000
5650
5600
5720
5580
5680
664600
5680
5660
5690
5620
5670
934100
5670
5670
5850
5670
5850
846400
5850
5870
5870
5820
5850
716100
5850
5860
5870
5690
5700
693400
5700
5700
5760
5690
5700
532700
5700
5690
5760
5690
5740
510900
5740
5730
5820
5730
5800
806100
5800
5790
5880
5790
5830
491600
5830
5860
5870
5800
5840
840100
5840
5870
5880
5810
5830
823900
5830
5970
5990
5920
5960
819100
5960
6000
6110
6000
6060
736700
6060
6060
6080
5980
6050
1048300
6050
6050
6100
5960
5990
787500
5990
6050
6050
5950
6000
510400
6000
5990
6130
5970
6110
761800
6110
6120
6140
6090
6110
607600
6110
6160
6190
6140
6150
657500
6150
6210
6360
6200
6300
1207700
6300
6280
6320
6260
6310
676900
6310
6270
6360
6250
6340
687600
6340
6370
6400
6310
6390
709200
6390
6450
6450
6360
6390
798600
6390
6380
6440
6370
6440
777700
6440
6440
6520
6430
6500
545000
6500
6480
6490
6410
6490
674300
6490
6470
6500
6440
6480
680800
6480
6450
6520
6410
6520
778000
6520
6530
6600
6460
6530
843600
6530
6540
6600
6520
6580
653200
6580
6600
6740
6600
6640
887300
6640
6610
6650
6560
6590
775300
6590
6600
6700
6590
6680
918000
6680
6680
6700
6610
6670
1670400
6670
6670
6820
6660
6780
1182700
6780
6840
7060
6830
6980
1002200
6980
6960
7050
6950
7030
1038200
7030
7100
7110
6970
7020
1205200
7020
7100
7160
7060
7140
1045600
7140
7140
7150
7070
7150
929300
7150
7110
7310
7060
7150
1051700
7150
7220
7370
7180
7300
1132700
7300
7400
7440
7330
7390
802700
7390
7530
7550
7420
7500
1300800
7500
7510
7540
7440
7500
1046700
7500
7490
7500
7060
7100
1870100
7100
7050
7160
6980
7040
1218500
7040
7080
7170
6910
6930
1167400
6930
6910
6970
6820
6930
1087400
6930
6780
6860
6700
6800
1653100
6800
6700
6770
6610
6740
1624700
6740
6670
6760
6620
6660
1003500
6660
6720
6830
6700
6800
1331900
6800
6810
6860
6760
6790
930700
6790
6810
6840
6790
6810
591900
6810
6640
6820
6640
6800
643700
6800
6830
6880
6750
6830
472600
6830
6740
6800
6670
6680
912200
6680
6760
6780
6640
6670
807600
6670
6540
6620
6410
6520
1274600
6520
6620
6700
6500
6570
1079200
6570
6660
6700
6580
6580
554100
6580
6610
6670
6540
6560
905900
6560
6500
6640
6470
6630
810200
6630
6570
6600
6340
6360
1176300
6360
6430
6660
6410
6610
1368900
6610
6620
6700
6560
6680
811100
6680
6760
6850
6720
6800
634100
6800
6780
6850
6730
6770
728700
6770
6920
7020
6900
6970
679000
6970
7010
7050
6830
6860
925300
6860
6850
6950
6800
6890
434000
6890
6840
6880
6730
6870
777100
6870
6940
6990
6840
6880
661100
6880
6790
6940
6780
6900
454000
6900
7000
7150
6960
7080
817700
7080
7090
7190
7080
7150
605700
7150
7150
7190
7100
7130
586000
7130
7000
7120
6970
7090
794400
7090
7120
7300
7120
7260
752900
7260
7250
7300
7120
7210
832300
7210
7270
7280
7160
7230
652800
7230
7260
7560
7240
7480
1187700
7480
7520
7700
7500
7610
763700
7610
7700
7780
7590
7770
1528100
7770
7810
7850
7580
7620
1244900
7620
7640
7650
7490
7510
1041100
7510
7440
7450
7330
7400
972100
7400
7300
7360
7170
7250
1073700
7250
7300
7370
7230
7300
817400
7300
7150
7220
7140
7200
751500
7200
7200
7260
7150
7170
809400
7170
7260
7410
7260
7340
1109900
7340
7360
7400
7290
7340
836700
7340
7330
7370
7190
7240
1713600
7240
7330
7370
7260
7280
735900
7280
7200
7230
7080
7140
827800
7140
7180
7180
7060
7100
715100
7100
7000
7060
6820
6860
1218700
6860
6830
6860
6620
6620
1445000
6620
6460
6470
6230
6280
1137100
6280
6320
6420
6270
6380
1025500
6380
6480
6610
6430
6550
1315700
6550
6490
6510
6340
6380
922700
6380
