2995.5
3070
2994
3069
3584200
3069
3073
3119
3060
3117
2173800
3117
3160
3240
3115
3146
3438100
3146
3148
3173
3144
3167
1818900
3167
3159
3174
3140
3157
1807900
3157
3164
3185
3149
3158
2869800
3158
3174
3202
3171
3198
1295700
3198
3198
3217
3193
3213
1342800
3213
3197
3224
3185
3221
1946000
3221
3245
3274
3223
3239
2611500
3239
3240
3303
3233
3303
2668600
3303
3305
3469
3303
3468
3148500
3468
3468
3501
3442
3464
2311100
3464
3430
3544
3426
3511
2485400
3511
3532
3537
3485
3512
2398700
3512
3500
3520
3480
3491
2757000
3491
3500
3562
3499
3554
2568700
3554
3500
3519
3478
3493
2716800
3493
3492
3700
3488
3670
4718100
3670
3672
3865
3670
3850
4243400
3850
3827
3938
3820
3930
3966900
3930
3850
3947
3846
3928
3574400
3928
3791
3868
3783
3865
6458600
3865
3903
4241
3894
4032
6101900
4032
4015
4023
3966
3989
3825300
3989
3900
3947
3881
3931
4796300
3931
3932
3935
3822
3838
4813400
3838
3801
3806
3695
3738
4876500
3738
3700
3793
3666
3739
3120400
3739
3790
3895
3786
3854
2362200
3854
3886
3903
3853
3875
1358300
3875
3861
3925
3842
3878
1872500
3878
3842
3895
3819
3867
1826700
3867
3797
3903
3772
3838
3396900
3838
3848
3900
3843
3885
1691700
3885
3900
3929
3873
3875
2104900
3875
3876
3882
3845
3865
2230600
3865
3864
3867
3805
3808
2676300
3808
3763
3763
3665
3683
2573700
3683
3613
3678
3604
3659
2490500
3659
3614
3699
3608
3647
1735700
3647
3665
3755
3665
3747
2012400
3747
3738
3749
3711
3727
2038600
3727
3786
3826
3781
3823
3143200
3823
3845
3847
3715
3719
3208100
3719
3766
3851
3752
3839
1415900
3839
3828
3869
3809
3866
1198100
3866
3863
3969
3852
3940
2188200
3940
3920
3937
3870
3922
1315000
3922
3923
3957
3906
3919
2120800
3919
3910
3918
3855
3875
1328600
3875
3842
3842
3798
3830
1413000
3830
3655
3735
3633
3733
3141000
3733
3663
3684
3546
3555
3552900
3555
3517
3540
3480
3521
2109000
3521
3523
3589
3504
3586
2315300
3586
3491
3566
3491
3558
1949000
3558
3570
3579
3505
3535
1683900
3535
3568
3571
3503
3526
1483400
3526
3527
3621
3527
3553
1271500
3553
3505
3513
3460
3491
1650300
3491
3522
3578
3491
3558
1751600
3558
3584
3603
3552
3563
1866900
3563
3591
3765
3579
3732
3020400
3732
3700
3743
3655
3729
1682300
3729
3744
3815
3730
3752
1845800
3752
3739
3750
3645
3658
1371700
3658
3659
3710
3651
3703
1075300
3703
3733
3769
3705
3713
1155500
3713
3714
3833
3680
3811
1554300
3811
3790
3804
3727
3753
1169800
3753
3753
3777
3719
3766
1286400
3766
3797
3836
3721
3724
1499000
3724
3723
3804
3720
3758
1253900
3758
3753
3762
3670
3680
1011500
3680
3687
3744
3676
3740
1004300
3740
3709
3735
3684
3728
1352800
3728
3708
3749
3700
3739
1220000
3739
3735
3774
3655
3750
1992800
3750
3803
3928
3801
3910
2447700
3910
3849
3849
3758
3824
2126600
3824
3942
4075
3938
4020
3199900
4020
3980
4020
3973
3998
1905100
3998
3935
3952
3841
3846
1711200
3846
3846
3862
3817
3835
1184500
3835
3833
3927
3833
3917
1336900
3917
3909
3943
3883
3893
1573900
3893
3900
3947
3877
3890
1067200
3890
3837
3944
3837
3929
1269800
3929
3960
4143
3958
4137
3246500
4137
4069
4092
4042
4050
1868800
4050
3993
4003
3948
3978
1866300
3978
3900
3944
3882
3925
1781600
3925
3867
3893
3807
3826
2019600
3826
3845
3858
3755
3755
2026400
3755
3700
3746
3677
3710
1942900
3710
3656
3672
3622
3630
1461100
3630
3613
3664
3571
3592
1834700
3592
3549
3582
3521
3564
2599700
3564
3592
3600
3476
3495
7137900
3495
3549
3798
3492
3664
4241100
3664
3732
3798
3706
3750
4261100
3750
3809
3846
3747
3760
3265200
3760
3724
3887
3713
3837
3366400
3837
3850
3919
3826
3868
3125200
3868
3868
3886
3831
3835
1912000
3835
3830
3863
3806
3813
1375100
3813
3835
3855
3788
3805
1624900
3805
3825
3897
3818
3882
1264900
3882
3838
3877
3834
3866
1316000
3866
3900
4082
3889
4017
3084100
4017
4015
4050
3992
4015
1409700
4015
3989
4044
3989
4023
1794700
4023
4150
4295
4128
4230
4187900
4230
4261
4383
4261
4351
2538100
4351
4350
4392
4287
4315
3272200
4315
4317
4318
4228
4270
1331000
4270
4298
4299
4242
4252
1326900
4252
4283
4344
4252
4339
1584100
4339
4307
4315
4231
4237
1409900
4237
4205
4271
4194
4237
1895300
4237
4191
4206
4058
4062
2032700
4062
4080
4149
4080
4138
1859800
4138
4104
4153
4065
4133
1070000
4133
4203
4248
4149
4200
2336600
4200
4196
4224
4155
4194
1788300
4194
4217
4355
4192
4352
1627100
4352
4352
4423
4340
4369
2048700
4369
4353
4406
4294
4308
1501800
4308
4364
4392
4329
4350
1525600
4350
4413
4490
4396
4480
3130400
4480
4463
4595
4447
4577
2377200
4577
4580
4709
4579
4707
2139100
4707
4696
4704
4639
4667
2020100
4667
4698
4810
4681
4798
3229800
4798
4755
4814
4746
4782
2211000
4782
4800
4800
4747
4770
1693100
4770
4800
4808
4751
4804
1558300
4804
4800
4820
4682
4705
2285600
4705
4758
4788
4661
4676
1948700
4676
4573
4609
4550
4574
1421200
4574
4531
4669
4500
4622
2802400
4622
4582
4636
4545
4585
2081100
4585
4585
4612
4540
4562
1652800
4562
4600
4627
4579
4600
1235900
4600
4573
4609
4553
4586
876900
4586
4586
4653
4575
4622
1082300
4622
4598
4628
4463
4484
1793700
4484
4497
4555
4449
4461
1630700
4461
4482
4495
4427
4449
1877700
4449
4449
4461
4308
4311
1615700
4311
4354
4403
4321
4387
1255600
4387
4386
4393
4309
4323
956100
4323
4306
4346
4283
4325
1554600
4325
4393
4398
4284
4291
1724500
4291
4311
4335
4195
4214
1324700
4214
4223
4328
4186
4308
1230500
4308
4300
4300
4214
4225
1181000
4225
4255
4313
4254
4288
1268500
4288
4370
4440
4344
4407
1478500
4407
4407
4408
4306
4308
1185300
4308
4315
4366
4260
4268
1143600
4268
4311
4388
4298
4378
1260000
4378
4425
4425
4286
4311
2039100
4311
4281
4343
4270
4338
1379800
4338
4322
4359
4294
4333
850100
4333
4335
4372
4273
4369
1047100
4369
4346
4346
4252
4283
1553200
4283
4274
4285
4239
4251
1115900
4251
4247
4355
4244
4338
1462900
4338
4327
4383
4307
4375
1022900
4375
4400
4571
4400
4563
1511300
4563
4558
4561
4506
4559
1268900
4559
4629
4710
4558
4586
1698200
4586
4656
4661
4493
4567
2836800
4567
4567
4601
4551
4580
1594600
4580
4620
4620
4563
4580
1840700
4580
4627
4737
4550
4690
2148900
4690
4733
4881
4723
4830
3273900
4830
4900
4942
4760
4790
2676500
4790
4777
4836
4746
4836
1818000
4836
4797
4945
4770
4854
1908900
4854
4899
4952
4839
4925
1925400
4925
4898
4920
4827
4889
1526500
4889
4926
4976
4900
4949
2061000
4949
4938
5032
4928
4949
1786100
4949
4963
4979
4836
4853
1581400
4853
4875
4920
4838
4858
2019700
4858
4862
4905
4745
4775
2019600
4775
4781
4808
4734
4747
1164400
4747
4607
4611
4437
4510
2038200
4510
4443
4566
4409
4467
2164800
4467
4429
4486
4402
4442
1762400
4442
4436
4489
4389
4469
2005300
4469
4474
4505
4445
4478
1400700
4478
4515
4550
4474
4510
1386000
4510
4499
4541
4473
4532
1397000
4532
4491
4559
4484
4549
1041000
4549
4505
4605
4495
4515
1860500
4515
4523
4534
4428
4520
1672900
4520
4450
4468
4374
4390
2158800
4390
4375
4477
4356
4374
2363500
4374
4427
4465
4370
4378
1039400
4378
4397
4432
4359
4407
1631500
4407
4398
4403
4107
4314
3608200
4314
4368
4385
4180
4221
2459100
4221
4271
4317
4125
4198
2457100
4198
4189
4192
4025
4093
2668600
4093
4112
4293
4074
4293
2186700
4293
4270
4351
4256
4283
1639300
4283
4351
4418
4312
4418
1296200
4418
4463
4515
4412
4439
1236700
4439
4421
4519
4405
4468
934800
4468
4351
4398
4197
4226
1927100
4226
4247
4323
4225
4252
1627800
4252
4200
4215
4120
4155
1110400
4155
4149
4155
4038
4064
1796000
4064
4077
4196
4077
4115
2392100
4115
4087
4163
4043
4043
1567900
4043
3984
4046
3951
3954
1589800
3954
3982
4017
3955
4001
1419700
4001
4043
4096
4000
4017
1522500
4017
4006
4010
3937
3958
1569100
3958
3974
4008
3910
3972
1673500
3972
3997
4135
3968
4130
2194500
4130
4140
4200
4072
4167
5560700
4167
4287
4405
4257
4291
2022600
4291
4281
4317
4196
4196
1854500
4196
4146
4239
4076
4223
1523900
4223
4190
4215
4006
4028
1892900
4028
4076
4199
4055
4116
1847500
4116
4073
4217
4068
4164
2218700
4164
4129
4144
3914
3986
1810300
3986
4015
4139
3992
4136
2076500
4136
4179
4200
4100
4184
1639300
4184
4141
4292
4141
4166
3225700
4166
4166
4177
4017
4047
2586200
4047
4027
4065
3964
3995
1592600
3995
3981
3999
3863
3871
1862400
3871
3805
3850
3688
3703
1947200
3703
3703
3703
3545
3553
3074600
3553
3448
3454
3281
3286
2538900
3286
3322
3423
3277
3339
2447300
3339
3437
3566
3430
3538
1985800
3538
3515
3533
3435
3511
1557800
3511
