5010
5040
4997
5040
1277700
5040
5040
5079
5006
5078
999800
5078
5090
5105
5039
5050
1106000
5050
5050
5096
5043
5083
872100
5083
5055
5059
4994
5022
861600
5022
4995
5012
4942
4948
1116000
4948
4945
4969
4921
4936
781100
4936
4965
4986
4932
4939
648900
4939
4937
4940
4870
4891
1093500
4891
4895
4930
4854
4867
1244800
4867
4886
4920
4860
4888
1184800
4888
4904
4939
4874
4897
854900
4897
4910
4969
4901
4958
751500
4958
4957
4991
4945
4984
732200
4984
4982
4996
4905
4909
1083200
4909
4958
5000
4936
4959
1326700
4959
5000
5009
4916
4925
794000
4925
4932
4958
4878
4885
908700
4885
4885
4908
4844
4846
1287200
4846
4856
4975
4851
4971
1014200
4971
4925
4948
4873
4930
851700
4930
4871
4919
4814
4822
1183200
4822
4682
4687
4528
4593
1970900
4593
4640
4768
4593
4595
1597000
4595
4648
4727
4648
4703
1304200
4703
4502
4626
4502
4622
1890800
4622
4641
4655
4525
4542
1266100
4542
4520
4711
4495
4703
2320700
4703
4741
4944
4741
4909
2194300
4909
4967
5008
4929
4966
1594200
4966
5010
5100
5000
5097
1169600
5097
5075
5093
5048
5062
878200
5062
5018
5022
4961
4989
1293400
4989
5100
5256
5089
5251
2820400
5251
5246
5262
5165
5211
1236500
5211
5300
5363
5283
5361
1188300
5361
5402
5451
5390
5427
1428700
5427
5428
5465
5380
5384
1577600
5384
5361
5375
5290
5320
1184600
5320
5300
5359
5216
5246
1691600
5246
5196
5245
5187
5210
906000
5210
5269
5283
5214
5255
845800
5255
5230
5286
5220
5228
1058500
5228
5315
5323
5267
5279
1085800
5279
5352
5425
5281
5292
2060200
5292
5392
5411
5291
5321
762200
5321
5299
5398
5294
5393
640200
5393
5426
5442
5336
5361
1012700
5361
5319
5354
5290
5340
717000
5340
5340
5353
5290
5328
1059400
5328
5313
5368
5266
5362
781500
5362
5310
5324
5225
5241
1174400
5241
5194
5304
5187
5303
1284700
5303
5170
5189
5035
5047
2026000
5047
4999
5128
4989
5128
1352200
5128
5125
5219
5086
5209
1405500
5209
5183
5297
5178
5296
1353100
5296
5355
5368
5264
5293
1174600
5293
5328
5339
5255
5329
968100
5329
5321
5374
5301
5308
670300
5308
5249
5331
5200
5307
786700
5307
5326
5351
5278
5322
984400
5322
5377
5493
5377
5452
1066900
5452
5430
5500
5425
5456
1159900
5456
5461
5521
5446
5496
972000
5496
5530
5568
5447
5459
944400
5459
5372
5379
5290
5332
1042200
5332
5377
5406
5269
5309
946200
5309
5339
5355
5256
5277
738500
5277
5293
5395
5280
5390
859500
5390
5372
5394
5340
5347
760100
5347
5363
5400
5337
5345
1031000
5345
5373
5423
5328
5337
971300
5337
5333
5352
5293
5302
924500
5302
5257
5261
5172
5188
1047900
5188
5209
5211
5155
5191
1043000
5191
5250
5480
5229
5478
1921700
5478
5500
5589
5489
5564
1779600
5564
5600
5750
5600
5732
2013600
5732
5742
5832
5721
5822
1144400
5822
5765
5769
5617
5670
1060400
5670
5647
5674
5581
5630
886800
5630
5649
5724
5602
5632
1277400
5632
5539
5561
5320
5324
1863000
5324
5320
5349
5258
5291
1331000
5291
5328
5393
5205
5256
1706100
5256
5400
5450
5274
5316
1804000
5316
5382
5392
5268
5269
1623700
5269
5227
5269
5219
5249
1053000
5249
5286
5321
5275
5301
850100
5301
5306
5330
5287
5310
918200
5310
5298
5405
5295
5371
842700
5371
5324
5326
5290
5300
847100
5300
5300
5350
5252
5291
1151200
5291
5355
5483
5347
5465
1638200
5465
5493
5501
5403
5439
1089500
5439
5450
5495
5403
5407
707600
5407
5419
5470
5408
5459
673600
5459
5383
5428
5360
5374
1068600
5374
5375
5448
5323
5419
1826800
5419
5416
5550
5396
5464
1125000
5464
5489
5508
5438
5499
912800
5499
5443
5497
5319
5332
1589700
5332
5316
5332
5257
5293
1160300
5293
5324
5335
5258
5330
1186700
5330
5309
5368
5295
5313
1476500
5313
5366
5394
5350
5374
558300
5374
5442
5464
5380
5430
969100
5430
5485
5506
5421
5426
790700
5426
5354
5364
5321
5331
759300
5331
5398
5481
5392
5474
1384700
5474
5485
5497
5425
5440
594200
5440
5418
5423
5350
5388
993300
5388
5396
5484
5389
5477
827000
5477
5439
5490
5409
5446
705800
5446
5444
5550
5434
5528
1249600
5528
5555
5559
5473
5527
1144100
5527
5542
5591
5501
5557
802700
5557
5480
5556
5451
5497
790600
5497
5466
5500
5325
5339
1357100
5339
5348
5399
5301
5364
943300
5364
5319
5331
5165
5172
891200
5172
5159
5162
5030
5069
1215100
5069
5015
5077
4999
5072
1031400
5072
5070
5087
5006
5047
1007000
5047
5097
5126
5013
5035
1408100
5035
5008
5008
4835
4851
2286200
4851
4854
4866
4797
4798
1786400
4798
4810
4878
4810
4875
1674100
4875
4945
5002
4923
4975
1469300
4975
5020
5079
4974
5072
1579900
5072
5064
5178
5059
5170
1391000
5170
5180
5185
5138
5161
800700
5161
5160
5194
5137
5185
794500
5185
5191
5229
5132
5189
1059800
5189
5161
5163
5117
5140
996400
5140
5200
5211
5122
5134
648400
5134
5179
5185
5120
5137
1023700
5137
5200
5216
5141
5183
1068600
5183
5198
5227
5141
5222
1026500
5222
5153
5200
5116
5159
2766200
5159
5072
5172
5030
5150
1353500
5150
5151
5227
5135
5143
942900
5143
5143
5143
5034
5048
1050900
5048
5048
5053
4960
4977
1007200
4977
5019
5058
5017
5039
674500
5039
5032
5073
5012
5059
581800
5059
5047
5180
4912
5027
1453300
5027
5000
5027
4903
4909
1104600
4909
4950
4955
4822
4831
1409500
4831
4820
4861
4795
4803
1055700
4803
4829
4914
4825
4913
867600
4913
4939
4941
4853
4884
678600
4884
4848
4885
4803
4834
1096000
4834
4892
4939
4890
4922
925600
4922
4923
4947
4838
4849
774800
4849
4813
4856
4791
4837
828800
4837
4881
4885
4852
4876
656200
4876
4918
4930
4898
4917
643700
4917
4960
5005
4938
5002
838100
5002
5002
5017
4975
5005
545800
5005
5015
5060
5004
5037
744800
5037
5049
5080
5024
5060
757800
5060
5218
5290
5127
5141
1641400
5141
5105
5211
5091
5211
1279100
5211
5199
5234
5169
5228
756300
5228
5239
5280
5209
5270
938100
5270
5249
5293
5226
5262
927000
5262
5269
5269
5181
5211
898500
5211
5255
5281
5205
5274
816100
5274
5290
5380
5289
5375
910900
5375
5380
5426
5369
5425
958000
5425
5403
5436
5358
5404
965700
5404
5415
5448
5377
5448
931100
5448
5450
5450
5260
5289
2570300
5289
5270
5300
5245
5259
1485400
5259
5324
5453
5324
5413
1413600
5413
5417
5446
5388
5416
1043800
5416
5448
5512
5416
5490
1734300
5490
5495
5530
5478
5514
1134200
5514
5531
5666
5508
5665
1340700
5665
5632
5712
5587
5622
1152400
5622
5696
5736
5666
5727
1454800
5727
5768
5776
5677
5707
1003400
5707
5757
5800
5729
5768
1483700
5768
5800
5829
5729
5738
1149800
5738
5800
5828
5703
5718
1467500
5718
5730
5755
5689
5717
1245300
5717
5736
5736
5625
5681
1183600
5681
5699
5791
5653
5739
970400
5739
5639
5639
5442
5470
1856500
5470
5370
5421
5327
5347
1945700
5347
5280
5345
5260
5318
1154200
5318
5318
5430
5306
5421
1168000
5421
5470
5483
5410
5469
1023800
5469
5509
5537
5445
5455
810600
5455
5427
5520
5402
5514
873000
5514
5462
5486
5414
5452
517600
5452
5379
5427
5322
5339
908400
5339
5400
5444
5351
5428
1031000
5428
5342
5355
5199
5217
1051600
5217
5221
5350
5221
5324
1415400
5324
5359
5375
5269
5275
921100
5275
5272
5326
5227
5306
1347900
5306
5287
5414
5273
5408
1098100
5408
5374
5383
5266
5282
1011200
5282
5354
5445
5287
5424
1465100
5424
5447
5469
5346
5422
931600
5422
5480
5589
5478
5575
1106600
5575
5520
5543
5459
5488
1199300
5488
5570
5641
5542
5639
744000
5639
5638
5639
5580
5608
777800
5608
5599
5695
5577
5683
612700
5683
5619
5623
5542
5592
923400
5592
5500
5614
5125
5302
2144400
5302
5292
5412
5080
5342
1878600
5342
5313
5337
5191
5195
1692300
5195
5174
5210
5120
5177
1451900
5177
5120
5154
5051
5064
1318800
5064
4988
5062
4960
5036
1369000
5036
5083
5230
5071
5217
1127900
5217
5200
5213
5147
5178
917300
5178
5170
5187
5087
5096
892900
5096
5119
5268
5093
5249
1045900
5249
5274
5350
5265
5295
826900
5295
5394
5535
5286
5535
2672700
5535
5539
5565
5498
5552
1216200
5552
5530
5558
5392
5392
1323700
5392
5313
5480
5310
5470
1224100
5470
5413
5488
5358
5398
1420100
5398
5416
5529
5400
5502
1097700
5502
5405
5412
5319
5342
898100
5342
5442
5442
5253
5257
1296400
5257
5356
5504
5300
5495
1656300
5495
5534
5559
5449
5544
1087100
5544
5486
5565
5384
5386
2200200
5386
5369
5404
5333
5375
846200
5375
5309
5356
5252
5255
928400
5255
5219
5248
5105
5116
1197100
5116
5054
5127
4895
4910
1794100
4910
4894
4909
4802
4818
1522300
4818
4699
4702
4466
4473
1458000
4473
4456
4528
4331
4431
1386400
4431
4565
4666
4501
4637
1483700
4637
4635
4670
4480
4493
1228300
4493
