4290
4310
4255
4300
304300
4300
4300
4325
4300
4325
376800
4325
4345
4360
4330
4350
444500
4350
4360
4395
4345
4380
383000
4380
4350
4405
4320
4405
428300
4405
4450
4525
4415
4435
551100
4435
4465
4490
4425
4430
267300
4430
4400
4425
4365
4410
328200
4410
4360
4395
4315
4335
349400
4335
4370
4380
4285
4285
491500
4285
4315
4320
4270
4305
232500
4305
4305
4305
4255
4295
203500
4295
4385
4435
4340
4420
604000
4420
4400
4435
4370
4420
298000
4420
4400
4440
4345
4355
376500
4355
4405
4425
4375
4410
288400
4410
4440
4465
4405
4450
490100
4450
4465
4475
4340
4360
313500
4360
4360
4380
4300
4300
412700
4300
4310
4350
4265
4325
330400
4325
4295
4355
4295
4335
237300
4335
4265
4280
4205
4230
236700
4230
4105
4110
3955
4025
577200
4025
4165
4200
3960
3965
581300
3965
3970
4005
3955
3990
418200
3990
3890
3950
3870
3945
449700
3945
3945
3950
3840
3855
538000
3855
3865
3875
3655
3690
808900
3690
3730
3770
3695
3715
453600
3715
3725
3800
3725
3775
414600
3775
3780
3865
3780
3850
497300
3850
3810
3830
3790
3830
385800
3830
3845
3910
3835
3895
410700
3895
3855
3855
3815
3825
372800
3825
3895
3945
3875
3940
326800
3940
3990
4015
3940
3985
416400
3985
3990
4000
3900
3930
523900
3930
3925
3940
3865
3865
457100
3865
3810
3810
3715
3735
513900
3735
3675
3720
3655
3680
539600
3680
3625
3645
3590
3615
365300
3615
3665
3705
3645
3655
337700
3655
3630
3650
3595
3610
379600
3610
3645
3655
3585
3610
346700
3610
3615
3675
3595
3640
446500
3640
3700
3740
3680
3730
356000
3730
3700
3745
3670
3735
543500
3735
3700
3780
3690
3740
317500
3740
3725
3755
3670
3730
421200
3730
3755
3785
3705
3725
303000
3725
3675
3705
3635
3655
393600
3655
3620
3660
3610
3660
247500
3660
3630
3660
3565
3605
548100
3605
3515
3520
3440
3450
479000
3450
3405
3460
3360
3460
580100
3460
3460
3550
3455
3550
496600
3550
3505
3535
3475
3530
383600
3530
3585
3595
3495
3530
280200
3530
3565
3585
3530
3565
251000
3565
3560
3585
3535
3535
224600
3535
3500
3535
3485
3520
380600
3520
3520
3560
3510
3545
367700
3545
3595
3635
3590
3605
494900
3605
3590
3625
3575
3590
506700
3590
3605
3645
3580
3590
464700
3590
3585
3655
3575
3640
293800
3640
3650
3685
3650
3650
311400
3650
3650
3650
3585
3590
304000
3590
3630
3700
3630
3680
318200
3680
3720
3725
3660
3695
286800
3695
3710
3725
3670
3675
248900
3675
3700
3745
3680
3735
236500
3735
3700
3810
3700
3790
429300
3790
3735
3765
3720
3745
267800
3745
3765
3770
3745
3760
206100
3760
3785
3785
3730
3765
266900
3765
3730
3735
3685
3720
389700
3720
3750
3750
3705
3725
277000
3725
3740
3740
3690
3720
253800
3720
3725
3730
3665
3705
219100
3705
3725
3735
3695
3710
232000
3710
3725
3735
3680
3695
348500
3695
3690
3740
3645
3655
383700
3655
3680
3680
3620
3645
309900
3645
3675
3700
3645
3685
233700
3685
3685
3725
3680
3700
247700
3700
3745
3770
3725
3760
429100
3760
3760
3830
3735
3760
649600
3760
3795
3875
3760
3860
695100
3860
3895
4010
3890
3985
642600
3985
4000
4020
3935
3945
395900
3945
3910
3915
3815
3820
388900
3820
3820
3820
3740
3755
406700
3755
3750
3750
3690
3695
345200
3695
3680
3680
3600
3620
419500
3620
3610
3615
3575
3585
288400
3585
3575
3620
3555
3610
304600
3610
3610
3630
3575
3605
348100
3605
3550
3575
3525
3575
339800
3575
3575
3585
3545
3555
482900
3555
3520
3525
3460
3470
678300
3470
3515
3545
3475
3535
357100
3535
3570
3605
3565
3590
430600
3590
3625
3670
3595
3645
424400
3645
3685
3720
3675
3690
314200
3690
3675
3710
3640
3645
315600
3645
3650
3685
3630
3670
192500
3670
3695
3705
3640
3690
315900
3690
3690
3715
3680
3690
236900
3690
3665
3665
3595
3635
595400
3635
3685
3690
3595
3625
416800
3625
3590
3595
3525
3555
297100
3555
3520
3540
3495
3505
366800
3505
3455
3480
3400
3460
685200
3460
3430
3455
3410
3420
461700
3420
3410
3425
3380
3425
421000
3425
3445
3480
3440
3455
402700
3455
3425
3505
3405
3500
577700
3500
3455
3480
3400
3455
441300
3455
3430
3465
3425
3440
242100
3440
3435
3460
3410
3460
248900
3460
3435
3525
3435
3450
358500
3450
3440
3440
3365
3395
296800
3395
3390
3430
3385
3390
246400
3390
3380
3395
3350
3355
221300
3355
3360
3420
3340
3405
301000
3405
3425
3475
3415
3460
374400
3460
3470
3515
3470
3485
265300
3485
3455
3455
3365
3405
307900
3405
3400
3410
3350
3355
377200
3355
3390
3440
3380
3425
222000
3425
3460
3570
3455
3530
462900
3530
3585
3595
3510
3530
312700
3530
3540
3550
3510
3520
314600
3520
3520
3550
3475
3500
269500
3500
3485
3530
3480
3510
237700
3510
3540
3560
3480
3485
185600
3485
3435
3555
3435
3550
334400
3550
3585
3615
3575
3590
289100
3590
3615
3615
3590
3605
244400
3605
3600
3635
3595
3615
699200
3615
3650
3670
3615
3640
387800
3640
3660
3695
3630
3690
245900
3690
3680
3685
3620
3630
216700
3630
3635
3640
3570
3605
202600
3605
3615
3635
3595
3610
191400
3610
3625
3630
3575
3630
153300
3630
3630
3655
3605
3615
228900
3615
3585
3705
3570
3675
452000
3675
3670
3765
3665
3750
782700
3750
3745
3795
3710
3735
654400
3735
3665
3680
3630
3680
552900
3680
3685
3730
3675
3710
265400
3710
3640
3655
3575
3615
424300
3615
3615
3685
3595
3685
274500
3685
3670
3725
3645
3650
304700
3650
3650
3705
3640
3685
441800
3685
3690
3755
3680
3745
440100
3745
3745
3815
3725
3775
537300
3775
3775
3830
3765
3815
293900
3815
3840
3885
3830
3880
275300
3880
3935
3970
3900
3905
407200
3905
3885
3930
3875
3920
296200
3920
3920
3930
3895
3910
313200
3910
3890
3975
3865
3945
449500
3945
3915
3940
3840
3860
271300
3860
3860
3860
3775
3815
362800
3815
3805
3830
3790
3800
247400
3800
3760
3785
3725
3760
448000
3760
3730
3750
3690
3730
434800
3730
3745
3785
3745
3765
205900
3765
3770
3785
3720
3760
248000
3760
3750
3760
3635
3660
419600
3660
3600
3685
3590
3670
536500
3670
3690
3780
3685
3780
348700
3780
3770
3875
3760
3860
282300
3860
3900
3935
3850
3915
407500
3915
3910
3925
3835
3885
364000
3885
3880
3910
3855
3905
381500
3905
3945
3995
3905
3995
329700
3995
3995
4090
3980
4090
332400
4090
4055
4070
3995
4010
304900
4010
4070
4135
4055
4090
343700
4090
4020
4075
3980
4030
357400
4030
4055
4125
4055
4055
271500
4055
4010
4060
3935
3950
438400
3950
3970
3985
3940
3955
416700
3955
3910
3920
3835
3845
437300
3845
3730
3750
3685
3690
544400
3690
3730
3735
3685
3695
463000
3695
3580
3615
3540
3565
435100
3565
3540
3565
3520
3550
260600
3550
3500
3520
3470
3500
390100
3500
3495
3580
3495
3575
341000
3575
3640
3650
3585
3620
293700
3620
3595
3610
3580
3585
248300
3585
3470
3475
3390
3395
836900
3395
3340
3380
3290
3365
658800
3365
3300
3335
3285
3300
485700
3300
3320
3320
3245
3295
433200
3295
3205
3235
3190
3205
380500
3205
3225
3230
3150
3180
486000
3180
3230
3280
3200
3215
396200
3215
3240
3290
3210
3265
425900
3265
3320
3335
3265
3335
430400
3335
3330
3335
3265
3305
456400
3305
3330
3400
3330
3400
385700
3400
3355
3375
3320
3325
406400
3325
3275
3320
3275
3295
378500
3295
3300
3330
3280
3290
436500
3290
3360
3365
3305
3305
320500
3305
3325
3365
3290
3300
509200
3300
3295
3395
3290
3385
379700
3385
3300
3310
3240
3265
425400
3265
3260
3530
3250
3520
1179700
3520
3415
3560
3355
3560
1284500
3560
3530
3550
3360
3460
903700
3460
3445
3525
3435
3495
811400
3495
3450
3525
3420
3520
497400
3520
3455
3525
3440
3515
393000
3515
3530
3530
3430
3475
331800
3475
3465
3545
3440
3545
372200
3545
3585
3630
3530
3615
384500
3615
3640
3660
3570
3610
505600
3610
3650
3660
3610
3615
276100
3615
3600
3625
3575
3605
419000
3605
3670
3750
3665
3705
551200
3705
3680
3700
3615
3615
443300
3615
3550
3595
3535
3550
340700
3550
3495
3500
3400
3420
518400
3420
3420
3450
3385
3420
456900
3420
3360
3380
3340
3360
307700
3360
3380
3390
3295
3330
441100
3330
3455
3545
3415
3485
1887700
3485
3515
3595
3465
3565
705900
3565
3545
3585
3515
3535
646300
3535
3550
3620
3470
3485
494500
3485
3420
3535
3415
3500
758500
3500
3460
3515
3435
3485
554000
3485
3440
3460
3335
3355
625700
3355
3390
3450
3320
3340
970000
3340
3225
3280
3190
3245
3493700
3245
3210
3305
3210
3305
862700
3305
3420
3480
3380
3465
808100
3465
3395
3415
3355
3370
791800
3370
