521
527
520
525
13720100
525
527
529
523
526
11048300
526
529
540
529
538
15047200
538
534
536
531
533
11998600
533
529
531
527
531
11495800
531
532
534
528
530
8075300
530
533
537
531
536
7936400
536
534
539
533
538
6777700
538
536
537
529
530
14005000
530
535
536
529
530
10078500
530
531
533
527
530
8714300
530
526
530
522
529
11351400
529
531
538
529
536
8487200
536
534
539
534
538
12383100
538
542
549
535
536
17396000
536
534
536
531
532
11282700
532
529
535
527
531
12927500
531
531
535
522
524
10988700
524
518
532
517
525
14363600
525
523
529
520
521
12318200
521
525
525
519
523
10783500
523
513
523
512
519
15011300
519
509
520
492
501
29379500
501
510
511
499
499
20172500
499
506
514
504
512
20860200
512
498
507
496
506
25063700
506
510
514
499
500
19112500
500
497
502
495
501
28435100
501
505
513
502
507
14165900
507
508
513
506
510
12422600
510
510
517
510
515
8904700
515
515
524
506
524
16955600
524
521
523
510
512
11943800
512
510
516
505
515
13225900
515
515
524
514
524
17682500
524
530
544
529
535
21684200
535
537
539
527
534
15036500
534
489
508
483
496
64014000
496
500
507
496
504
22112300
504
502
505
499
503
17878400
503
500
510
500
504
12691100
504
505
514
499
506
20839000
506
512
517
503
504
15547800
504
512
517
509
513
11377300
513
515
523
514
516
14477100
516
524
528
523
526
10299100
526
526
531
524
529
16285900
529
530
532
520
523
13644900
523
524
527
518
519
8880600
519
519
522
516
516
12554700
516
512
514
503
504
13181600
504
505
508
502
504
11455200
504
501
513
501
509
11267500
509
500
504
492
494
15302700
494
495
505
495
505
12842300
505
505
506
499
505
15963100
505
493
496
486
491
20184400
491
495
499
489
494
14982800
494
495
497
491
494
7435100
494
496
503
496
498
8678000
498
496
500
488
497
12416800
497
495
496
483
484
13682900
484
487
488
482
482
13832600
482
480
486
476
481
11541100
481
482
482
475
475
14760500
475
472
477
465
467
20108100
467
466
469
461
462
19567100
462
462
469
460
460
14092700
460
461
463
457
459
13136600
459
458
463
451
453
18856600
453
448
456
447
448
20784300
448
445
457
441
452
17895300
452
451
453
448
451
11237800
451
450
453
447
449
10991700
449
447
449
441
442
16297300
442
441
446
437
444
18692600
444
441
443
438
442
17049800
442
444
450
444
449
16464000
449
450
458
448
450
21689600
450
400
403
385
385
70217300
385
389
393
387
389
28571200
389
393
404
391
402
43455100
402
404
409
400
404
32069200
404
406
412
404
411
26035500
411
415
416
406
407
24082300
407
406
407
400
405
18836500
405
405
407
402
404
11813300
404
401
403
398
401
20593800
401
397
401
396
399
13819000
399
399
405
399
400
12197500
400
404
405
400
402
10309400
402
405
407
402
405
13236700
405
407
407
399
400
16007800
400
399
401
397
398
13308900
398
396
397
390
391
22971300
391
388
394
387
389
16506900
389
388
398
387
395
16841700
395
396
396
391
393
10949700
393
387
389
385
387
14629400
387
390
397
387
396
29484400
396
395
398
390
393
13818100
393
395
395
385
387
27501700
387
386
388
380
386
21600600
386
387
394
386
393
20423500
393
391
395
390
393
13445800
393
389
391
384
387
25625000
387
387
388
382
385
15095500
385
387
391
383
389
17058100
389
391
394
388
389
17645600
389
388
389
382
382
26115100
382
385
386
379
381
19156900
381
379
380
372
373
15624900
373
369
374
363
366
23050000
366
366
374
365
373
18119000
373
371
376
369
369
13657300
369
363
371
363
369
19620000
369
377
380
369
370
24767000
370
365
369
361
365
20270800
365
367
371
362
364
11326600
364
360
367
358
364
12165900
364
364
372
364
368
19148900
368
367
368
362
362
14493900
362
365
366
354
358
21517600
358
352
360
350
358
22879600
358
355
358
351
352
18647400
352
352
357
352
354
16822300
354
355
361
354
360
11317300
360
389
408
382
401
94293700
401
400
400
371
375
66468400
375
373
382
368
371
26409000
371
369
372
366
368
16654300
368
367
368
361
361
18966000
361
364
370
363
367
16060300
367
368
371
366
370
10572500
370
371
371
366
368
10048300
368
367
373
365
370
8312700
370
370
378
368
375
7866800
375
379
381
374
376
12053600
376
378
384
375
382
15279100
382
390
398
387
394
22360100
394
409
423
404
415
44057100
415
410
429
408
425
38226100
425
419
429
411
416
25746300
416
421
423
411
416
12062300
416
414
421
414
419
10765500
419
419
428
418
425
14793100
425
429
437
428
436
25342800
436
433
435
425
429
16511100
429
425
427
410
411
14069600
411
411
418
406
410
17209500
410
409
411
396
400
15690600
400
400
403
396
400
12592500
400
404
405
399
403
10102700
403
395
397
391
393
11037300
393
398
401
395
397
8158000
397
392
394
386
391
12259400
391
391
398
389
391
10053300
391
391
395
390
390
8819300
390
390
391
386
387
6829500
387
385
386
380
384
12142500
384
383
386
379
380
15203200
380
379
384
376
377
16037200
377
376
381
375
379
12085300
379
380
384
379
381
11770100
381
382
384
380
382
10603100
382
382
383
378
379
10992200
379
381
382
375
377
13819700
377
377
382
373
375
15265700
375
373
378
365
366
21913600
366
367
372
367
370
13855900
370
370
373
369
371
5848600
371
364
370
358
363
179829100
363
366
389
365
382
110193400
382
390
391
381
384
97766800
384
393
396
388
393
62716700
393
393
398
391
392
32437200
392
400
409
398
408
69257200
408
407
410
403
408
130177400
408
415
415
397
401
53227300
401
398
398
388
393
34248300
393
399
404
396
401
34377500
401
405
405
394
394
37705200
394
402
409
399
409
37349900
409
412
412
407
411
15342700
411
414
415
410
412
16192900
412
410
413
405
408
12591800
408
405
406
400
401
19164800
401
401
401
394
400
17621800
400
392
395
390
391
16269100
391
396
397
390
390
18761700
390
375
380
370
375
35182300
375
379
384
377
380
25230200
380
380
383
373
374
19753300
374
377
383
377
381
21632700
381
387
389
384
387
18511100
387
390
390
382
383
13274100
383
378
380
373
378
17462900
378
378
378
371
374
23252500
374
372
376
367
367
22219400
367
373
379
368
375
31026200
375
368
369
363
365
21457200
365
368
368
357
360
24491800
360
361
362
353
355
17403700
355
352
357
352
352
34825400
352
358
358
351
355
23619600
355
353
354
320
324
76551400
324
331
335
326
333
35150100
333
329
330
325
328
25656400
328
328
333
326
327
18329500
327
331
336
328
330
22321700
330
334
337
331
331
19228200
331
330
333
329
332
18435300
332
330
333
327
327
14151600
327
322
323
315
317
25075800
317
317
319
313
314
24039700
314
312
313
306
310
23133900
310
313
314
305
305
27351400
305
301
311
301
309
19080400
309
305
311
303
306
17275900
306
303
307
302
304
22568500
304
303
311
302
311
16183000
311
311
320
311
317
25915500
317
323
325
310
314
30434000
314
316
325
316
323
18196700
323
331
337
330
332
34674200
332
333
336
323
325
33114100
325
334
334
328
332
14947300
332
337
337
323
323
17429100
323
318
328
317
327
16067900
327
326
326
311
314
24922100
314
319
323
316
317
18081400
317
310
319
309
317
13808300
317
318
319
309
317
17433600
317
321
321
311
312
19643000
312
314
318
313
314
17469200
314
311
314
292
296
43627000
296
292
294
284
290
34729300
290
285
287
281
282
27923800
282
283
284
275
278
40369000
278
276
277
267
269
24797400
269
270
272
266
271
33408200
271
258
264
250
259
23998000
259
264
267
257
261
24224900
261
270
270
262
267
27978900
267
268
277
267
274
23103900
274
