1044
1044
1024
1032
8289400
1032
1025.5
1025.5
988
1013.5
15142500
1013.5
1012.5
1014
1000
1001
17390700
1001
1009
1017
1006.5
1013.5
7784700
1013.5
1010.5
1013
1004.5
1008.5
7439400
1008.5
1005
1006.5
1000
1001.5
9275800
1001.5
1000
1001
975.7
977.1
23942600
977.1
976
985.5
960
971.9
27011300
971.9
960.3
979.6
958
959.5
24875100
959.5
963
963.2
951.9
956.5
17895400
956.5
956
964.9
953.3
964.8
8874700
964.8
970
970.8
961.7
966.3
8177600
966.3
969.9
971.9
966
970.8
9217900
970.8
975.6
986.8
971.3
984.6
10453600
984.6
985.2
985.3
972.6
976.3
8409100
976.3
978
1037
968.7
1020.5
40965300
1020.5
1035.5
1045
1007
1013.5
23516300
1013.5
1021.5
1022
981.2
983
19733000
983
985
1002.5
980.1
985.8
13084400
985.8
989.9
994.4
974.1
985.9
8733800
985.9
985.3
993
981.3
991.5
6270600
991.5
976.5
990.6
973.2
988.8
9002100
988.8
958.1
959
907.7
923
23841200
923
948
978.3
937
939.5
15832200
939.5
942.4
949.5
935.1
939
7563700
939
908
942
905
939.7
11937200
939.7
954.9
955.2
924.4
934.9
12837900
934.9
953
974
916
918.4
15100000
918.4
917
927.1
908.5
920
12462200
920
920
920.4
906.8
909.7
13819600
909.7
915
938
912.1
938
8917800
938
934.4
941.4
930.1
938.9
5981500
938.9
937
938
918.1
924.6
8895700
924.6
924.2
928
916.6
927.1
6204900
927.1
921.6
948.9
921.6
947.6
9524800
947.6
948
963
940.1
950.2
8583900
950.2
959.8
959.8
935.1
937
8481700
937
934
983.7
932.4
977.3
20053300
977.3
970.4
972
948.5
952.4
11494300
952.4
937.5
938.4
912.6
914.9
14572300
914.9
910
910.9
899.3
905.1
12559100
905.1
915
927.1
907.4
918
12559600
918
913
926.8
909.5
916
10812300
916
921.5
933.4
916.2
919.3
5732200
919.3
921.4
930.6
915.3
917.8
8015100
917.8
926.6
942.2
924.7
932.7
7626000
932.7
936.9
946.4
929.8
946.4
7581500
946.4
936.3
938.5
925.6
928.6
7102200
928.6
928.5
936.9
927.4
931
8099700
931
930
930
920.3
925.4
7110200
925.4
923
926.6
906.4
913.4
6350400
913.4
907.3
913.8
905.3
912.6
6031400
912.6
913.2
927.6
910.4
912
6927800
912
900
900.1
870.6
872.5
16609200
872.5
863
883.6
862.8
880.3
7015800
880.3
888.8
901.3
881.6
900
6913400
900
885
900.3
880.6
895.9
8609200
895.9
885.1
888.7
864.5
872.8
13651200
872.8
879.5
899.2
878.7
899.1
7165100
899.1
895
895
881.3
881.6
7245900
881.6
875
883.2
862.3
868.4
10627800
868.4
872.8
873.6
851.5
851.7
12434700
851.7
851
869.7
850.1
865.8
11692400
865.8
865.5
865.5
852.8
853.1
9485000
853.1
850.1
851.9
827.8
828.7
15466800
828.7
824.7
824.9
792.1
800.3
26117800
800.3
807.1
814.2
798.3
800.6
13124700
800.6
795
799.3
788
794.1
12158200
794.1
790
800.6
786
794.1
10916900
794.1
786.5
792
783
785
12682600
785
779
783.4
771.3
773
16737300
773
782.1
795.4
770.7
792.8
17120000
792.8
790
803.7
784.2
792.5
18633800
792.5
785.2
790
779
779.3
13123400
779.3
777
777.7
761.8
767.2
14675300
767.2
772
779.4
768.1
770
9435900
770
765
773.1
760
771.4
9057600
771.4
773.7
774.4
768.4
772.5
10379600
772.5
780
787.2
776.6
780.2
7861200
780.2
786.8
802
785.3
799.5
12456300
799.5
810
821.3
799.6
810.8
15268300
810.8
821
821.8
803.1
807.6
10036600
807.6
814.2
814.5
801.8
813.7
6520100
813.7
810.5
814.3
804.8
807.3
7142200
807.3
813
821.2
808.8
813.9
6735300
813.9
795
795.8
765
778.2
18317300
778.2
781.8
789.7
778.2
786.6
8070700
786.6
785
789.7
777.5
781.5
8887400
781.5
777.8
782.3
775.6
778.3
6330600
778.3
777
778.2
773
777.2
6210000
777.2
777
783.5
772.9
780.3
6732000
780.3
782
783.5
778.9
780
5688800
780
780
780.2
771.2
772
8819500
772
771.2
773.5
765.3
767.2
9718000
767.2
766
766.2
751.6
754
12331100
754
750
750
740.1
742
10422000
742
739.1
739.1
721.4
722.5
12846200
722.5
720.3
732
719.5
727.8
7846700
727.8
720.2
722.9
714.2
719.2
9675700
719.2
725
735
722.1
731.6
18090300
731.6
729.3
729.5
716
718.6
9455000
718.6
720
722.1
715.1
716.6
8014500
716.6
712.9
715.8
707.8
711.2
8808500
711.2
708.8
725.7
707.1
716.9
9876900
716.9
720.1
721.4
709.2
713.4
8073500
713.4
707.6
719.3
705.1
710.9
9972000
710.9
709.9
713.4
706.4
709.6
6516600
709.6
712.5
725.9
710
720.7
11215900
720.7
726.4
744.5
725.7
738
11805300
738
746
763.2
742.2
751.2
18330300
751.2
748
753.1
725.2
727.6
14488700
727.6
724.9
725.6
708.8
719.9
9812700
719.9
716
723.1
705.7
705.7
9184600
705.7
710
711.9
700
709.1
8705600
709.1
709.9
717.7
707
710.6
6448500
710.6
701.2
706.4
700.4
704.4
6372800
704.4
704
714.7
702.5
708.4
5795300
708.4
705.2
716.1
701.3
715.1
5641600
715.1
719
721.7
708.6
711.2
6992100
711.2
711.8
721.4
705
706.9
7721700
706.9
715
749.7
713.3
749.4
18239600
749.4
745.4
753
725.1
725.9
13606300
725.9
729.9
736.4
713.4
718.7
8137700
718.7
715
720.7
707.4
719.3
5062400
719.3
725
732.6
715.4
720.3
6096300
720.3
735
748.9
733
736
9794800
736
742
760
733.2
760
9953400
760
776.3
806.6
775.3
797.2
25112300
797.2
789
812.8
771.2
792.4
18818800
792.4
789.9
791
766.9
779
12869800
779
780
787.3
776.3
782.8
9453800
782.8
799.9
812.1
792
800.8
13813100
800.8
815.8
818
803
806.6
10551500
806.6
813.4
815
805.6
807.6
8774000
807.6
807
807
797
800.6
7782400
800.6
796
809.4
793
807.4
6302200
807.4
806.3
807
770.3
773.7
19114700
773.7
779.6
789.9
777.4
782.3
8325500
782.3
787.7
791
782.8
789.5
7204200
789.5
781.4
788.9
776.3
776.6
8899300
776.6
777.8
786.5
775.9
777.1
10855600
777.1
781.8
787.9
776.3
786.9
15211600
786.9
792
797.6
776.4
781.9
9012700
781.9
780
780.9
762
765
11702600
765
759
762.7
744.3
744.6
10880900
744.6
746.2
771
746.1
766.4
10292200
766.4
820
829.8
798
818.2
39770900
818.2
817.8
818.8
777
777.8
20479300
777.8
778.7
792.4
774
778
11856600
778
781
801.8
779.2
796.9
12831900
796.9
789.9
796.2
775.2
786.4
8946300
786.4
791.1
795.3
782.7
787.8
6758500
787.8
792
799.3
787.6
794.5
6265800
794.5
787.4
788.2
776.5
778
8730700
778
784.8
792.9
779.5
788.6
4968200
788.6
782
788.2
776.5
784.8
5312800
784.8
781.2
781.2
756.2
756.6
13306900
756.6
748.8
757.8
726
755.6
12770400
755.6
761.9
772.1
759.9
764.2
7226100
764.2
762.8
779.9
753.1
779.8
8449300
779.8
786.9
809.6
786.5
808.7
16528700
808.7
809
814
800.1
800.4
9354500
800.4
803
828.6
801.1
824.8
16888500
824.8
819
841.1
818.7
838.8
15495500
838.8
838
852
831
849.9
10595300
849.9
864.9
864.9
843
853.5
9275800
853.5
847.4
847.8
816.5
827.7
16359300
827.7
823.3
839
822.4
831.2
9781500
831.2
822
827.2
802.7
803
9770900
803
803
812.4
795
808.5
6404800
808.5
800
811.7
798.5
808.8
5721600
808.8
816
819.3
805.1
807.2
5603500
807.2
810
820.4
808.3
816.3
5812800
816.3
819
824.8
814.3
814.3
6450900
814.3
822.3
824.6
815.7
823.9
6371400
823.9
824
857.6
817.4
845.9
14269400
845.9
860
862.9
838.5
840.6
9420900
840.6
846.2
860
836.4
856.5
9866300
856.5
861
868
843.9
858.7
12864300
858.7
857
875
855
873
10233100
873
876
886.2
864.3
883.1
8344900
883.1
882.8
887.5
865
865.2
9338900
865.2
873.4
877.9
868.2
870.8
8257700
870.8
870.8
870.8
852
859.8
7517900
859.8
863.3
876.1
862
865.8
8282700
865.8
860.3
868
854
856.2
7536200
856.2
858.3
868.6
856.3
858.7
6475000
858.7
850.2
859.9
850.2
852
4879400
852
852.5
852.6
821
824.4
9652200
824.4
834
840.8
828.1
833.2
6301700
833.2
795
816.1
791.8
806.1
11065300
806.1
800.7
822.2
800
821.3
8085300
821.3
824
826.6
809.1
810.2
7893000
810.2
812
821.5
811.2
817.9
5524900
817.9
828.2
835.5
825
828.8
5569500
828.8
828.8
845
828.8
843
6313900
843
819.1
823.8
784.1
792.8
20657400
792.8
777.8
779.8
760.2
772.6
19680000
772.6
774
786.3
767.6
768.4
8539900
768.4
771.6
775.8
759
769
7187300
769
748
752.5
742.2
745.4
9242900
745.4
752
756.8
736.8
739.8
7260200
739.8
744.4
756.3
740.2
742.1
6080300
742.1
735.2
752.9
733.5
751.4
8380200
751.4
757
764
747
764
5534700
764
734
830
707
787
37544400
787
799
849
788
816
29714300
816
820
869
816
860
18010100
860
864
893
859
888
18173700
888
888
913
880
883
17106200
883
905
910
895
901
10936500
901
908
930
903
930
17530900
930
930
949
919
934
13592400
934
905
927
897
923
11264300
923
919
930
916
927
7013300
927
927
950
923
950
8837700
950
950
952
930
940
10633000
940
938
942
933
940
4903400
940
923
930
899
916
10012100
916
897
924
895
918
7488300
918
914
926
910
919
5971900
919
919
932
918
927
4810400
927
937
945
933
941
7270100
941
950
967
945
945
9259800
945
950
958
916
922
8666500
922
927
931
908
914
7724400
914
924
933
914
930
5046600
930
930
930
877
881
12785300
881
867
891
864
885
6689300
885
881
889
865
871
6020100
871
886
895
875
892
6866900
892
877
879
859
859
5922500
859
856
859
844
857
5785100
857
867
876
862
871
5588500
871
884
888
872
877
4244400
877
870
877
844
845
9411600
845
838
849
831
845
4611900
845
825
834
818
826
6400200
826
829
832
820
827
5378700
827
815
816
776
781
9480700
781
777
783
763
774
11423400
774
734
740
714
717
10077800
717
728
742
711
724
7459000
724
766
768
740
747
8413600
747
740
746
732
736
5906600
736
