4706
4769
4692
4769
2351700
4769
4765
4787
4739
4784
1635400
4784
4795
4807
4773
4788
1440700
4788
4788
4838
4785
4810
1140600
4810
4780
4785
4702
4724
2377700
4724
4724
4741
4672
4683
1737600
4683
4700
4717
4674
4681
983000
4681
4696
4724
4692
4716
1065900
4716
4723
4783
4708
4779
2142700
4779
4800
4820
4745
4757
2066800
4757
4790
4795
4771
4790
1462400
4790
4784
4800
4773
4800
932600
4800
4810
4815
4782
4789
1366700
4789
4764
4769
4715
4722
1791200
4722
4688
4696
4623
4647
1794100
4647
4661
4677
4618
4618
1361900
4618
4625
4641
4599
4602
1277200
4602
4585
4602
4542
4570
1674200
4570
4538
4563
4190
4190
1807600
4190
4680
4794
4646
4698
8665900
4698
4698
4700
4583
4641
3649700
4641
4597
4717
4593
4667
3807400
4667
4550
4586
4366
4446
4835600
4446
4680
4703
4544
4547
4439400
4547
4550
4668
4546
4633
2943700
4633
4456
4530
4430
4460
3494000
4460
4460
4465
4313
4316
2904400
4316
4300
4300
4153
4230
3246000
4230
4230
4322
4226
4261
2039200
4261
4285
4340
4251
4327
1561000
4327
4378
4407
4342
4404
1246700
4404
4390
4402
4353
4365
1302600
4365
4380
4421
4343
4358
1917500
4358
4308
4324
4272
4323
1456600
4323
4303
4324
4288
4312
1094900
4312
4362
4412
4357
4403
1188600
4403
4444
4493
4433
4484
1410800
4484
4477
4553
4469
4477
2311600
4477
4411
4416
4370
4404
1768300
4404
4300
4314
4232
4267
2244700
4267
4236
4276
4217
4235
859900
4235
4298
4338
4279
4280
1291500
4280
4252
4305
4247
4256
1283200
4256
4300
4302
4240
4254
1185600
4254
4299
4346
4251
4270
2094600
4270
4360
4366
4311
4348
975800
4348
4330
4387
4330
4384
1110900
4384
4347
4395
4337
4385
946400
4385
4365
4425
4358
4423
1163000
4423
4425
4425
4333
4344
1927900
4344
4336
4377
4300
4317
877300
4317
4260
4288
4247
4286
1323100
4286
4355
4370
4262
4328
1773500
4328
4200
4226
4143
4157
2520300
4157
4112
4126
4075
4122
2108200
4122
4143
4230
4130
4229
1803600
4229
4137
4206
4137
4194
1834900
4194
4218
4225
4151
4196
1567000
4196
4235
4256
4197
4245
1280800
4245
4240
4281
4230
4245
805100
4245
4240
4320
4230
4310
2243300
4310
4244
4273
4206
4259
2039200
4259
4260
4327
4219
4293
1736000
4293
4260
4292
4237
4248
1714500
4248
4237
4275
4231
4258
1268300
4258
4238
4319
4215
4287
1408100
4287
4300
4314
4264
4274
941400
4274
4267
4304
4255
4281
951400
4281
4295
4303
4268
4281
1341800
4281
4284
4349
4278
4343
966400
4343
4350
4352
4315
4327
1092800
4327
4257
4352
4237
4343
1366000
4343
4368
4391
4333
4360
1202600
4360
4350
4365
4319
4357
905200
4357
4377
4391
4332
4335
700400
4335
4368
4399
4340
4394
912700
4394
4378
4411
4359
4397
862300
4397
4397
4402
4368
4383
878900
4383
4420
4420
4367
4405
1712200
4405
4400
4403
4322
4361
1483400
4361
4351
4379
4091
4123
5056200
4123
4124
4188
4061
4158
2512500
4158
4175
4266
4175
4222
1641900
4222
4222
4227
4178
4201
1291400
4201
4207
4238
4190
4221
847800
4221
4221
4245
4212
4242
974800
4242
4295
4313
4271
4308
1377900
4308
4277
4296
4236
4252
1663000
4252
4230
4257
4216
4228
1675400
4228
4288
4333
4280
4322
2167100
4322
4330
4342
4295
4305
1169600
4305
4330
4370
4309
4360
1983000
4360
4351
4359
4265
4285
1747900
4285
4276
4301
4248
4268
1498300
4268
4208
4259
4180
4199
1857700
4199
4206
4239
4189
4237
1421400
4237
4235
4241
4197
4234
830000
4234
4200
4215
4166
4185
999100
4185
4165
4178
4112
4158
2003000
4158
4185
4211
4162
4182
5248900
4182
4141
4237
4140
4208
1574000
4208
4217
4296
4208
4281
1260300
4281
4291
4307
4272
4301
1007200
4301
4326
4351
4314
4337
1722300
4337
4341
4356
4328
4346
1445500
4346
4345
4375
4325
4329
1772300
4329
4301
4329
4292
4317
806800
4317
4355
4368
4314
4322
1108400
4322
4326
4331
4295
4298
1031800
4298
4277
4299
4266
4282
1011200
4282
4276
4321
4272
4312
1799200
4312
4283
4291
4258
4282
947400
4282
4257
4272
4214
4215
1413700
4215
4236
4281
4214
4278
1262100
4278
4268
4293
4237
4284
1149800
4284
4247
4249
4201
4213
908900
4213
4224
4251
4215
4222
970900
4222
4185
4196
4136
4194
2301400
4194
4199
4227
4169
4225
1529600
4225
4225
4257
4219
4251
1392900
4251
4299
4332
4282
4326
2081500
4326
4300
4320
4218
4224
1245100
4224
4238
4246
4191
4230
1682700
4230
4220
4259
4217
4247
1025700
4247
4253
4265
4221
4231
1261100
4231
4231
4242
4204
4229
1118800
4229
4225
4296
4212
4292
1150400
4292
4342
4374
4322
4356
1830900
4356
4319
4320
4260
4290
1022100
4290
4300
4305
4277
4300
1061400
4300
4299
4350
4279
4338
1656100
4338
4336
4412
4331
4394
1332000
4394
4421
4482
4420
4479
1539800
4479
4475
4515
4453
4509
1103500
4509
4524
4570
4496
4541
1465600
4541
4548
4575
4539
4549
1137100
4549
4574
4612
4550
4602
1184200
4602
4627
4674
4620
4628
1172100
4628
4678
4696
4641
4647
1155100
4647
4617
4665
4608
4664
893100
4664
4696
4713
4614
4618
738000
4618
4600
4638
4573
4601
1404200
4601
4619
4634
4594
4629
819900
4629
4627
4656
4594
4598
907300
4598
4594
4594
4566
4588
846700
4588
4598
4625
4592
4597
774200
4597
4597
4657
4597
4653
861800
4653
4675
4675
4612
4632
1388900
4632
4639
4663
4625
4659
1108500
4659
4800
4884
4755
4820
4546800
4820
4752
4761
4611
4619
1975700
4619
4639
4668
4604
4635
1494200
4635
4622
4654
4577
4600
1143800
4600
4547
4589
4500
4577
1569600
4577
4583
4640
4579
4625
1385100
4625
4601
4625
4597
4597
1468900
4597
4572
4616
4568
4590
1515100
4590
4597
4618
4576
4598
1314400
4598
4625
4636
4601
4610
1209100
4610
4657
4697
4653
4696
1371100
4696
4684
4691
4668
4681
979200
4681
4710
4722
4674
4681
1112900
4681
4680
4704
4661
4691
1510000
4691
4703
4725
4692
4715
1258900
4715
4672
4725
4664
4699
1229000
4699
4695
4699
4664
4666
979900
4666
4664
4664
4626
4653
1090600
4653
4659
4664
4602
4615
1108100
4615
4578
4589
4541
4566
1197000
4566
4580
4618
4547
4613
1883900
4613
4600
4687
4584
4660
1618300
4660
4670
4790
4668
4779
1917300
4779
4779
4779
4693
4708
1593400
4708
4751
4764
4712
4722
1429900
4722
4840
4942
4837
4940
3585900
4940
4931
5079
4925
5077
2630300
5077
5141
5166
5101
5109
2597500
5109
5101
5114
5027
5034
2016300
5034
5090
5099
5040
5056
2116400
5056
5151
5165
5114
5134
1779000
5134
5118
5160
5082
5160
1483600
5160
5110
5144
5082
5094
1545400
5094
5126
5143
5085
5115
2086400
5115
5130
5258
5126
5230
1760700
5230
5250
5299
5245
5278
1805800
5278
5268
5278
5200
5213
1539100
5213
5283
5320
5221
5233
1759300
5233
5223
5269
5215
5237
1613500
5237
5175
5180
5030
5033
2603900
5033
5022
5072
4974
4989
1810700
4989
4848
4862
4794
4821
2504500
4821
4770
4822
4744
4808
2243700
4808
4790
4830
4768
4780
1817200
4780
4745
4815
4735
4810
1481400
4810
4880
4913
4854
4890
1753900
4890
5000
5013
4957
4978
1928600
4978
4936
4967
4875
4948
1721400
4948
4948
5026
4903
5001
1506900
5001
4957
4975
4907
4911
2234100
4911
4954
5065
4928
5031
2572900
5031
4892
4914
4797
4804
2183700
4804
4868
4880
4796
4838
2089700
4838
4872
4896
4814
4839
1575800
4839
4781
4856
4761
4828
2050800
4828
4836
4898
4807
4893
1990400
4893
4897
4926
4852
4864
1456700
4864
4866
4947
4841
4914
1820900
4914
4881
4895
4805
4807
2058200
4807
4800
4870
4776
4861
1777400
4861
4862
4870
4743
4773
2251500
4773
4880
4911
4850
4877
1814800
4877
4907
4919
4819
4833
2108600
4833
4798
4798
4702
4702
1552400
4702
4646
4646
4554
4621
1658500
4621
4626
4636
4565
4589
1886100
4589
4543
4566
4512
4564
1496500
4564
4565
4590
4519
4562
1359900
4562
4557
4563
4518
4535
920500
4535
4476
4487
4446
4453
1291900
4453
4400
4421
4384
4399
1195900
4399
4341
4400
4324
4377
1179400
4377
4379
4415
4348
4380
1186300
4380
4443
4509
4421
4499
2018200
4499
4510
4538
4467
4502
1731800
4502
4530
4541
4454
4480
1485500
4480
4463
4531
4460
4510
2846300
4510
4558
4618
4541
4599
1606400
4599
4576
4597
4513
4519
1997600
4519
4450
4474
4400
4448
1936000
4448
4410
4421
4352
4380
1809400
4380
4444
4514
4436
4506
1865900
4506
4436
4537
4421
4525
2008200
4525
4506
4516
4366
4366
2510200
4366
4417
4480
4387
4434
2511500
4434
4444
4469
4421
4430
2562300
4430
4430
4479
4397
4445
3520600
4445
4446
4547
4446
4495
1810400
4495
4457
4469
4387
4387
1652200
4387
4445
4447
4342
4347
1416900
4347
4346
4357
4223
4247
1835400
4247
4258
4304
4231
4249
2566700
4249
4124
4140
4030
4051
1618400
4051
4089
4144
4025
4086
1355700
4086
4209
4310
4200
4295
1588300
4295
4256
4299
4230
4270
993500
4270
