1107
1124
1103
1115
4313800
1115
1123
1123
1115
1118
2366500
1118
1128
1143
1124
1128
2486500
1128
1125
1132
1121
1125
1983400
1125
1121
1140
1120
1134
2522000
1134
1134
1139
1128
1138
2958900
1138
1150
1160
1135
1137
2892900
1137
1146
1146
1129
1134
2220300
1134
1123
1124
1100
1124
4123500
1124
1135
1136
1107
1113
3260200
1113
1119
1123
1104
1115
2714500
1115
1119
1127
1113
1119
2593300
1119
1112
1118
1108
1110
2713700
1110
1100
1118
1099
1111
2417000
1111
1095
1097
1085
1094
2620000
1094
1099
1106
1087
1092
2868100
1092
1090
1099
1085
1090
2706400
1090
1083
1093
1073
1089
3177300
1089
1080
1097
1074
1086
3504300
1086
1081
1115
1075
1115
4830900
1115
1025
1046
1018
1037
8676100
1037
1026
1034
1017
1017
4145200
1017
980
990
965
989
7048800
989
1010
1014
977
978
4396700
978
982
987
967
977
3975200
977
951
960
944
954
4091100
954
966
966
935
937
3684700
937
941
948
922
930
3291600
930
939
944
932
936
2821200
936
935
961
931
957
4092600
957
963
976
959
974
2148900
974
973
983
967
973
1808300
973
976
988
974
977
2445600
977
971
976
962
968
2842500
968
978
991
973
984
2368700
984
995
1000
987
987
2041900
987
1001
1017
996
1002
2141000
1002
1003
1010
991
991
2853000
991
987
987
964
973
3043000
973
948
952
933
940
3407700
940
928
930
918
926
1546800
926
939
952
933
935
2167700
935
926
934
921
925
2642500
925
935
945
934
936
2644000
936
942
959
938
945
3262600
945
959
964
954
958
2906300
958
953
957
949
953
2746300
953
944
949
937
943
2806700
943
944
949
931
945
2324100
945
951
951
935
936
2332100
936
930
930
908
910
3882200
910
910
925
910
923
3394600
923
929
944
928
938
2986300
938
909
915
899
904
4035300
904
898
907
886
907
3231200
907
922
935
919
928
3607200
928
891
899
885
899
3435800
899
904
905
886
893
3123800
893
902
917
900
912
2942500
912
905
915
905
907
1931300
907
896
908
891
906
2396700
906
908
915
899
900
2491900
900
905
913
897
905
2257200
905
903
911
897
898
2539600
898
895
908
892
903
2314100
903
900
927
895
921
2594900
921
924
931
921
925
2039700
925
920
920
902
908
2321800
908
907
926
905
922
2308600
922
920
927
912
925
2199600
925
923
927
920
923
1559200
923
923
926
914
922
2930600
922
929
949
922
944
2886900
944
954
955
942
948
2371600
948
974
983
955
957
4857500
957
962
970
953
968
2394800
968
968
968
947
949
2547800
949
946
946
930
931
3837100
931
937
943
929
940
3533000
940
936
949
932
943
2108700
943
952
956
940
943
1922500
943
943
943
926
936
1664100
936
943
954
942
947
1706600
947
950
956
944
948
1756400
948
955
960
948
956
2060000
956
958
964
953
964
1726200
964
969
978
965
972
2476500
972
1049
1054
991
1007
7777400
1007
1002
1028
998
1017
3552800
1017
1020
1043
1013
1037
3181400
1037
1040
1044
1027
1044
2402500
1044
1050
1056
1037
1047
2198700
1047
1058
1063
1035
1039
2125400
1039
1040
1055
1033
1040
2958800
1040
1030
1030
1015
1020
2588300
1020
1023
1030
1016
1024
2179100
1024
1021
1029
1016
1029
1488500
1029
1005
1016
1001
1010
2328100
1010
987
994
972
978
3736600
978
987
1002
982
994
4438500
994
986
996
982
986
2346500
986
999
1014
992
1011
1955700
1011
1022
1028
1011
1018
1956000
1018
1023
1038
1023
1036
2803600
1036
1046
1050
1042
1049
2147000
1049
1050
1055
1037
1038
3560900
1038
1037
1042
1024
1036
1345300
1036
1055
1055
1035
1051
2274000
1051
1053
1068
1044
1065
2452200
1065
1060
1071
1053
1066
2219000
1066
1072
1073
1053
1062
2257100
1062
1061
1063
1036
1046
1530700
1046
1045
1057
1035
1041
2416300
1041
1041
1049
1022
1048
2101700
1048
1041
1057
1032
1052
1651100
1052
1039
1043
1030
1039
2285200
1039
1036
1041
1030
1037
2163500
1037
1026
1050
1019
1049
2294200
1049
1038
1041
1028
1038
1758200
1038
1028
1040
1025
1037
1655100
1037
1019
1034
1012
1029
2652100
1029
1015
1032
1004
1006
2799200
1006
1017
1019
999
1008
2365400
1008
1004
1009
988
988
2293900
988
979
981
968
971
3547400
971
972
984
968
981
2509900
981
986
998
980
995
1785900
995
1005
1015
997
997
1934900
997
983
983
965
969
2574700
969
978
985
971
979
3174400
979
982
992
974
980
2980100
980
984
984
964
974
3529500
974
988
994
978
985
2233600
985
997
1020
996
1014
3426400
1014
1014
1019
1001
1010
2102100
1010
1004
1014
998
1007
1772600
1007
1018
1025
1009
1020
1401400
1020
1023
1034
1021
1024
1530400
1024
1025
1030
1017
1021
2309100
1021
1022
1027
1018
1026
1285500
1026
1029
1038
1007
1015
1862500
1015
1010
1012
989
1001
2975200
1001
1030
1042
1025
1037
4295800
1037
1097
1118
1072
1075
6911600
1075
1081
1102
1073
1098
4460900
1098
1101
1115
1092
1102
4539900
1102
1099
1103
1086
1100
2134000
1100
1105
1109
1092
1102
3005400
1102
1105
1115
1098
1113
2387500
1113
1111
1111
1082
1085
3096300
1085
1070
1071
1041
1054
3169500
1054
1069
1082
1060
1081
2744400
1081
1076
1078
1047
1067
2842400
1067
1059
1071
1048
1069
2652200
1069
1069
1077
1065
1068
1443700
1068
1068
1068
1052
1061
2318200
1061
1064
1085
1058
1084
3155200
1084
1091
1098
1083
1097
3376000
1097
1105
1109
1090
1094
2267000
1094
1110
1120
1100
1107
5003000
1107
1100
1110
1092
1104
1737000
1104
1113
1116
1105
1109
2007000
1109
1115
1148
1113
1132
3650700
1132
1147
1148
1129
1136
2404800
1136
1116
1135
1111
1131
2494900
1131
1133
1135
1102
1111
2223800
1111
1115
1116
1096
1103
1787500
1103
1100
1100
1086
1087
2516400
1087
1095
1096
1059
1061
3131800
1061
1050
1053
1038
1043
3374400
1043
1045
1058
1044
1050
2008500
1050
1052
1074
1049
1073
2574300
1073
1077
1092
1066
1082
3749600
1082
1087
1096
1083
1093
2304300
1093
1105
1122
1095
1121
3647900
1121
1120
1172
1119
1168
4623500
1168
1185
1197
1180
1184
3866800
1184
1177
1179
1158
1162
2862200
1162
1165
1183
1160
1168
4332900
1168
1181
1187
1168
1176
3324200
1176
1167
1189
1167
1185
3208300
1185
1178
1187
1173
1175
2273400
1175
1200
1214
1192
1208
4258800
1208
1228
1254
1219
1234
3788000
1234
1229
1244
1221
1226
3531000
1226
1220
1228
1212
1222
2450500
1222
1230
1239
1227
1229
3704500
1229
1227
1231
1214
1222
2842900
1222
1186
1212
1174
1203
4000400
1203
1204
1211
1178
1188
3763500
1188
1138
1155
1137
1152
3934400
1152
1145
1159
1135
1158
3174200
1158
1154
1165
1143
1156
2364000
1156
1146
1175
1144
1175
2934400
1175
1198
1202
1183
1191
3275800
1191
1195
1195
1159
1169
2830800
1169
1152
1165
1141
1162
2115500
1162
1166
1183
1150
1178
1752500
1178
1171
1175
1145
1149
2803500
1149
1170
1185
1161
1173
3378200
1173
1140
1144
1123
1129
3458800
1129
1145
1153
1118
1131
3406000
1131
1140
1145
1098
1101
4096000
1101
1095
1111
1069
1104
6836200
1104
1125
1135
1101
1121
4605800
1121
1110
1116
1082
1085
4148300
1085
1085
1092
1068
1079
3792200
1079
1069
1081
1060
1069
2508700
1069
1062
1080
1057
1076
2430100
1076
1076
1094
1068
1074
2430900
1074
1092
1094
1072
1075
2018700
1075
1074
1082
1059
1063
1759900
1063
1051
1057
1043
1048
1448600
1048
1019
1021
1000
1018
3393400
1018
1032
1040
1012
1039
3602500
1039
1028
1044
1023
1044
2697200
1044
1048
1064
1044
1064
4917900
1064
1067
1085
1058
1076
3940100
1076
1058
1065
1032
1038
4325100
1038
1016
1020
998
1003
4533200
1003
1007
1012
999
1004
2488600
1004
1001
1006
984
992
3014100
992
1003
1010
991
1000
2772300
1000
1021
1039
1016
1034
4525800
1034
1049
1057
1036
1038
3034200
1038
1052
1062
1019
1022
3858800
1022
1035
1046
1028
1041
2355000
1041
1047
1072
1045
1049
3945800
1049
1041
1058
1037
1050
3987800
1050
1041
1043
1003
1016
3506200
1016
1025
1041
1016
1036
3616500
1036
1019
1038
1011
1036
2597600
1036
1041
1045
1001
1004
3156300
1004
1013
1034
1007
1025
2750300
1025
1043
1047
1029
1036
2443500
1036
1027
1040
1017
1026
3276100
1026
1031
1048
1028
1028
2258300
1028
1016
1037
1015
1029
2703600
1029
1032
1043
1026
1030
2516100
1030
1017
1026
992
999
2529700
999
985
1001
981
988
3172500
988
958
960
938
952
2021100
952
958
973
945
960
2290300
960
986
1002
983
991
2520700
991
986
1001
985
993
1865200
993
