5307
5314
5236
5294
2353600
5294
5285
5307
5250
5306
2101600
5306
5350
5351
5260
5298
2529700
5298
5259
5357
5256
5333
2054100
5333
5284
5296
5231
5296
2101000
5296
5292
5346
5292
5315
2276600
5315
5340
5372
5326
5359
1958000
5359
5356
5365
5343
5354
1534300
5354
5333
5347
5301
5329
1655800
5329
5400
5515
5388
5471
4943000
5471
5402
5415
5356
5398
3067800
5398
5400
5514
5398
5502
2569400
5502
5485
5513
5473
5508
1889000
5508
5451
5492
5441
5448
1891400
5448
5395
5479
5379
5449
1768800
5449
5457
5500
5415
5422
1731100
5422
5403
5439
5396
5416
1726100
5416
5387
5419
5340
5380
2388700
5380
5368
5399
5303
5306
2245900
5306
5337
5397
5316
5390
1605900
5390
5350
5393
5331
5377
1437600
5377
5301
5355
5268
5271
2001300
5271
5040
5048
4895
4957
4165400
4957
5089
5150
4936
4936
3623300
4936
4971
5082
4969
5067
2728800
5067
4887
4958
4882
4954
3268800
4954
5006
5010
4826
4831
2838700
4831
4837
4876
4771
4799
2412700
4799
4895
4906
4839
4866
2157100
4866
4917
4987
4881
4974
2451600
4974
4800
4865
4762
4860
5647700
4860
4850
4873
4803
4811
2322700
4811
4849
4853
4773
4789
3158800
4789
4760
4760
4711
4740
2666200
4740
4767
4807
4733
4797
2299300
4797
4830
4836
4791
4812
1974900
4812
4830
4847
4804
4829
6556800
4829
4850
4862
4782
4782
2244400
4782
4750
4764
4690
4704
2190500
4704
4605
4611
4561
4570
2651100
4570
4558
4646
4554
4628
2303400
4628
4686
4713
4617
4620
2325100
4620
4618
4641
4574
4575
2227400
4575
4615
4620
4557
4572
1989200
4572
4613
4668
4559
4588
3116800
4588
4710
4740
4678
4704
2363200
4704
4682
4697
4648
4695
1578200
4695
4674
4700
4663
4677
1809500
4677
4642
4670
4603
4661
1587900
4661
4667
4668
4619
4634
2226200
4634
4632
4659
4588
4588
1319500
4588
4558
4592
4548
4588
1842700
4588
4543
4587
4535
4581
2037000
4581
4470
4511
4376
4390
3246300
4390
4353
4500
4353
4490
2659700
4490
4524
4567
4485
4564
2710500
4564
4517
4588
4514
4579
2376600
4579
4631
4661
4580
4628
2605000
4628
4660
4663
4601
4624
2136000
4624
4626
4665
4600
4601
1261500
4601
4559
4633
4547
4617
1435200
4617
4680
4759
4675
4747
2544000
4747
4808
4820
4735
4746
2071000
4746
4741
4754
4701
4704
1675300
4704
4690
4693
4658
4674
1523600
4674
4693
4760
4660
4752
2009200
4752
4768
4770
4731
4747
1383200
4747
4700
4700
4613
4626
1960100
4626
4637
4685
4627
4658
1618100
4658
4660
4695
4644
4684
1199600
4684
4650
4670
4629
4650
1343200
4650
4659
4688
4643
4673
1448500
4673
4656
4657
4580
4580
3603800
4580
4534
4618
4528
4572
3208000
4572
4572
4587
4548
4552
1940300
4552
4591
4593
4525
4554
2596500
4554
4540
4617
4540
4612
1942800
4612
4625
4664
4624
4640
1755300
4640
4649
4655
4577
4589
2097500
4589
4590
4593
4545
4553
2382800
4553
4525
4526
4490
4493
2776300
4493
4519
4540
4460
4483
1911100
4483
4493
4545
4483
4514
2361900
4514
4490
4513
4480
4512
1715100
4512
4498
4527
4492
4511
1423800
4511
4490
4510
4444
4469
2969000
4469
4480
4502
4458
4492
1570000
4492
4485
4489
4453
4473
2121200
4473
4458
4512
4453
4486
2008000
4486
4501
4519
4489
4508
1631900
4508
4552
4566
4532
4564
1968000
4564
4572
4599
4572
4582
1419100
4582
4598
4605
4585
4595
1657700
4595
4584
4588
4527
4546
2292200
4546
4546
4547
4479
4485
2545800
4485
4508
4530
4492
4516
1656800
4516
4509
4514
4456
4468
1684700
4468
4484
4485
4430
4439
1717500
4439
4389
4399
4341
4350
2869300
4350
4372
4393
4339
4365
5869700
4365
4345
4399
4310
4360
2485800
4360
4391
4403
4362
4377
2879200
4377
4426
4448
4401
4420
2519400
4420
4427
4490
4416
4468
2679600
4468
4522
4540
4502
4505
2185000
4505
4472
4520
4461
4471
2492700
4471
4461
4485
4440
4464
1440200
4464
4534
4564
4486
4510
2299800
4510
4498
4533
4495
4517
1540800
4517
4515
4544
4505
4505
1996600
4505
4490
4502
4422
4424
3812600
4424
4412
4423
4392
4403
1638700
4403
4390
4432
4380
4381
2407600
4381
4400
4426
4358
4418
2187600
4418
4415
4430
4390
4414
2026100
4414
4380
4403
4364
4401
2631300
4401
4416
4416
4375
4377
1747900
4377
4376
4431
4353
4424
2684800
4424
4343
4356
4276
4293
2461900
4293
4351
4362
4291
4328
2305800
4328
4324
4340
4309
4333
1695200
4333
4292
4292
4162
4164
3381300
4164
4192
4199
4120
4142
2701800
4142
4111
4128
4092
4108
2019000
4108
4048
4073
4026
4045
3153600
4045
4065
4118
4065
4092
2243100
4092
4101
4154
4072
4137
2659200
4137
4207
4213
4156
4165
2830000
4165
4121
4124
4051
4060
3044100
4060
4092
4109
4053
4057
2750900
4057
4068
4112
4035
4096
3017000
4096
4149
4189
4115
4148
3114300
4148
4217
4250
4213
4220
2261800
4220
4266
4272
4214
4218
2060500
4218
4200
4209
4145
4165
2199500
4165
4147
4183
4145
4164
1483000
4164
4191
4192
4156
4174
1265800
4174
4198
4230
4177
4214
1790200
4214
4284
4300
4218
4225
2290800
4225
4263
4279
4246
4274
2157200
4274
4306
4398
4306
4359
5356800
4359
4404
4420
4372
4394
3949200
4394
4448
4454
4389
4437
2099900
4437
4420
4424
4334
4346
1926200
4346
4355
4371
4321
4323
1278800
4323
4300
4324
4282
4299
1165200
4299
4293
4360
4285
4343
1223700
4343
4341
4354
4271
4273
2009600
4273
4250
4319
4181
4289
3923900
4289
4290
4357
4250
4263
2925500
4263
4222
4237
4122
4135
2113600
4135
4160
4191
4134
4185
1926100
4185
4185
4220
4132
4159
1542200
4159
4120
4162
4093
4144
1856100
4144
4074
4142
4074
4129
1883300
4129
4121
4134
4092
4131
1093100
4131
4133
4136
4086
4097
1518800
4097
4097
4136
4085
4126
1541800
4126
4089
4098
4028
4045
2778100
4045
4058
4063
4038
4058
1430100
4058
4061
4101
4052
4084
1560700
4084
4150
4189
4142
4142
2047100
4142
4100
4170
4093
4157
1917000
4157
4166
4187
4134
4136
1753800
4136
4111
4144
4090
4093
1822500
4093
4102
4112
4055
4069
1339000
4069
4055
4058
4012
4017
1988600
4017
4010
4024
3986
3999
2651200
3999
3998
4015
3969
3971
2066400
3971
3960
3966
3938
3946
2032600
3946
3950
3973
3944
3954
1363900
3954
3953
3980
3941
3971
1399200
3971
3965
3969
3906
3939
2150100
3939
3988
4085
3986
4079
2887400
4079
4172
4175
4114
4149
4349400
4149
4140
4197
4121
4182
2543700
4182
4250
4273
4227
4245
2710300
4245
4278
4288
4241
4266
2767500
4266
4281
4295
4239
4278
4227000
4278
4241
4317
4230
4317
2753600
4317
4292
4334
4272
4326
1758200
4326
4338
4342
4282
4287
1698100
4287
4312
4322
4279
4293
2301000
4293
4293
4320
4292
4320
2043700
4320
4390
4418
4367
4391
2893700
4391
4391
4408
4337
4340
2136200
4340
4406
4414
4334
4348
2405800
4348
4300
4346
4295
4315
2324200
4315
4272
4320
4251
4300
2627900
4300
4305
4337
4298
4325
2541400
4325
4195
4249
4175
4216
3962600
4216
4191
4228
4189
4220
3021600
4220
4190
4207
4169
4186
2295200
4186
4190
4270
4178
4266
1933200
4266
4336
4363
4298
4354
2144400
4354
4365
4367
4305
4316
2084500
4316
4240
4279
4222
4266
2182400
4266
4208
4300
4191
4282
2443500
4282
4221
4229
4142
4150
3578800
4150
4212
4236
4177
4217
2388400
4217
4112
4188
4108
4157
2677700
4157
4181
4231
4140
4227
2326900
4227
4257
4287
4232
4236
1788800
4236
4245
4317
4235
4271
2827400
4271
4286
4363
4281
4363
2879700
4363
4363
4365
4281
4308
2424100
4308
4308
4338
4255
4319
2576500
4319
4300
4338
4265
4296
1789300
4296
4301
4368
4294
4366
1663100
4366
4374
4390
4312
4335
2274000
4335
4350
4368
4225
4242
4415000
4242
4230
4307
4227
4270
2532900
4270
4237
4273
4236
4263
1479600
4263
4209
4223
4154
4172
2408800
4172
4199
4256
4159
4240
2894500
4240
4240
4379
4236
4379
3186800
4379
4330
4345
4294
4312
2627500
4312
4304
4331
4281
4322
1327600
4322
4297
4363
4292
4361
1585100
4361
4315
4363
4303
4345
1993000
4345
4379
4405
4352
4405
1847200
4405
4505
4563
4486
4523
3468700
4523
4555
4577
4517
4546
2787500
4546
4554
4568
4531
4560
2491600
4560
4591
4636
4571
4580
2318900
4580
4596
4628
4592
4600
3535200
4600
4640
4645
4600
4605
1902500
4605
4630
4661
4580
4592
3163900
4592
4524
4585
4504
4564
1937400
4564
4554
4573
4498
4524
2254800
4524
4535
4557
4490
4548
2427100
4548
4490
4506
4433
4475
2012900
4475
4520
4524
4448
4464
2072600
4464
4575
4629
4547
4560
3356100
4560
4585
4588
4510
4510
2605000
4510
4508
4564
4498
4506
3114600
4506
4515
4582
4510
4539
1953800
4539
4501
4512
4464
4471
2139700
4471
4490
4503
4433
4470
2033000
4470
4450
4487
4388
4398
2591100
4398
4370
4376
4291
4311
4423500
4311
4171
4186
4131
4152
2713500
4152
4114
4127
4011
4079
2445800
4079
4217
4240
4173
4218
2399300
4218
4199
4262
4179
4236
1789900
4236
