553
557
551
553
2705000
5530
556
562
555
558
2649000
5580
560
570
559
568
2969000
5680
569
577
565
569
2648000
5690
568
581
566
574
3073000
5740
583
584
564
566
3240000
5660
569
571
558
560
1439000
5600
554
560
553
556
1638000
5560
550
551
543
545
2448000
5450
548
550
529
529
4155000
5290
530
538
529
537
1536000
5370
530
536
530
534
1152000
5340
539
541
536
537
1410000
5370
534
539
534
537
1488000
5370
537
537
532
532
1263000
5320
531
532
520
520
3066000
5200
525
527
521
522
2173000
5220
519
521
514
516
1995000
5160
522
526
513
514
2401000
5140
515
522
508
521
2205000
5210
520
525
517
523
2069000
5230
514
520
512
516
2314000
5160
499
503
484
494
4056000
4940
512
514
499
500
2936000
5000
500
513
500
512
2444000
5120
497
503
480
485
5334000
4850
453
471
452
466
5756000
4660
463
467
460
462
4218000
4620
472
473
466
469
3344000
4690
468
477
465
475
3116000
4750
477
482
473
481
1949000
4810
474
484
474
481
2143000
4810
482
488
482
487
2317000
4870
489
491
482
490
2540000
4900
493
498
492
495
2008000
4950
505
506
493
495
3151000
4950
494
498
490
495
3137000
4950
492
498
492
495
3250000
4950
491
492
483
489
4064000
4890
475
478
467
476
5485000
4760
472
483
468
480
3672000
4810
485
486
474
477
3087000
4770
474
485
473
481
3382000
4810
479
480
475
480
2886000
4800
481
490
476
479
3836000
4790
470
478
462
474
4916000
4740
473
479
472
478
2753000
4780
480
481
474
478
2008000
4780
474
476
467
469
2677000
4690
470
470
464
465
3135000
4650
461
466
457
465
2986000
4650
466
474
458
473
3423000
4730
472
473
459
461
3775000
4610
454
461
450
451
4568000
4510
448
452
446
452
2430000
4520
456
464
456
463
2450000
4630
455
459
451
458
3058000
4580
463
470
460
466
2256000
4660
471
475
468
472
1906000
4720
467
469
461
461
1238000
4610
459
472
457
470
2593000
4700
469
476
466
473
1792000
4730
479
491
476
485
2362000
4850
486
486
477
478
2438000
4780
476
484
475
478
2145000
4780
476
487
476
483
2265000
4830
484
485
478
481
999000
4810
476
476
460
463
2752000
4630
465
475
463
473
1856000
4730
473
475
470
474
1723000
4740
467
480
467
478
1897000
4780
478
486
475
482
2433000
4820
482
494
482
488
2471000
4880
486
489
483
486
1761000
4860
487
488
482
483
1435000
4830
486
489
484
486
1301000
4860
483
491
482
486
1308000
4860
489
491
484
488
1038000
4880
490
502
489
501
3007000
5010
500
504
494
503
1454000
5030
504
510
502
508
1392000
5080
502
505
493
497
1670000
4970
494
503
492
496
2100000
4960
496
502
490
490
1715000
4900
492
509
477
504
5336000
5040
509
514
498
499
3216000
4990
503
508
496
499
1588000
4990
504
504
490
492
2030000
4920
493
500
492
497
937000
4970
498
509
498
507
1259000
5070
511
514
504
506
1109000
5060
505
510
504
504
981000
5040
501
504
498
501
1040000
5010
494
502
492
496
2082000
4960
497
498
486
488
1282000
4880
492
499
490
494
1553000
4940
489
497
488
495
1587000
4950
493
496
488
490
1087000
4900
485
489
480
482
1462000
4820
516
526
509
511
10319000
5110
512
519
508
508
3190000
5080
512
519
509
510
1953000
5100
512
513
501
503
1852000
5030
502
511
501
506
1743000
5060
508
526
507
523
3491000
5230
520
528
516
526
3417000
5260
527
537
523
533
2673000
5330
536
545
533
543
3104000
5430
543
544
536
537
2454000
5370
534
534
525
528
2337000
5280
530
533
527
530
2172000
5300
536
550
535
547
4869000
5470
546
546
524
525
3006000
5250
523
523
502
506
6193000
5060
507
519
507
513
4111000
5130
513
517
508
511
3261000
5110
512
518
505
509
2024000
5090
508
512
504
511
1971000
5110
508
520
507
517
1766000
5170
533
534
514
523
4170000
5230
523
527
518
519
2800000
5190
519
525
514
515
2813000
5150
515
520
515
517
2800000
5170
516
521
512
516
2596000
5160
516
519
510
513
3201000
5130
513
515
509
511
3516000
5110
516
520
513
514
2891000
5140
518
533
517
531
3902000
5310
536
547
534
542
5279000
5420
542
546
535
540
3084000
5400
546
550
543
546
3165000
5460
546
554
545
550
2224000
5500
552
553
541
541
2423000
5410
542
542
534
536
2110000
5360
538
538
529
536
3140000
5360
535
542
533
540
2595000
5400
544
544
540
541
1639000
5410
541
543
525
526
4536000
5260
530
539
529
533
3090000
5330
533
536
521
524
3954000
5240
524
530
521
525
2734000
5250
526
534
526
532
2105000
5320
534
541
532
538
2166000
5380
538
543
532
534
1921000
5340
535
535
525
529
1706000
5290
522
525
505
507
3718000
5070
499
511
488
507
3845000
5070
465
495
456
492
6521000
4920
493
495
487
490
1717000
4900
490
493
483
484
2520000
4840
478
479
470
473
2218000
4730
473
480
470
478
1712000
4780
478
478
463
469
1803000
4690
463
466
457
465
1665000
4650
463
472
462
471
1597000
4710
472
479
472
474
1781000
4740
471
478
469
475
1251000
4750
479
486
478
482
1566000
4820
482
486
480
482
1291000
4820
485
486
481
482
1105000
4820
482
485
478
480
1660000
4800
472
486
472
481
1764000
4810
472
476
469
471
2772000
4710
472
474
466
470
5993000
4700
475
480
472
476
2872000
4760
474
475
463
468
1821000
4680
464
470
462
465
1935000
4650
464
469
461
466
1874000
4660
463
475
463
473
1707000
4730
470
470
460
461
2023000
4610
458
464
457
458
1236000
4580
445
460
445
458
2399000
4580
455
459
449
456
1410000
4560
460
467
459
460
1350000
4600
462
470
460
466
2193000
4660
470
485
469
484
2603000
4840
488
491
485
487
1216000
4870
487
490
481
483
1518000
4830
483
491
483
490
2135000
4900
493
503
492
503
2022000
5030
4930
4990
4875
4955
380200
4955
4970
5030
4825
4840
232900
4840
4870
4925
4685
4710
375000
4710
4745
4765
4685
4715
187000
4715
4770
4830
4740
4755
214600
4755
4790
4850
4745
4790
257400
4790
4820
4855
4770
4815
188200
4815
4830
4890
4800
4865
220100
4865
4905
5030
4815
4825
344300
4825
4780
4795
4625
4670
359200
4670
4600
4650
4520
4555
318200
4555
4500
4610
4495
4580
222800
4580
4510
4540
4425
4435
200500
4435
4345
4405
4285
4340
360900
4340
4375
4400
4325
4395
200100
4395
4390
4470
4385
4440
165400
4440
4385
4455
4360
4435
149000
4435
4405
4435
4330
4385
157800
4385
4365
4375
4265
4315
222600
4315
4330
4350
4245
4295
134900
4295
4155
4220
4140
4155
163100
4155
4175
4205
4120
4160
195500
4160
4200
4230
4150
4185
136900
4185
4140
4285
4140
4220
441700
4220
4220
4285
4175
4200
190400
4200
4195
4250
4195
4240
174000
4240
4280
4345
4250
4320
211300
4320
4310
4310
4250
4285
135900
4285
4305
4350
4245
4335
263400
4335
4390
4560
4100
4470
978300
4470
4540
4640
4360
4420
478500
4420
4430
4670
4400
4595
408400
4595
4525
4625
4510
4580
212300
4580
4510
4560
4410
4550
286400
4550
4545
4685
4515
4650
250100
4650
4670
4750
4665
4750
177800
4750
4755
4800
4690
4740
194500
4740
4730
4800
4720
4785
139400
4785
4750
4870
4750
4865
193200
4865
4810
4860
4780
4845
180300
4845
4865
4925
4815
4915
154500
4915
4950
5140
4940
5100
467500
5100
5110
5170
5000
5160
285900
5160
5160
5160
5060
5120
177000
5120
5150
5180
5100
5150
220700
5150
5160
5190
5090
5100
277600
5100
5130
5160
4975
5040
340700
5040
5050
5090
4995
5000
225500
5000
5000
5100
5000
5060
269500
5060
5040
5060
4985
5000
208300
5000
5070
5080
4875
4900
351700
4900
4805
4830
4690
4705
448100
4705
4685
4725
4645
4675
500800
4675
4635
4725
4575
4695
469400
4695
4735
4775
4700
4735
287700
4735
4700
4745
4650
4700
346400
4700
4690
4755
4650
4670
263700
4670
4635
4730
4635
4660
263300
4660
4660
4685
4615
4660
206000
4660
4610
4645
4515
4525
161300
4525
4510
4510
4410
4440
234100
4440
4315
4325
4270
4295
189500
4295
4315
4405
4315
4390
217900
4390
4460
4555
4455
4540
248500
4540
4520
4540
4480
4510
140900
4510
