4935
5030
4870
4895
1058100
4895
4945
5020
4945
4990
481200
4990
5060
5070
4955
5010
497000
5010
4990
4990
4845
4860
1056900
4860
4835
4880
4800
4840
575900
4840
4860
4895
4805
4875
691200
4875
4900
4920
4880
4895
522500
4895
4880
4885
4820
4860
575800
4860
4805
4820
4770
4785
750200
4785
4855
4860
4695
4710
803500
4710
4740
4810
4735
4790
585300
4790
4785
4790
4705
4735
468800
4735
4800
4870
4795
4860
645600
4860
4885
4950
4875
4895
597900
4895
4855
4880
4845
4860
365800
4860
4860
4870
4635
4655
1121300
4655
4685
4695
4640
4655
672500
4655
4645
4645
4565
4590
986600
4590
4625
4695
4620
4635
890300
4635
4665
4665
4615
4660
561800
4660
4615
4670
4615
4650
439300
4650
4580
4595
4460
4465
734600
4465
4200
4240
4080
4175
1314300
4175
4320
4355
4225
4235
1003500
4235
4285
4330
4265
4300
806100
4300
4090
4175
4015
4075
1632200
4075
4085
4100
3970
3985
1249500
3985
3955
3975
3820
3855
1102500
3855
3925
3940
3865
3890
510600
3890
3915
3965
3875
3935
547000
3935
3970
4020
3960
4020
438300
4020
4010
4025
3960
4010
487800
4010
3990
4075
3975
4030
539900
4030
3995
3995
3920
3925
459400
3925
3920
3965
3905
3940
462400
3940
3970
4025
3955
4000
459100
4000
4020
4030
3955
4015
657300
4015
4060
4100
4000
4000
805700
4000
3970
3970
3800
3825
1008400
3825
3730
3775
3705
3750
773900
3750
3730
3755
3710
3740
393200
3740
3820
3850
3775
3810
592700
3810
3745
3800
3730
3760
879400
3760
3795
3805
3715
3745
532300
3745
3800
3830
3740
3760
646700
3760
3825
3830
3740
3775
501600
3775
3750
3760
3720
3755
696200
3755
3725
3810
3725
3790
642800
3790
3775
3820
3760
3800
468700
3800
3840
3870
3795
3820
670700
3820
3810
3870
3795
3815
517800
3815
3785
3820
3770
3790
844000
3790
3825
3875
3795
3820
610700
3820
3750
3765
3650
3690
1114500
3690
3650
3695
3630
3690
712400
3690
3750
3780
3730
3755
994300
3755
3740
3755
3710
3750
693000
3750
3750
3790
3745
3780
658300
3780
3820
3870
3805
3865
386300
3865
3860
3870
3810
3810
456900
3810
3765
3825
3750
3825
555700
3825
3880
3895
3825
3880
675700
3880
3945
3965
3870
3940
948000
3940
3930
3955
3895
3910
510200
3910
3900
3920
3870
3905
364800
3905
3910
3995
3905
3970
484200
3970
3970
3970
3920
3920
433200
3920
3870
3870
3725
3745
965900
3745
3790
3860
3775
3825
517800
3825
3810
3865
3810
3855
278100
3855
3835
3865
3825
3850
361700
3850
3845
3945
3845
3930
459500
3930
3980
4040
3975
3990
511400
3990
3955
3985
3925
3965
330000
3965
3935
3960
3915
3935
383900
3935
3970
4010
3950
3995
460600
3995
3965
4005
3935
3985
532500
3985
4000
4050
3970
4040
621400
4040
4060
4145
4020
4145
926300
4145
4080
4100
4055
4075
478700
4075
4105
4140
4075
4125
566200
4125
4135
4140
4090
4130
547800
4130
4130
4135
4050
4070
484300
4070
4040
4045
4000
4025
665000
4025
4000
4110
3995
4105
493400
4105
3990
4040
3930
3990
1245300
3990
4010
4035
3950
4005
521100
4005
4015
4100
4010
4030
520500
4030
4055
4120
4040
4075
522300
4075
4120
4240
4120
4195
708900
4195
4240
4260
4185
4200
490800
4200
4200
4210
4170
4190
315000
4190
4150
4165
4125
4135
343300
4135
4130
4175
4125
4155
588100
4155
4150
4150
4075
4090
563000
4090
4110
4200
4110
4160
628200
4160
4140
4155
4095
4150
370600
4150
4100
4155
4090
4110
485000
4110
4055
4055
3995
4000
426800
4000
4025
4085
4015
4030
830300
4030
3990
4040
3975
3995
585000
3995
4015
4065
3995
4025
395800
4025
4030
4045
3980
4010
634300
4010
3990
4070
3990
4010
559900
4010
4025
4075
4005
4065
505600
4065
4045
4095
4040
4055
544700
4055
4080
4105
4065
4090
242400
4090
4125
4195
4110
4165
579500
4165
4140
4160
4095
4100
399800
4100
4065
4065
4020
4025
548300
4025
4070
4090
4050
4055
406800
4055
4050
4080
4040
4060
396100
4060
4020
4030
3860
3880
1068000
3880
3875
3880
3740
3810
703800
3810
3815
3855
3785
3815
510000
3815
3770
3780
3715
3765
625800
3765
3770
3795
3745
3755
373600
3755
3710
3775
3685
3765
334400
3765
3775
3790
3735
3755
467400
3755
3660
3720
3640
3670
743500
3670
3665
3690
3640
3645
400700
3645
3655
3685
3615
3625
513300
3625
3625
3665
3600
3630
513700
3630
3600
3600
3565
3570
627500
3570
3555
3595
3500
3505
773400
3505
3530
3545
3505
3505
534400
3505
3530
3540
3475
3525
583200
3525
3525
3590
3510
3570
673700
3570
3545
3575
3505
3565
616500
3565
3530
3535
3485
3505
763700
3505
3510
3565
3485
3550
711000
3550
3580
3595
3525
3540
684400
3540
3555
3585
3510
3520
739100
3520
3520
3545
3490
3495
660700
3495
3495
3515
3425
3460
1262200
3460
3395
3425
3385
3405
821800
3405
3435
3445
3400
3435
450400
3435
3450
3460
3400
3410
779000
3410
3400
3480
3400
3465
1127200
3465
3475
3515
3470
3500
741000
3500
3475
3495
3460
3465
348600
3465
3490
3520
3465
3515
993000
3515
3560
3590
3525
3565
738900
3565
3575
3615
3515
3525
642900
3525
3555
3585
3520
3530
524400
3530
3530
3530
3420
3425
584900
3425
3415
3480
3415
3465
431600
3465
3440
3445
3375
3390
711500
3390
3375
3400
3360
3365
452200
3365
3500
3610
3440
3525
1637300
3525
3530
3545
3510
3515
807300
3515
3520
3535
3470
3510
651800
3510
3480
3480
3335
3340
778400
3340
3330
3335
3260
3305
834900
3305
3315
3350
3260
3345
685200
3345
3345
3400
3330
3385
430600
3385
3355
3380
3330
3360
374000
3360
3380
3455
3360
3445
476800
3445
3440
3465
3425
3435
434600
3435
3470
3475
3425
3425
353900
3425
3430
3455
3380
3395
661800
3395
3380
3455
3360
3410
755400
3410
3355
3410
3355
3395
465900
3395
3405
3415
3355
3375
849200
3375
3345
3385
3340
3360
557200
3360
3340
3345
3290
3330
493500
3330
3300
3305
3280
3285
396900
3285
3305
3325
3280
3305
509400
3305
3325
3360
3310
3350
608100
3350
3335
3345
3275
3285
597000
3285
3240
3245
3175
3190
792700
3190
3225
3230
3180
3195
686000
3195
3190
3225
3160
3190
591000
3190
3215
3275
3215
3255
493900
3255
3250
3290
3245
3275
601900
3275
3345
3415
3345
3385
888100
3385
3445
3460
3420
3440
586700
3440
3470
3545
3455
3505
1174800
3505
3525
3580
3485
3580
1049600
3580
3570
3620
3555
3590
814200
3590
3570
3595
3515
3590
632900
3590
3580
3600
3535
3565
439400
3565
3595
3625
3555
3565
720900
3565
3575
3630
3560
3605
470900
3605
3625
3630
3585
3585
645900
3585
3565
3580
3525
3545
588500
3545
3555
3610
3555
3595
548300
3595
3560
3610
3550
3585
520700
3585
3560
3560
3460
3475
652200
3475
3490
3520
3450
3465
332600
3465
3355
3380
3305
3335
528600
3335
3315
3380
3305
3380
665300
3380
3325
3345
3295
3320
474300
3320
3315
3385
3310
3385
410400
3385
3415
3435
3390
3410
378200
3410
3435
3460
3415
3425
399000
3425
3390
3455
3365
3440
619100
3440
3395
3465
3350
3435
489400
3435
3405
3420
3270
3275
642800
3275
3295
3300
3175
3225
583600
3225
3115
3185
3085
3090
716700
3090
3100
3160
3075
3150
691500
3150
3200
3265
3190
3235
688800
3235
3205
3315
3200
3285
673700
3285
3320
3350
3305
3335
515100
3335
3315
3330
3255
3280
659000
3280
3305
3375
3280
3365
599500
3365
3325
3325
3255
3260
576200
3260
3260
3320
3240
3320
469200
3320
3330
3470
3330
3400
1369500
3400
3490
3530
3440
3455
869000
3455
3565
3715
3560
3710
1449300
3710
3680
3750
3645
3655
873700
3655
3600
3600
3510
3590
879600
3590
3545
3655
3525
3630
685600
3630
3610
3730
3595
3725
892700
3725
3850
3855
3730
3775
1210300
3775
3800
3835
3740
3805
919800
3805
3775
3865
3760
3820
900100
3820
3750
3850
3740
3755
836200
3755
3775
3810
3735
3800
622600
3800
3780
3865
3765
3845
535900
3845
3880
3895
3835
3880
572700
3880
3875
3895
3785
3830
670700
3830
3865
3870
3800
3830
401500
3830
3850
3865
3815
3840
1118100
3840
3870
3870
3735
3760
695900
3760
3760
3795
3690
3690
762200
3690
3650
3690
3610
3665
624400
3665
3655
3700
3650
3685
663900
3685
3740
3770
3605
3670
480500
3670
3600
3620
3545
3565
473200
3565
3560
3570
3520
3555
392800
3555
3575
3685
3560
3670
685400
3670
3680
3690
3630
3650
529800
3650
3650
3735
3630
3650
766600
3650
3635
3675
3610
3625
394100
3625
3540
3590
3530
3570
490600
3570
3565
3585
3500
3535
533300
3535
3495
3535
3375
3400
624400
3400
3360
3380
3320
3325
715900
3325
3190
3200
3130
3170
520400
3170
3210
3300
3210
3275
694900
3275
3405
3410
3355
3400
488200
3400
3400
3440
3390
3395
443000
3395
