2153
2190
2153
2183
2249400
2183
2197
2222
2195
2215
1606800
2215
2247
2268
2242
2266
2535000
2266
2272
2286
2262
2272
1899400
2272
2255
2261
2237
2253
1542400
2253
2254
2260
2237
2248
1728900
2248
2264
2278
2253
2265
1287700
2265
2265
2267
2249
2264
1076700
2264
2248
2274
2243
2272
1630800
2272
2290
2305
2261
2268
2137600
2268
2267
2271
2247
2269
1332700
2269
2259
2265
2249
2263
890100
2263
2274
2300
2274
2297
1380100
2297
2300
2302
2272
2282
1094100
2282
2266
2272
2232
2238
1763600
2238
2251
2258
2208
2212
1671900
2212
2225
2239
2213
2231
1448600
2231
2222
2232
2190
2196
1783400
2196
2200
2253
2200
2222
2934300
2222
2226
2263
2221
2261
2071100
2261
2261
2263
2226
2244
1909100
2244
2200
2204
2153
2155
2524000
2155
2061
2077
1991
2045
4014200
2045
2104
2106
2011
2012
2621900
2012
2019
2035
2002
2026
1739500
2026
1942
1975
1940
1975
2577200
1975
2010
2016
1942
1946
2431600
1946
1948
1963
1911
1928
2096200
1928
1977
1987
1964
1971
1704600
1971
1985
2001
1966
1980
1570900
1980
1993
2026
1985
2021
1025900
2021
2011
2032
2002
2025
935400
2025
2031
2045
2014
2024
1436300
2024
1998
2000
1983
1991
1231000
1991
2000
2015
1991
2012
812200
2012
2035
2042
2012
2017
858500
2017
2042
2054
2032
2041
1036300
2041
2031
2046
2004
2004
1163600
2004
1997
1999
1968
1981
1282800
1981
1935
1939
1905
1921
2292700
1921
1906
1909
1867
1880
1926500
1880
1928
1937
1905
1912
1314200
1912
1900
1908
1885
1895
1530000
1895
1917
1919
1885
1894
1296100
1894
1907
1931
1892
1901
1996900
1901
1931
1964
1925
1935
1430000
1935
1922
1950
1917
1950
852300
1950
1930
1942
1919
1929
972300
1929
1918
1918
1881
1905
1738900
1905
1912
1913
1887
1888
1244100
1888
1880
1889
1856
1864
1363100
1864
1850
1869
1840
1859
1461300
1859
1861
1875
1855
1869
1355300
1869
1830
1834
1788
1794
3622100
1794
1781
1797
1768
1797
1328000
1797
1821
1853
1813
1845
1608000
1845
1797
1827
1791
1827
1407300
1827
1841
1851
1803
1816
1455300
1816
1848
1852
1826
1834
1245800
1834
1835
1850
1831
1831
814200
1831
1803
1813
1791
1809
1390100
1809
1814
1818
1802
1810
957800
1810
1830
1849
1823
1836
1117100
1836
1847
1853
1835
1835
1511500
1835
1830
1840
1808
1819
1102200
1819
1800
1851
1793
1843
1632300
1843
1859
1885
1858
1869
1095600
1869
1862
1862
1826
1840
791900
1840
1858
1888
1858
1875
1027000
1875
1878
1888
1861
1884
787600
1884
1888
1896
1872
1878
871400
1878
1883
1922
1882
1916
1563400
1916
1928
1948
1925
1935
1564700
1935
1928
1929
1905
1920
1173800
1920
1920
1920
1889
1900
1315800
1900
1915
1927
1906
1927
1019800
1927
1900
1930
1896
1930
1009900
1930
1930
1944
1920
1928
920200
1928
1947
2021
1914
2012
3527200
2012
2019
2063
2012
2059
3000100
2059
2064
2068
2029
2035
1912000
2035
2045
2052
2018
2045
1524000
2045
2047
2065
2038
2054
1187700
2054
2057
2063
2034
2054
1052500
2054
2078
2095
2068
2091
1538300
2091
2095
2095
2066
2088
1322000
2088
2065
2074
2044
2071
1460900
2071
2071
2097
2064
2074
1499600
2074
2066
2083
2060
2069
1218000
2069
2088
2104
2086
2097
1113300
2097
2110
2116
2098
2104
974000
2104
2104
2128
2102
2119
813000
2119
2125
2131
2115
2118
753100
2118
2100
2110
1985
2006
5271100
2006
2036
2046
1998
2019
2825900
2019
2017
2033
2000
2004
1448400
2004
2011
2042
2005
2022
1213500
2022
2032
2038
2006
2024
1189200
2024
1978
1983
1948
1957
1495500
1957
1984
2000
1968
1987
1609400
1987
1979
2020
1971
2006
1310000
2006
2036
2064
2030
2058
1356600
2058
2070
2071
2039
2051
1021500
2051
2061
2079
2056
2073
993500
2073
2094
2107
2089
2100
1352500
2100
2096
2110
2081
2099
1529900
2099
2093
2101
2072
2091
765600
2091
2100
2100
2068
2081
898200
2081
2062
2085
2055
2074
734400
2074
2050
2054
2029
2030
1304200
2030
2037
2042
2009
2012
1308200
2012
2005
2012
1983
1988
1026600
1988
1974
2009
1968
1969
1080800
1969
1970
1985
1933
1983
1047500
1983
1964
1995
1958
1974
723800
1974
1948
1950
1925
1944
1057200
1944
1953
1972
1945
1949
904200
1949
1933
1967
1917
1961
1026000
1961
1969
1971
1946
1954
596600
1954
1961
1980
1952
1967
966000
1967
1974
1982
1961
1973
958800
1973
1962
1981
1923
1926
901500
1926
1935
1941
1912
1930
1172100
1930
1922
1929
1906
1914
857000
1914
1912
1919
1889
1898
1073000
1898
1894
1917
1891
1907
1192700
1907
1913
1937
1904
1930
1029400
1930
1950
1972
1944
1944
1005000
1944
1926
1926
1881
1898
1225500
1898
1899
1920
1890
1915
1238000
1915
1938
1979
1921
1965
1806800
1965
1965
1980
1944
1962
1204500
1962
1976
1980
1958
1958
834700
1958
1957
1967
1950
1950
705900
1950
1950
1950
1915
1937
1076700
1937
1917
1938
1915
1931
743400
1931
1948
1955
1922
1941
878000
1941
1940
1974
1935
1969
1007500
1969
1998
2008
1983
1994
1031700
1994
1994
2004
1979
2002
1303300
2002
1942
1958
1904
1928
3733400
1928
1947
1971
1930
1956
1853700
1956
1940
1965
1937
1955
1061300
1955
1946
1952
1918
1921
1278700
1921
1914
1915
1890
1897
1212200
1897
1898
1901
1866
1870
1413100
1870
1859
1873
1850
1862
1192400
1862
1864
1874
1859
1859
961200
1859
1858
1860
1846
1846
971700
1846
1845
1851
1812
1817
1670400
1817
1804
1808
1771
1771
1851800
1771
1776
1790
1770
1786
1360200
1786
1790
1796
1759
1768
1062600
1768
1765
1787
1751
1785
1582600
1785
1789
1807
1778
1800
1237300
1800
1800
1807
1787
1789
1509300
1789
1781
1784
1761
1769
1239100
1769
1776
1799
1775
1799
996900
1799
1806
1819
1800
1808
1518800
1808
1807
1818
1803
1812
1429500
1812
1812
1823
1807
1813
944600
1813
1838
1847
1827
1827
1223000
1827
1830
1839
1821
1826
993400
1826
1822
1837
1821
1824
1656100
1824
1806
1826
1801
1810
994400
1810
1810
1814
1786
1789
896600
1789
1788
1790
1772
1775
940700
1775
1765
1768
1752
1759
1320400
1759
1753
1763
1733
1749
1699200
1749
1730
1731
1717
1724
1309100
1724
1710
1726
1704
1710
1105900
1710
1711
1716
1703
1710
1213200
1710
1710
1712
1677
1689
1917300
1689
1689
1705
1679
1688
1289300
1688
1702
1715
1700
1711
2124500
1711
1719
1779
1717
1769
1855000
1769
1800
1811
1791
1806
1685800
1806
1823
1826
1790
1800
1461300
1800
1815
1842
1811
1839
1746500
1839
1844
1862
1831
1862
1422900
1862
1841
1864
1839
1864
1462500
1864
1852
1862
1839
1850
1267600
1850
1865
1878
1854
1874
1891800
1874
1884
1889
1862
1867
1147700
1867
1874
1881
1857
1873
1878000
1873
1857
1871
1845
1850
1180300
1850
1859
1863
1835
1842
1432100
1842
1825
1842
1820
1831
1047200
1831
1800
1806
1768
1774
1952400
1774
1776
1777
1746
1757
1438500
1757
1698
1711
1676
1689
2111800
1689
1651
1689
1641
1686
2177500
1686
1678
1689
1662
1676
1275100
1676
1663
1692
1657
1689
1332400
1689
1705
1721
1698
1710
1306900
1710
1710
1721
1692
1695
1266900
1695
1678
1682
1664
1680
926800
1680
1668
1681
1651
1673
1025200
1673
1674
1676
1637
1639
1353800
1639
1647
1650
1617
1635
1340300
1635
1589
1611
1584
1597
1666900
1597
1615
1633
1607
1621
1984300
1621
1633
1641
1592
1593
2261900
1593
1560
1603
1535
1593
3039700
1593
1553
1596
1516
1587
3250100
1587
1574
1598
1572
1597
1570100
1597
1597
1646
1591
1634
1825100
1634
1613
1657
1606
1650
1428500
1650
1669
1686
1658
1680
1444200
1680
1685
1709
1666
1672
1985600
1672
1707
1707
1683
1684
1421800
1684
1671
1684
1659
1668
1457500
1668
1660
1686
1655
1683
987700
1683
1649
1650
1610
1628
1338600
1628
1630
1651
1620
1637
1265100
1637
1625
1647
1623
1641
1000000
1641
1645
1673
1636
1650
1384900
1650
1651
1677
1649
1677
1126000
1677
1643
1664
1624
1657
1176400
1657
1620
1639
1612
1635
996100
1635
1640
1660
1635
1642
662400
1642
1635
1649
1622
1649
893100
1649
1670
1679
1654
1676
758100
1676
1684
1684
1662
1672
998300
1672
1686
1698
1674
1687
956000
1687
1689
1699
1679
1683
1288300
1683
1696
1718
1689
1705
804900
1705
1716
1720
1672
1677
1244400
1677
1650
1663
1635
1655
839500
1655
1641
1648
1611
1626
843500
1626
1634
1642
1610
1614
892300
1614
1583
1598
1571
1593
962500
1593
1598
1598
1558
1570
1184700
1570
1594
1627
1590
1607
1536600
1607
1621
1649
1617
1637
1130900
1637
1619
1626
1576
1586
1919000
1586
1578
1602
1571
1576
942000
1576
1562
1581
1553
1573
1048600
1573
1579
1584
1560
1572
733000
1572
1553
1562
1516
1527
1235100
1527
1520
1530
1484
1498
1420700
1498
1443
1453
1400
1414
1833500
1414
1416
1439
1406
1433
1346800
1433
1465
1495
1460
1483
1558800
1483
1477
1513
1476
1491
1033900
1491
