1054
1076
1047
1076
11261800
1076
1080
1128
1078
1124
15217200
1124
1143
1148
1107
1111
12271100
1111
1111
1129
1107
1111
8948600
1111
1111
1134
1109
1131
9478600
1131
1132
1182
1131
1175
16637200
1175
1184
1185
1136
1144
10242300
1144
1140
1140
1108
1123
8529600
1123
1123
1129
1095
1102
10626200
1102
1122
1126
1092
1093
8329800
1093
1093
1114
1082
1111
6385000
1111
1101
1116
1092
1100
5918700
1100
1105
1124
1100
1122
7495500
1122
1120
1160
1114
1147
12206700
1147
1135
1166
1131
1153
8247600
1153
1156
1159
1141
1146
6873600
1146
1156
1160
1137
1152
6039300
1152
1150
1180
1144
1168
14058400
1168
1164
1165
1123
1132
11875200
1132
1146
1166
1124
1146
11666000
1146
1220
1254
1180
1212
32569900
1212
1182
1192
1166
1185
11789200
1185
1134
1143
1081
1110
19289500
1110
1151
1151
1108
1108
11320300
1108
1109
1126
1093
1119
7234800
1119
1070
1100
1066
1099
8770700
1099
1120
1126
1095
1098
8115600
1098
1110
1128
1101
1110
8092800
1110
1122
1136
1112
1129
6838100
1129
1135
1166
1125
1163
7971600
1163
1175
1199
1166
1195
8104600
1195
1195
1211
1182
1210
7550900
1210
1213
1234
1209
1212
9620300
1212
1204
1212
1184
1192
6612400
1192
1194
1222
1193
1218
6092200
1218
1229
1229
1214
1222
5169000
1222
1230
1237
1214
1218
7226200
1218
1213
1216
1185
1190
7168800
1190
1179
1182
1151
1157
8767200
1157
1126
1132
1112
1126
8062200
1126
1115
1126
1095
1107
7267800
1107
1133
1138
1110
1110
8841800
1110
1102
1102
1023
1028
15576600
1028
1044
1073
1040
1059
8395800
1059
1050
1051
1020
1025
9772600
1025
1035
1049
1026
1048
5552800
1048
1050
1070
1042
1069
5265200
1069
1051
1070
1045
1065
6176500
1065
1058
1064
1040
1055
5020900
1055
1055
1058
1045
1048
4148200
1048
1058
1080
1054
1057
5293600
1057
1040
1059
1037
1044
4220200
1044
1048
1053
1036
1045
3667800
1045
1012
1023
1001
1006
6344800
1006
1000
1005
978
1005
5233800
1005
1022
1050
1020
1043
5608100
1043
1030
1053
1022
1050
5022100
1050
1056
1061
1030
1043
4205200
1043
1058
1069
1051
1066
4830100
1066
1071
1085
1070
1075
2953900
1075
1060
1086
1060
1085
3672000
1085
1091
1095
1072
1072
4563000
1072
1077
1085
1052
1060
4452000
1060
1055
1076
1053
1054
4816600
1054
1047
1060
1040
1054
3192700
1054
1054
1080
1039
1075
4892600
1075
1085
1107
1082
1092
6048600
1092
1100
1101
1074
1077
3803300
1077
1088
1104
1085
1095
5567100
1095
1109
1113
1088
1100
4424400
1100
1095
1098
1078
1093
4683700
1093
1093
1119
1093
1116
4894800
1116
1125
1165
1124
1148
6612000
1148
1142
1160
1138
1158
4034200
1158
1158
1176
1158
1171
3843300
1171
1179
1180
1163
1180
3139300
1180
1140
1164
1125
1138
7355100
1138
1141
1148
1129
1131
4229400
1131
1135
1141
1111
1132
4852600
1132
1113
1151
1104
1150
4463400
1150
1152
1170
1140
1167
4496400
1167
1177
1183
1160
1171
3328900
1171
1162
1174
1155
1170
2788000
1170
1170
1179
1161
1169
3162000
1169
1167
1181
1161
1177
3018800
1177
1176
1186
1172
1185
2720000
1185
1186
1194
1182
1188
2520400
1188
1187
1192
1182
1184
2777400
1184
1179
1193
1178
1191
3105800
1191
1195
1219
1193
1208
4908200
1208
1210
1215
1196
1209
2935100
1209
1212
1214
1193
1194
3388100
1194
1194
1200
1184
1191
2410000
1191
1179
1181
1154
1166
4912400
1166
1161
1162
1135
1142
3751000
1142
1120
1130
1101
1125
3712000
1125
1135
1138
1125
1129
2647200
1129
1125
1128
1101
1111
3063500
1111
1095
1095
1083
1086
3690500
1086
1086
1103
1075
1093
4628900
1093
1096
1108
1080
1100
3376200
1100
1118
1127
1109
1121
3026100
1121
1123
1129
1092
1109
5357100
1109
1096
1131
1092
1116
4877500
1116
1129
1141
1129
1135
2609800
1135
1124
1135
1120
1122
2294600
1122
1120
1129
1112
1126
1767600
1126
1138
1148
1123
1126
2441100
1126
1123
1136
1123
1132
1827000
1132
1128
1129
1113
1117
2306200
1117
1130
1142
1125
1142
3683200
1142
1132
1132
1099
1110
3515500
1110
1099
1128
1095
1095
3242700
1095
1090
1090
1026
1050
6871300
1050
1050
1055
1026
1031
3843900
1031
1019
1031
1008
1030
4886200
1030
1046
1058
1025
1026
3120000
1026
1010
1023
993
1020
3772500
1020
1016
1021
1002
1009
3231900
1009
1001
1010
994
1009
2900600
1009
1012
1017
998
1014
2560100
1014
1012
1018
993
994
2807300
994
1000
1001
986
995
2901900
995
991
1000
983
985
2252200
985
981
982
962
969
3128400
969
979
1007
977
1004
3570200
1004
1003
1006
989
1003
2748400
1003
1020
1034
1016
1016
3326600
1016
1010
1013
996
1009
2203600
1009
1005
1006
993
999
2142600
999
1009
1019
1006
1016
2427700
1016
1016
1028
1009
1022
2165800
1022
1029
1034
1021
1027
2086800
1027
1030
1047
1026
1043
2400400
1043
1035
1035
1012
1019
2762900
1019
1008
1024
1004
1024
1937800
1024
1033
1063
1031
1058
3297000
1058
1075
1090
1073
1077
3038800
1077
1089
1094
1074
1078
2684000
1078
1075
1091
1071
1084
1829500
1084
1090
1102
1085
1095
3206000
1095
1105
1114
1096
1097
4142000
1097
1118
1138
1103
1135
4381800
1135
1075
1076
1021
1026
11118900
1026
1025
1025
1002
1013
4454400
1013
1012
1024
1002
1020
2534200
1020
1009
1028
1009
1025
2665400
1025
1021
1029
1015
1023
2519300
1023
1013
1019
1007
1011
2601000
1011
1011
1011
996
997
3096200
997
990
990
972
980
3149200
980
971
977
962
965
3957000
965
965
965
937
944
3788500
944
919
930
909
922
5778900
922
940
948
927
946
3608900
946
953
962
938
941
2529800
941
940
945
934
941
2526800
941
932
955
931
953
2939600
953
952
957
937
941
2493500
941
938
938
923
929
3419700
929
940
949
939
942
2049400
942
954
965
946
947
2489000
947
944
954
943
951
1851400
951
956
961
940
944
3274500
944
931
935
923
930
3168700
930
932
935
914
918
2698700
918
913
923
912
913
2086000
913
910
910
898
898
4496300
898
898
907
892
899
2932200
899
895
900
885
898
3562000
898
891
907
890
901
2199600
901
900
905
890
895
2853500
895
896
898
882
890
2800500
890
896
920
896
915
3292600
915
914
922
912
918
2764400
918
922
954
920
948
4442100
948
962
968
951
956
4111400
956
965
969
952
965
3768000
965
970
992
970
989
4854900
989
990
998
979
995
3481900
995
990
996
984
995
2546600
995
984
996
981
989
3529500
989
997
1010
989
1010
4186500
1010
1011
1021
1003
1015
3231100
1015
1020
1032
1019
1024
3788500
1024
1014
1035
1009
1023
3150200
1023
1035
1044
1034
1037
3879500
1037
1025
1035
1020
1022
2814300
1022
1013
1015
997
1011
2999100
1011
1011
1021
1010
1013
2584900
1013
980
993
975
985
3995300
985
975
1003
973
1001
3179100
1001
1000
1014
994
1001
2576600
1001
1000
1035
999
1034
3138300
1034
1044
1045
1025
1028
2456800
1028
1032
1033
1018
1021
1974400
1021
1005
1024
997
1024
2553700
1024
1006
1021
993
1020
3530500
1020
1011
1014
988
990
3371300
990
1003
1003
981
990
3272700
990
952
962
923
928
5322800
928
940
949
926
942
3512200
942
943
963
943
956
2473600
956
953
980
951
975
3439700
975
946
950
901
908
7296700
908
909
945
906
943
5519300
943
959
976
949
973
4004100
973
965
980
958
975
3511600
975
973
1007
971
1004
3671000
1004
1010
1035
982
989
4837400
989
1007
1015
989
994
3397600
994
992
1000
989
991
1876200
991
985
986
972
984
2004000
984
966
967
941
956
3394300
956
959
974
952
967
2451400
967
962
974
954
965
2357600
965
963
969
952
954
2309800
954
952
952
928
932
2672200
932
923
943
918
940
2298100
940
919
928
908
924
2475900
924
923
924
907
908
2246500
908
900
902
882
900
3798500
900
912
919
900
914
2754500
914
918
930
908
930
3056400
930
938
943
928
929
1957700
929
922
938
916
934
3527300
934
943
977
938
968
3506500
968
950
954
901
905
6655600
905
900
908
890
900
3546000
900
895
896
877
888
3977200
888
892
895
861
876
4228400
876
865
872
853
864
2460700
864
868
870
833
841
3774900
841
848
868
842
854
2716500
854
860
878
858
872
2567100
872
860
868
839
844
3959700
844
848
859
828
828
3077900
828
820
839
813
831
4127200
831
824
830
815
820
2696300
820
810
815
789
793
4462100
793
785
793
764
769
5432700
769
730
745
722
731
3326900
731
740
749
724
736
2914100
736
766
769
752
758
3333200
758
750
774
749
764
2564800
764
