2750
2794
2743.5
2794
3190700
2794
2810
2844.5
2806
2827.5
2730600
2827.5
2869
2887
2792.5
2794
3269000
2794
2794.5
2817
2777.5
2790
2548900
2790
2777.5
2805
2770
2793.5
2211600
2793.5
2799.5
2802
2761
2777
2273000
2777
2802
2804
2728.5
2736.5
2389800
2736.5
2734
2734
2646
2664.5
4694400
2664.5
2672
2673
2615
2638.5
4449800
2638.5
2673.5
2673.5
2612
2620.5
3929600
2620.5
2650
2676.5
2623
2666
2997500
2666
2665
2681
2635.5
2658.5
2259100
2658.5
2669
2706
2653
2690
2769300
2690
2683
2698
2667.5
2681
2753400
2681
2660
2684.5
2648
2667
2361700
2667
2650.5
2667.5
2621.5
2642
2591100
2642
2647.5
2680
2640.5
2661.5
2001800
2661.5
2660
2676
2634
2652
2554000
2652
2640
2642
2588
2588.5
3803600
2588.5
2602
2670
2582.5
2665.5
4844100
2665.5
2720.5
2721
2635
2663.5
4212600
2663.5
2625
2646.5
2596.5
2619
3885400
2619
2505
2521
2452
2509.5
5299500
2509.5
2590
2666
2520
2520
4475000
2520
2525
2595
2523
2571.5
3096600
2571.5
2485
2495.5
2456
2495
3678300
2495
2531
2541
2473.5
2480
2999200
2480
2460.5
2485.5
2423.5
2428
3369600
2428
2452
2507.5
2452
2483.5
2679000
2483.5
2495.5
2523.5
2466
2500
2812700
2500
2500
2538.5
2481
2527
2180700
2527
2518.5
2558
2512.5
2533
2444100
2533
2554
2584
2525.5
2539
3779800
2539
2507.5
2507.5
2454
2467.5
3133200
2467.5
2478
2508.5
2470
2500
2858100
2500
2528.5
2529.5
2502
2518
2462200
2518
2533
2560.5
2518.5
2559.5
2205600
2559.5
2538.5
2540
2483
2487.5
3586400
2487.5
2454.5
2456.5
2392.5
2412
4383800
2412
2334
2358.5
2323
2344.5
3586600
2344.5
2301
2306.5
2270.5
2287
3587100
2287
2327
2357.5
2309
2312.5
3329400
2312.5
2307
2310.5
2265
2275
4015400
2275
2287
2295
2271
2279.5
3006100
2279.5
2280.5
2296.5
2236.5
2245.5
4849900
2245.5
2262
2272
2245
2266
3395700
2266
2248
2252.5
2214.5
2250.5
3502200
2250.5
2220
2240.5
2215.5
2234.5
2676000
2234.5
2214
2232.5
2185
2217
3378300
2217
2218.5
2218.5
2188.5
2193
2828500
2193
2235
2240
2189
2196.5
2266900
2196.5
2175.5
2204
2170
2202.5
2457700
2202.5
2201
2208.5
2170.5
2190
2964400
2190
2120
2138.5
2102.5
2112
4023300
2112
2100
2110
2071
2108
3285100
2108
2136.5
2158
2113.5
2158
3367800
2158
2080.5
2132
2071
2123
3057400
2123
2147
2174
2096.5
2117.5
2899500
2117.5
2146
2156.5
2123
2143.5
1834700
2143.5
2161
2172.5
2137
2137.5
1314000
2137.5
2115
2144.5
2103
2135
1749200
2135
2150
2154
2130
2134.5
1606000
2134.5
2131
2134.5
2099.5
2123
2697600
2123
2124
2158.5
2123
2130
2248400
2130
2126
2133
2091.5
2123.5
2030400
2123.5
2130
2201.5
2106.5
2187.5
3596200
2187.5
2230
2252
2197.5
2201
3454300
2201
2202
2229.5
2197
2208
3010300
2208
2231
2263.5
2217
2254
3413100
2254
2254
2260
2217
2230
2250500
2230
2219
2220.5
2168.5
2204.5
2502600
2204.5
2208.5
2217
2184
2206.5
2130000
2206.5
2230.5
2316
2227.5
2273
4476400
2273
2268
2282.5
2248
2273
1748400
2273
2296.5
2342.5
2295.5
2322.5
3155500
2322.5
2322
2361
2312
2360.5
3207600
2360.5
2322
2346
2287.5
2339.5
3291600
2339.5
2365
2379.5
2310.5
2328.5
3426400
2328.5
2290
2290.5
2223
2254.5
5254400
2254.5
2260
2328.5
2248
2324
3648200
2324
2326
2352
2321.5
2345
2499800
2345
2400.5
2414
2365
2378.5
2517900
2378.5
2357
2391.5
2351.5
2369
1935900
2369
2345
2349
2310.5
2329.5
3126900
2329.5
2339
2359.5
2332
2345.5
2063600
2345.5
2352
2366.5
2342.5
2364.5
1743900
2364.5
2372.5
2413.5
2371.5
2401.5
2192900
2401.5
2420
2453
2419.5
2437
2835700
2437
2450
2461.5
2445
2457
2225400
2457
2460
2498
2456
2481
2333200
2481
2510
2516.5
2477.5
2487
2206000
2487
2475
2477
2451.5
2463.5
1997100
2463.5
2477
2495
2467
2481
1975200
2481
2442
2453.5
2388.5
2394.5
4237100
2394.5
2363.5
2372.5
2340.5
2359.5
2426400
2359.5
2337
2349
2308
2342.5
2866000
2342.5
2339
2356.5
2324.5
2345
1412900
2345
2310
2321
2283.5
2310
2187500
2310
2238
2256
2219
2249.5
3689800
2249.5
2257
2273.5
2228
2252
4246700
2252
2234
2267.5
2205
2249.5
2656100
2249.5
2290
2321
2280.5
2300
2043900
2300
2311
2318.5
2282
2305
1422200
2305
2255
2308.5
2253
2301.5
2555800
2301.5
2324
2338
2316
2324.5
1906800
2324.5
2297.5
2326
2281
2295
2352800
2295
2275
2305
2271.5
2291.5
1511000
2291.5
2307.5
2334
2300.5
2302
1793100
2302
2298
2302.5
2274.5
2296
2010300
2296
2286.5
2309
2269
2271
2127500
2271
2274.5
2282
2261.5
2281
2446400
2281
2241.5
2241.5
2204.5
2226
2385500
2226
2201.5
2229.5
2184.5
2184.5
2238900
2184.5
2151.5
2154
2089
2136
4235900
2136
2118.5
2193.5
2103
2132
5060900
2132
2089
2144
2073
2135
4336800
2135
2160.5
2166.5
2104.5
2118
2819600
2118
2098
2116
2058
2112
2202400
2112
2120.5
2130
2083
2100
1960000
2100
2069
2084.5
2060.5
2083
2865900
2083
2081
2096.5
2061.5
2096
2009100
2096
2089
2099
2054
2055
1507600
2055
2055
2061.5
2026
2047.5
2075000
2047.5
2043.5
2071.5
2038.5
2048
2064900
2048
2032
2035.5
2005.5
2017
2132000
2017
2026
2052
2021.5
2030
2853100
2030
2048
2062.5
2032.5
2059.5
2103500
2059.5
2098.5
2123
2091
2092
3232200
2092
2081
2100
2061.5
2082.5
2217100
2082.5
2080
2080
2054.5
2067
1979000
2067
2091.5
2119.5
2089
2112.5
2710500
2112.5
2118.5
2150.5
2118.5
2139.5
2230600
2139.5
2167
2178
2134.5
2139
1211400
2139
2143
2165.5
2135.5
2151.5
1278300
2151.5
2126
2129
2092.5
2119.5
2710900
2119.5
2101.5
2128.5
2097
2111.5
1618600
2111.5
2132
2198
2124.5
2183.5
3364900
2183.5
2233.5
2268
2226.5
2248.5
3804400
2248.5
2280
2303.5
2257.5
2268
3124200
2268
2251.5
2273.5
2244.5
2262.5
1735100
2262.5
2275
2297.5
2258
2274.5
1423200
2274.5
2287.5
2310
2262
2265.5
2727800
2265.5
2465.5
2508
2402.5
2500.5
8776800
2500.5
2500.5
2566
2487.5
2494
5574200
2494
2469
2503.5
2449
2486
2810000
2486
2485.5
2519.5
2474
2487
2253000
2487
2490
2564
2488
2554.5
3115200
2554.5
2530.5
2557.5
2530
2536.5
2692900
2536.5
2537.5
2569
2537
2551
2633900
2551
2537.5
2547
2515.5
2525
2661600
2525
2482
2482
2428
2446.5
3082000
2446.5
2467.5
2487
2445
2447.5
2793800
2447.5
2448.5
2455.5
2385
2402.5
2638800
2402.5
2325.5
2414
2318
2400
3975000
2400
2426
2448
2420
2436
2677400
2436
2450
2464.5
2436.5
2453.5
2276000
2453.5
2447
2467.5
2433
2433
2822800
2433
2452
2492.5
2446.5
2480.5
2472500
2480.5
2505
2508
2444.5
2454
2379200
2454
2420
2420
2378
2416.5
4222400
2416.5
2465.5
2474
2436.5
2453.5
2658800
2453.5
2515.5
2527.5
2460
2467
2560600
2467
2462
2499.5
2456.5
2480.5
1993600
2480.5
2499.5
2504.5
2461
2463
2635900
2463
2420
2442.5
2409
2431.5
2143300
2431.5
2418
2420
2393
2403
1540600
2403
2396
2406.5
2379.5
2389.5
1549700
2389.5
2372
2387
2362
2376
1743800
2376
2350
2380
2336.5
2361.5
1877100
2361.5
2361
2367
2337
2364.5
1832400
2364.5
2346.5
2371.5
2333.5
2362
1571800
2362
2350
2367.5
2291
2308.5
4270000
2308.5
2296
2317.5
2277
2298.5
2784400
2298.5
2326
2361.5
2320
2330
2189000
2330
2337
2363.5
2331
2348.5
2746100
2348.5
2398.5
2479.5
2380.5
2469
4819000
2469
2541
2542
2491
2497
3092700
2497
2539.5
2564
2534
2551.5
3372600
2551.5
2580
2640.5
2577.5
2631.5
4796700
2631.5
2659.5
2666.5
2610
2629.5
4009100
2629.5
2597
2619
2565.5
2587.5
2644300
2587.5
2565
2616.5
2562.5
2590
2589900
2590
2608
2637
2591.5
2607
2611600
2607
2593
2617
2580.5
2607.5
2051000
2607.5
2637
2656.5
2603
2608
2339500
2608
2602
2626.5
2588
2599
1978800
2599
2631.5
2645
2598
2601
2028000
2601
2556.5
2597.5
2541
2582
1825100
2582
2540
2573.5
2515
2558.5
2683300
2558.5
2586
2609
2539
2556
2464900
2556
2431.5
2491.5
2425
2483
3852800
2483
2455.5
2473.5
2430
2469.5
2495200
2469.5
2452
2472.5
2436
2451.5
2108700
2451.5
2494.5
2545
2494.5
2540.5
3198700
2540.5
2560.5
2571.5
2457
2463.5
4846400
2463.5
2450
2469.5
2417
2420
2844200
2420
2370
2410.5
2363
2405.5
3413500
2405.5
2384
2438
2377.5
2431.5
2211500
2431.5
2382
2390
2342.5
2347
3248400
2347
2363.5
2373
2310
2337
2584400
2337
2270.5
2295.5
2251.5
2259
3369500
2259
2277.5
2301.5
2253.5
2281
3152000
2281
2319
2331
2278.5
2290.5
2374100
2290.5
2280
2357.5
2275
2338
4662300
2338
2179
2187.5
2112.5
2131
10012500
2131
2135.5
2137
2093
2114.5
4166600
2114.5
2140
2214
2136.5
2209.5
4887800
2209.5
2179.5
2180
2139
2159.5
3536000
2159.5
2155
2216.5
2155
2198
2144500
2198
2223
2242
2168
2181.5
2928300
2181.5
2210
2229
2182
2189
2334700
2189
2180.5
2208.5
2167
2181
1725200
2181
2155
2176
2141
2172.5
1654200
2172.5
2121
2132.5
2092
2128
2394500
2128
2122.5
2130.5
2108
2115
1978200
2115
2116
2129.5
2107.5
2118.5
2407600
2118.5
2118.5
2137
2098.5
2104.5
2994200
2104.5
2090
2097
2058
2078
2252500
2078
2048
2090.5
2033.5
2082
2637900
2082
2032
2063.5
2020.5
2054.5
2521700
2054.5
2058
2060
2026
2039.5
2213000
2039.5
2022
2039
1999.5
2035
3319800
2035
2045
2059
2019
2050
2600400
2050
2049
2049
2014
2037
2902300
2037
2050
2079
2045.5
2047
2666600
2047
1997
2012.5
1976.5
2001.5
6986100
2001.5
2048
2081
2027.5
2072
4640300
2072
2065
2074
1996
2010
4479800
2010
1961
1995.5
1952
1982.5
3922300
1982.5
1964
1970.5
1933
1942.5
3680100
1942.5
1945
1951.5
1905
1925
3575200
1925
1890
1905.5
1881.5
1898.5
2918300
1898.5
1910.5
1921.5
1863.5
1871
2966300
1871
1897
1906
1871.5
1876.5
3496600
1876.5
1877
1917
1872.5
1910
3337500
1910
1907
1915.5
1868
1886.5
2837500
1886.5
1893
1914.5
1886.5
1891.5
2352400
1891.5
1857.5
1887.5
1842.5
1863
3167700
1863
1863.5
1884
1859
1864.5
2646700
1864.5
1853
1864
1815
1825
2240100
1825
1795.5
1819
1756
1770.5
5704500
1770.5
1700
1712.5
1671.5
1679.5
3507600
1679.5
1685.5
1706
1657.5
1679
2728800
1679
1750
1758
1720
1730
3278800
1730
1717
1775.5
1716.5
1757
2845500
1757
