3170
3190
3140
3150
174600
3150
3175
3235
3165
3220
200200
3220
3230
3265
3195
3220
176900
3220
3205
3260
3195
3250
161100
3250
3250
3350
3235
3330
270000
3330
3335
3480
3330
3445
400400
3445
3480
3485
3390
3440
255500
3440
3420
3475
3420
3450
144600
3450
3385
3410
3355
3400
234900
3400
3400
3420
3360
3365
196600
3365
3350
3380
3315
3370
197900
3370
3355
3390
3325
3370
161900
3370
3375
3515
3365
3480
357200
3480
3535
3635
3490
3600
397100
3600
3670
3700
3605
3640
334300
3640
3640
3695
3620
3695
213300
3695
3670
3700
3640
3685
158400
3685
3675
3730
3645
3690
182600
3690
3675
3690
3575
3580
219300
3580
3650
3720
3640
3660
235800
3660
3700
3705
3630
3650
137300
3650
3550
3610
3505
3575
209600
3575
3500
3500
3340
3430
429800
3430
3510
3595
3440
3445
263500
3445
3445
3470
3355
3410
199800
3410
3270
3310
3220
3305
284300
3305
3345
3345
3225
3235
185100
3235
3235
3275
3135
3165
252400
3165
3140
3250
3050
3080
303900
3080
3095
3145
3085
3100
177400
3100
3120
3225
3120
3220
189100
3220
3225
3245
3190
3215
150300
3215
3205
3230
3165
3220
235800
3220
3200
3220
3160
3190
154300
3190
3200
3350
3195
3335
228200
3335
3385
3390
3315
3330
167900
3330
3330
3420
3330
3405
192600
3405
3390
3450
3325
3325
204700
3325
3275
3280
3125
3150
337400
3150
3080
3090
3005
3035
484200
3035
3005
3015
2904
2920
305900
2920
2999
3025
2949
2953
228400
2953
2931
2935
2852
2897
245900
2897
2937
2946
2883
2896
179400
2896
2913
2939
2862
2900
260800
2900
2969
3035
2960
2989
213500
2989
2987
2987
2941
2980
172700
2980
2950
2997
2933
2978
140800
2978
2987
3010
2946
2985
185300
2985
3015
3015
2971
2988
134000
2988
2973
3075
2972
3015
162800
3015
2956
3060
2951
3020
138900
3020
3055
3075
3010
3030
128900
3030
2921
2939
2895
2908
227700
2908
2858
2913
2830
2913
162700
2913
2963
3015
2920
3015
240200
3015
2967
3115
2965
3105
242300
3105
3145
3185
3105
3150
177800
3150
3190
3215
3155
3200
159900
3200
3190
3265
3190
3225
112200
3225
3175
3255
3160
3245
149800
3245
3260
3290
3225
3265
120100
3265
3300
3365
3280
3320
197800
3320
3315
3350
3295
3330
146400
3330
3300
3385
3300
3365
155400
3365
3375
3450
3355
3440
191400
3440
3485
3510
3440
3465
174900
3465
3425
3500
3390
3480
121800
3480
3500
3560
3495
3520
169200
3520
3545
3560
3415
3485
190400
3485
3495
3545
3465
3535
173400
3535
3535
3560
3515
3545
138900
3545
3615
3790
3615
3740
485100
3740
3710
3860
3710
3855
409400
3855
3880
3990
3880
3975
479500
3975
3940
3950
3725
3725
603200
3725
3670
3815
3655
3770
383800
3770
3780
3785
3705
3765
123200
3765
3800
3860
3735
3850
214500
3850
3780
3875
3730
3740
297000
3740
3730
3740
3605
3620
325300
3620
3620
3720
3595
3710
292000
3710
3685
3690
3570
3580
282900
3580
3540
3580
3525
3560
198400
3560
3560
3640
3555
3630
169900
3630
3580
3675
3575
3660
241400
3660
3865
3865
3610
3645
301600
3645
3645
3705
3620
3665
217300
3665
3710
3815
3710
3810
266400
3810
3850
3980
3825
3930
264700
3930
3905
3920
3860
3910
171700
3910
3925
3930
3860
3890
129200
3890
3925
4055
3915
4045
359200
4045
4070
4080
3970
3990
270100
3990
3970
3970
3825
3840
237000
3840
3830
3850
3755
3785
176200
3785
3755
3775
3685
3710
181400
3710
3675
3690
3605
3645
136700
3645
3580
3610
3565
3585
160900
3585
3640
3755
3595
3640
214400
3640
3700
3810
3645
3795
271900
3795
3835
3900
3805
3860
269400
3860
3885
3900
3820
3900
197700
3900
3885
3965
3875
3930
205300
3930
3950
4120
3940
4100
430000
4100
4085
4185
4020
4035
361900
4035
4005
4110
3940
4045
209600
4045
4035
4035
3920
3960
231600
3960
3895
3975
3855
3915
187700
3915
3980
4015
3930
3935
140600
3935
3980
4035
3930
3990
164800
3990
3980
3995
3880
3995
240200
3995
3945
4005
3880
3905
167100
3905
3845
3915
3805
3900
237700
3900
3920
3950
3825
3840
132700
3840
3785
3890
3755
3885
186700
3885
3910
3995
3885
3895
155400
3895
3825
3940
3815
3935
172700
3935
3980
3990
3900
3950
133500
3950
3945
4070
3935
4065
201700
4065
4080
4130
4035
4075
209100
4075
4075
4090
3970
3980
175900
3980
3980
3995
3825
3880
284600
3880
3810
3875
3795
3795
165900
3795
3735
3750
3615
3625
292200
3625
3600
3650
3565
3620
217200
3620
3640
3655
3535
3555
172400
3555
3605
3605
3485
3490
323200
3490
3465
3530
3395
3430
331400
3430
3395
3395
3290
3295
277400
3295
3310
3380
3290
3330
367800
3330
3325
3345
3270
3310
266800
3310
3355
3415
3270
3280
320800
3280
3295
3325
3240
3255
321300
3255
3195
3225
3155
3175
300800
3175
3165
3225
3145
3220
294700
3220
3240
3305
3195
3295
270900
3295
3365
3405
3340
3365
247300
3365
3375
3385
3235
3255
231400
3255
3235
3240
3165
3215
250000
3215
3215
3260
3215
3255
148700
3255
3260
3275
3190
3215
252300
3215
3255
3350
3200
3320
306500
3320
3270
3300
3245
3260
179100
3260
3245
3260
3195
3250
156700
3250
3810
3840
3560
3745
1265600
3745
3745
3850
3690
3735
436800
3735
3805
3875
3720
3835
472700
3835
3880
3930
3850
3860
395000
3860
3900
3905
3760
3780
279700
3780
3850
3910
3735
3875
458300
3875
3860
3910
3825
3900
274100
3900
3900
3970
3880
3960
230700
3960
3825
3915
3625
3690
677000
3690
3745
3855
3735
3845
247100
3845
3855
3905
3815
3875
155300
3875
3855
3955
3850
3955
208500
3955
3920
4005
3885
3965
221300
3965
3965
3965
3850
3850
200600
3850
3810
3810
3650
3740
355900
3740
3785
3820
3630
3655
338100
3655
3705
3790
3670
3745
242000
3745
3785
3870
3765
3845
209500
3845
3870
3875
3770
3770
164800
3770
3740
3760
3660
3730
194500
3730
3680
3695
3515
3595
289300
3595
3575
3600
3530
3545
174500
3545
3485
3555
3460
3535
181600
3535
3465
3520
3455
3490
158100
3490
3455
3555
3455
3545
192000
3545
3550
3680
3545
3650
212000
3650
3645
3675
3515
3590
270300
3590
3565
3595
3520
3535
187300
3535
3565
3645
3545
3585
143500
3585
3625
3680
3585
3680
221900
3680
3670
3735
3605
3700
196400
3700
3790
3790
3725
3755
111400
3755
3780
3865
3760
3860
212600
3860
3900
4035
3890
4030
381800
4030
4010
4135
3945
4130
281000
4130
4130
4220
4060
4125
222500
4125
4085
4190
4045
4160
186500
4160
4165
4235
4135
4230
229600
4230
4260
4310
4155
4255
293400
4255
4305
4390
4270
4280
344800
4280
4215
4325
4180
4250
299400
4250
4230
4305
4200
4265
246700
4265
4220
4265
4140
4150
270100
4150
4085
4155
4020
4095
249600
4095
4130
4165
4035
4060
197400
4060
3935
4055
3870
3900
304600
3900
3860
3970
3835
3960
259900
3960
3975
4005
3855
3865
147800
3865
3845
3945
3835
3925
123900
3925
3965
4025
3845
3860
205700
3860
3810
3810
3710
3715
385100
3715
3670
3730
3625
3715
261100
3715
3680
3690
3630
3630
219100
3630
3625
3650
3530
3560
217000
3560
3565
3595
3455
3485
191900
3485
3400
3410
3295
3310
186400
3310
3380
3400
3220
3280
210200
3280
3315
3355
3130
3160
261300
3160
3100
3205
3050
3165
281400
3165
3235
3275
3130
3165
244400
3165
3195
3350
3165
3315
320000
3315
3335
3340
3230
3325
296100
3325
3310
3310
3210
3215
205500
3215
3225
3350
3225
3325
168000
3325
3370
3395
3290
3350
222700
3350
3395
3440
3320
3320
152800
3320
3345
3380
3325
3325
138300
3325
3295
3295
3170
3245
193300
3245
3140
3195
3070
3180
252200
3180
3110
3285
3090
3220
212500
3220
3190
3210
3130
3175
152300
3175
3185
3260
3175
3180
122600
3180
3175
3250
3175
3240
117100
3240
3220
3300
3205
3215
214700
3215
3170
3190
3140
3160
144300
3160
3155
3160
3025
3030
261900
3030
3020
3185
3010
3165
296700
3165
3235
3250
3165
3200
221200
3200
3165
3270
3150
3230
218000
3230
3285
3320
3260
3285
114900
3285
3275
3345
3270
3320
159300
3320
3385
3430
3325
3400
171900
3400
3375
3405
3200
3200
242100
3200
3150
3245
3125
3245
157200
3245
3205
3260
3065
3090
229700
3090
3110
3150
3035
3090
141300
3090
3070
3110
3010
3065
169900
3065
3065
3075
2943
2961
232400
2961
2999
3075
2970
3010
195100
3010
3075
3130
3020
3120
225600
3120
3070
3090
2968
3020
324200
3020
3000
3060
2992
2999
145600
2999
2924
2980
2856
2946
170100
2946
2946
2946
2876
2901
139000
2901
2851
2889
2769
2820
258800
2820
2770
2801
2680
2697
225400
2697
2510
2625
2498
2532
374800
2532
2548
2639
2544
2622
173900
2622
2772
2789
2682
2697
207100
2697
2663
2698
2626
2665
183500
2665
