325
327
323
326
3267400
326
328
334
328
333
3848400
333
334
335
327
330
6152900
330
327
329
326
327
2854600
327
323
326
321
324
3841600
324
326
328
322
322
3304300
322
323
324
314
318
4246300
318
317
318
315
318
2536300
318
314
315
309
311
5207900
311
308
309
304
306
5786300
306
304
308
300
307
4572100
307
305
307
304
307
3117400
307
309
310
307
309
2604200
309
308
310
307
308
2018000
308
307
310
305
307
3117900
307
315
321
312
319
9069000
319
320
321
314
316
4914600
316
317
327
300
326
13290400
326
323
326
320
321
5396800
321
325
327
320
325
5102000
325
325
326
321
324
3024600
324
316
318
312
314
2873000
314
300
302
289
295
8694100
295
305
308
294
294
6259900
294
293
294
288
292
6887500
292
282
284
278
280
5602400
280
287
288
276
277
5856100
277
278
279
272
275
4697500
275
279
282
278
281
4095400
281
282
285
281
284
3708700
284
286
294
286
293
2841800
293
293
293
290
291
2448900
291
290
291
286
289
2818800
289
285
286
281
283
2924000
283
284
292
282
292
2999300
292
295
296
292
293
2402100
293
298
299
294
296
2497600
296
293
295
290
291
3422000
291
286
294
286
292
4200600
292
285
285
278
279
6108900
279
276
278
273
275
3427900
275
280
283
279
280
3302400
280
278
281
275
278
3271900
278
279
280
275
280
3104300
280
279
285
278
281
5503400
281
287
290
285
288
3233300
288
286
290
283
289
2403800
289
288
294
287
292
4180600
292
290
293
287
291
2803800
291
291
291
287
288
3377500
288
285
289
280
281
3239600
281
278
286
277
285
3372700
285
286
287
282
283
3218100
283
276
278
270
272
5361100
272
270
271
264
269
4130400
269
272
279
271
279
4206800
279
268
274
266
273
5376200
273
274
277
272
274
3503300
274
278
286
278
285
4738400
285
283
287
283
284
2768300
284
280
287
280
285
3495400
285
285
285
278
279
4032700
279
279
280
276
277
4806000
277
277
279
275
276
3973900
276
275
277
272
275
3828700
275
275
282
274
281
4496500
281
285
288
283
285
3997700
285
284
284
278
278
1900300
278
280
285
279
285
2645900
285
285
287
281
284
2572700
284
283
285
278
281
3049900
281
284
288
282
288
4216100
288
290
295
289
290
5177900
290
287
291
285
287
4678900
287
286
290
284
289
2580100
289
286
287
281
286
6171700
286
283
292
282
291
4818100
291
292
292
287
290
3561300
290
292
296
289
294
4397700
294
291
297
291
295
2580100
295
296
302
295
297
3655500
297
300
300
297
299
2708400
299
298
300
296
297
3766500
297
295
296
292
292
2352400
292
292
298
288
296
4401400
296
298
301
297
301
3706800
301
300
301
297
299
2589600
299
298
305
293
296
7547200
296
293
294
291
292
2149500
292
289
290
283
286
4717700
286
287
287
281
282
4290500
282
280
281
277
278
6353100
278
280
281
274
275
4914800
275
275
277
271
272
5221900
272
270
270
263
263
5689200
263
263
265
259
260
4559400
260
259
261
257
261
3111300
261
261
262
256
259
3766100
259
255
255
251
255
6076400
255
257
258
252
254
5171400
254
254
261
254
258
5527300
258
263
264
260
261
3325500
261
261
262
257
259
2956000
259
257
265
257
262
3076300
262
264
264
260
262
4402700
262
260
265
259
260
3515000
260
261
265
259
263
3153800
263
264
264
260
261
4549300
261
260
263
257
263
3153900
263
259
262
258
259
3317200
259
258
259
253
254
4208400
254
250
250
244
246
4406100
246
243
248
242
242
4301500
242
238
242
233
241
6907800
241
239
243
237
238
4514300
238
237
246
236
245
7971500
245
246
248
243
245
3210900
245
242
246
239
245
3148500
245
249
250
241
242
2523900
242
244
246
242
245
2746700
245
250
250
244
249
3802800
249
248
251
243
245
4291000
245
245
247
243
246
4203100
246
246
251
245
245
2719500
245
243
243
238
240
3065300
240
239
244
239
243
3087800
243
242
244
240
244
1816600
244
246
249
245
246
3266700
246
243
243
239
240
3826800
240
239
240
236
238
2239600
238
238
242
236
241
3626800
241
239
244
238
243
3131800
243
245
246
242
243
1514300
243
244
247
243
244
2592200
244
242
243
239
242
3470100
242
239
241
237
240
3290000
240
241
246
240
245
2854500
245
247
248
245
246
3898900
246
247
248
245
246
3090400
246
246
246
243
245
3688000
245
248
256
245
251
11455800
251
256
257
252
252
6127200
252
251
252
249
250
3788100
250
247
247
242
243
5338900
243
242
242
239
241
2994500
241
239
239
235
237
5009100
237
235
239
233
238
4611700
238
236
238
235
236
3817600
236
235
236
231
232
4574700
232
231
237
230
236
6258200
236
233
234
230
230
2945000
230
230
234
229
234
2696300
234
233
234
230
230
1793500
230
228
229
226
226
4402800
226
227
228
225
228
3716600
228
231
232
227
231
5127500
231
229
234
228
233
4481800
233
232
240
232
239
4047800
239
238
241
235
239
4408700
239
239
239
234
235
2832400
235
237
240
236
239
2831700
239
243
244
240
240
2587000
240
240
245
239
245
2801000
245
248
248
245
246
3234600
246
245
248
244
245
4107100
245
245
246
241
243
2444800
243
242
243
239
240
1983800
240
238
243
238
241
2378300
241
239
243
237
238
2157800
238
236
238
235
238
2445100
238
238
241
237
238
1653900
238
241
241
237
238
2211700
238
237
238
235
235
3047900
235
234
241
234
241
3054200
241
240
242
236
238
6269300
238
238
248
236
245
6361000
245
248
249
246
247
5823600
247
250
251
247
249
4377900
249
251
258
251
258
6081700
258
259
263
257
259
5302400
259
256
256
251
252
4284400
252
253
253
250
252
3596300
252
253
255
250
254
2970300
254
254
257
252
253
2439200
253
254
256
253
255
3516400
255
255
257
250
251
3452400
251
251
253
250
252
2683300
252
248
249
243
244
3989900
244
242
243
239
240
2828500
240
241
244
239
241
2525300
241
233
234
231
233
4760800
233
231
235
230
235
2944300
235
234
235
231
233
3718200
233
232
238
232
236
2974600
236
240
240
237
240
2170100
240
240
241
236
238
2579600
238
234
237
233
235
2697300
235
236
238
233
237
1951600
237
236
236
231
231
2559900
231
231
232
227
229
3042100
229
222
225
220
220
4138000
220
222
224
216
218
3885300
218
219
223
218
221
2537700
221
219
227
219
225
6217800
225
230
238
228
238
4438800
238
237
242
235
241
3987400
241
243
250
242
249
5430600
249
247
249
244
248
3540500
248
247
253
246
251
3200100
251
252
253
248
249
4889400
249
252
253
247
248
3158100
248
246
251
246
248
2839700
248
246
248
243
247
1562600
247
241
243
239
242
3256800
242
243
245
241
244
2380100
244
242
243
240
242
2716100
242
244
244
241
243
2767300
243
244
248
244
248
3048900
248
248
251
242
242
6077400
242
238
238
232
232
5707500
232
234
239
232
233
5544800
233
233
237
231
233
5648600
233
239
241
236
240
3636600
240
243
246
241
245
3297100
245
249
251
247
249
2920100
249
250
255
249
254
4405900
254
254
256
252
252
3574600
252
254
254
246
247
3078000
247
242
246
241
245
3243700
245
244
246
239
241
3541400
241
240
243
237
239
2682900
239
238
238
234
236
3081200
236
235
236
231
236
4221200
236
235
236
232
233
4583500
233
235
240
235
237
3793100
237
237
239
232
233
5170100
233
232
237
232
232
3058800
232
230
233
227
232
2859800
232
227
231
226
226
3697400
226
227
227
218
219
4039400
219
220
221
214
216
4852700
216
204
208
200
204
4345000
204
211
215
209
212
5361200
212
224
225
221
222
4862800
222
222
227
221
223
5098000
223
