6690
6780
6680
6750
807800
6750
6770
6910
6750
6880
772300
6880
6960
7050
6900
7010
1029300
7010
6990
7010
6890
6970
547400
6970
6900
7030
6830
7010
555000
7010
7040
7150
7030
7110
787000
7110
7180
7200
6990
7020
523200
7020
7030
7050
6940
7030
415700
7030
6920
6960
6800
6920
628400
6920
7020
7020
6720
6740
764400
6740
6790
6830
6720
6820
443800
6820
6730
6740
6520
6630
879400
6630
6640
6690
6540
6680
536800
6680
6610
6630
6450
6500
877300
6500
6420
6510
6350
6400
953400
6400
6380
6380
6180
6310
1143500
6310
6240
6250
6150
6220
1085200
6220
6120
6190
6030
6070
1258300
6070
6090
6220
6010
6100
1153600
6100
6130
6330
6130
6270
1290200
6270
6200
6390
6200
6330
1034100
6330
6100
6170
5990
6140
1120400
6140
5740
5850
5610
5780
1610700
5780
5980
5990
5620
5670
1414000
5670
5620
5700
5480
5590
1826900
5590
5290
5490
5230
5450
1675800
5450
5460
5680
5460
5490
1949400
5490
5400
5470
5180
5230
1662200
5230
5290
5370
5220
5250
1356200
5250
5300
5310
5110
5180
1356500
5180
5160
5240
5160
5220
1045300
5220
5220
5220
5110
5150
771500
5150
5150
5230
5080
5120
881100
5120
5140
5180
5080
5170
761600
5170
5130
5240
5100
5210
987000
5210
5290
5300
5050
5110
928500
5110
5180
5400
5170
5370
1360000
5370
5300
5500
5270
5390
1375900
5390
5300
5320
5170
5250
1183600
5250
5100
5130
4990
5040
1168800
5040
4940
4940
4660
4675
1986700
4675
4795
4885
4730
4790
1451400
4790
4725
4750
4545
4570
2047600
4570
4600
4675
4565
4570
1117200
4570
4620
4690
4590
4600
1089600
4600
4735
4830
4715
4760
1189600
4760
4775
4820
4710
4800
802800
4800
4720
4945
4695
4855
1107900
4855
4865
4915
4760
4870
837000
4870
4900
4985
4890
4935
1097700
4935
4900
4995
4885
4920
870900
4920
4870
4975
4845
4950
779100
4950
4995
5030
4870
4895
1024500
4895
4705
4725
4580
4605
1030000
4605
4540
4555
4415
4555
888100
4555
4675
4795
4655
4780
987700
4780
4640
4675
4580
4650
636000
4650
4530
4795
4525
4640
1812900
4640
4680
4875
4670
4830
1138100
4830
4860
4900
4745
4790
716000
4790
4700
4725
4670
4720
661500
4720
4735
4735
4505
4545
913700
4545
4545
4575
4445
4490
732200
4490
4500
4545
4455
4485
562800
4485
4425
4475
4345
4410
868700
4410
4410
4670
4400
4650
1179200
4650
4825
4895
4755
4755
1074200
4755
4775
4790
4680
4740
629800
4740
4880
5020
4835
4890
1399800
4890
4935
4985
4750
4835
1036800
4835
4800
4865
4610
4815
1094800
4815
4810
4845
4755
4815
641100
4815
4885
5110
4850
5040
1160700
5040
5000
5110
4955
5080
851200
5080
5050
5070
4895
4920
1005300
4920
4870
4935
4780
4925
691300
4925
4800
4860
4750
4820
619300
4820
4850
4850
4675
4700
833200
4700
4700
4705
4610
4655
918100
4655
4635
4710
4625
4670
468600
4670
4645
4805
4625
4760
608600
4760
4800
4820
4715
4815
457200
4815
4760
4785
4675
4690
771900
4690
4650
4705
4585
4695
882300
4695
4795
5020
4785
4840
1628800
4840
4910
5060
4890
5020
888900
5020
5090
5130
4970
4985
487300
4985
5010
5130
4995
5080
676100
5080
5070
5140
5040
5090
433400
5090
5160
5400
5160
5370
1412300
5370
5380
5600
5380
5530
1250900
5530
5440
5510
5330
5420
712700
5420
5400
5430
5230
5320
840700
5320
5320
5330
5130
5150
824500
5150
5130
5130
4905
4940
1244100
4940
4925
4985
4820
4975
804600
4975
4985
4990
4870
4885
762700
4885
4825
4860
4725
4785
736400
4785
4680
4780
4630
4710
761400
4710
4775
4845
4690
4770
763100
4770
4785
4850
4680
4795
663800
4795
4840
4950
4830
4895
582300
4895
4940
4940
4870
4925
447400
4925
5020
5140
5010
5070
884100
5070
5170
5240
5100
5130
622600
5130
5180
5300
5150
5180
837600
5180
5110
5140
5030
5110
478900
5110
5090
5110
4950
5000
904700
5000
4960
5090
4925
5040
534900
5040
5010
5040
4965
5000
431100
5000
5050
5190
4970
5150
705800
5150
5060
5080
4750
4810
1301100
4810
4720
4800
4615
4640
1205600
4640
4595
4625
4460
4615
985700
4615
4585
4705
4545
4665
762000
4665
4590
4705
4550
4690
675400
4690
4690
4735
4600
4625
792800
4625
4525
4695
4500
4650
584600
4650
4650
4695
4565
4600
617900
4600
4630
4665
4565
4650
574300
4650
4645
4720
4610
4715
551600
4715
4715
4745
4610
4625
556100
4625
4565
4570
4305
4390
1291700
4390
4320
4385
4235
4250
1212000
4250
4155
4200
4040
4080
1535400
4080
4090
4165
4060
4135
1212700
4135
4190
4285
4120
4265
850200
4265
4335
4355
4285
4315
675400
4315
4245
4280
4185
4225
1074500
4225
4155
4250
4065
4155
1095400
4155
4225
4285
4190
4235
790400
4235
4260
4300
4205
4250
611600
4250
4275
4280
4205
4220
653000
4220
4210
4275
4190
4245
677200
4245
4175
4240
4135
4170
783000
4170
4140
4255
4115
4220
576700
4220
4260
4350
4255
4330
562500
4330
4415
4480
4365
4385
770100
4385
4450
4480
4395
4400
457400
4400
4400
4440
4390
4440
400800
4440
4465
4470
4410
4420
264700
4420
4460
4485
4405
4415
552800
4415
4460
4505
4450
4470
563300
4470
4400
4440
4310
4330
859300
4330
4310
4365
4285
4335
477300
4335
4330
4345
4260
4300
428200
4300
4275
4315
4240
4300
466400
4300
4290
4420
4290
4345
617000
4345
4290
4295
4195
4260
606000
4260
4300
4300
4160
4185
499000
4185
3555
3630
3485
3595
3130600
3595
3650
3715
3630
3650
1086700
3650
3600
3600
3400
3440
1507700
3440
3280
3355
3265
3285
1537000
3285
3285
3330
3245
3260
1397700
3260
3240
3250
3090
3100
1511600
3100
3050
3170
3025
3145
1270700
3145
3085
3245
3050
3225
1306000
3225
3190
3205
3090
3100
1375300
3100
3080
3090
3020
3055
1365100
3055
3090
3180
3085
3155
1120500
3155
3250
3265
3175
3190
941100
3190
3135
3295
3135
3270
968700
3270
3320
3360
3275
3310
1022900
3310
3230
3240
3180
3185
1080300
3185
3170
3210
3140
3180
695900
3180
3180
3210
3155
3175
726700
3175
3100
3145
3030
3060
1033500
3060
3050
3085
3000
3015
947100
3015
2987
2987
2878
2897
1928700
2897
2902
2971
2894
2901
1100800
2901
2900
2911
2866
2891
650000
2891
2868
2873
2778
2810
1167400
2810
2827
2910
2823
2870
956000
2870
2920
3045
2910
3030
1428900
3030
2990
3065
2934
3035
1230600
3035
3125
3135
3060
3080
1063800
3080
3135
3190
3095
3130
1277900
3130
3200
3370
3170
3315
1916500
3315
3285
3340
3155
3215
1560500
3215
3235
3320
3180
3315
1524700
3315
3305
3310
3230
3240
1040000
3240
3295
3310
3260
3290
698700
3290
3330
3415
3250
3410
1347100
3410
3450
3495
3350
3360
1336000
3360
3400
3455
3370
3380
1120600
3380
3480
3520
3440
3450
1136100
3450
3385
3430
3330
3345
909700
3345
3255
3265
3090
3150
1416400
3150
3220
3245
3130
3180
760200
3180
2986
3055
2982
3025
1274800
3025
3050
3190
3035
3180
1262200
3180
3140
3250
3115
3175
674400
3175
3205
3280
3200
3280
841100
3280
3350
3355
3275
3295
781500
3295
3295
3320
3205
3210
714000
3210
3165
3220
3130
3200
685700
3200
3150
3270
3150
3250
547400
3250
3230
3235
3150
3165
431000
3165
3110
3120
3040
3065
886400
3065
2955
2974
2893
2913
1086500
2913
2952
3020
2880
2919
1005600
2919
2958
3070
2958
3050
1035000
3050
2991
3145
2982
3120
865100
3120
3155
3205
3130
3195
792600
3195
3195
3230
3140
3175
704700
3175
3245
3295
3145
3265
1138100
3265
3250
3340
3215
3275
822100
3275
3260
3320
3245
3255
566800
3255
3225
3240
3145
3160
944400
3160
3230
3300
3190
3220
906500
3220
3170
3175
3095
3155
1004300
3155
2645
2745
2550
2587
4718400
2587
2489
2490
2341
2416
3126800
2416
2404
2455
2374
2421
1420900
2421
2411
2485
2400
2446
1213800
2446
2461
2488
2401
2409
1104600
2409
2391
2438
2372
2394
909200
2394
2370
2414
2351
2401
783200
2401
2351
2392
2318
2373
1091700
2373
2389
2461
2380
2418
808600
2418
2410
2491
2409
2479
853700
2479
2492
2500
2442
2497
872300
2497
2491
2565
2481
2560
882200
2560
2582
2598
2542
2574
601600
2574
2563
2603
2556
2593
576800
2593
2638
2705
2625
2697
1087000
2697
2647
2687
2600
2627
939800
2627
2596
2645
2579
2596
719700
2596
2561
2575
2480
2511
833800
2511
2541
2545
2403
2441
1032000
2441
2420
2448
2380
2423
926300
2423
2400
2419
2308
2334
992200
2334
2349
2407
2314
2383
885200
2383
2417
2460
2395
2433
685500
2433
2414
2424
2324
2350
1082500
2350
2350
2404
2335
2344
923100
2344
2310
2367
2263
2347
1075200
2347
2351
2405
2325
2351
808400
2351
2309
2355
2239
2265
999900
2265
2233
2262
2161
2176
1573900
2176
2050
2095
2008
2073
1189200
2073
2093
2142
2061
2105
932900
2105
2228
2259
2203
2213
1078100
2213
2196
2314
2196
2277
1259400
2277
