4055
4080
4020
4045
800300
4045
4070
4120
4070
4115
977500
4115
4165
4200
4080
4095
1186800
4095
4100
4135
4080
4110
605400
4110
4110
4180
4110
4165
695000
4165
4170
4230
4165
4230
760100
4230
4265
4295
4160
4200
703300
4200
4230
4245
4200
4225
611200
4225
4140
4165
4090
4155
721000
4155
4165
4165
4075
4080
732900
4080
4085
4115
4055
4105
514400
4105
4085
4095
4045
4060
436800
4060
4080
4130
4070
4125
564100
4125
4090
4115
4070
4095
519300
4095
4085
4105
4075
4080
536300
4080
4100
4105
4060
4065
512700
4065
4090
4100
4040
4080
452600
4080
4100
4145
4055
4125
1105900
4125
4075
4130
4045
4045
845400
4045
4075
4135
4055
4105
632300
4105
4120
4130
4060
4085
457700
4085
4020
4025
3965
3980
683000
3980
3700
3760
3680
3760
1479100
3760
3900
3925
3750
3755
1023700
3755
3760
3780
3690
3750
1150200
3750
3615
3645
3565
3645
1251300
3645
3670
3675
3565
3575
920200
3575
3325
3390
3255
3260
2364300
3260
3290
3300
3230
3255
1345100
3255
3275
3330
3245
3310
1069800
3310
3345
3395
3320
3385
569100
3385
3375
3385
3330
3360
665800
3360
3370
3405
3345
3360
793100
3360
3365
3365
3305
3340
916200
3340
3310
3395
3310
3385
739200
3385
3405
3425
3360
3395
688800
3395
3425
3455
3420
3435
817500
3435
3415
3445
3370
3370
1014300
3370
3350
3350
3285
3305
914500
3305
3255
3275
3230
3250
962500
3250
3215
3215
3155
3180
939700
3180
3235
3270
3205
3205
753900
3205
3200
3215
3160
3190
937100
3190
3210
3215
3165
3185
772500
3185
3200
3245
3180
3190
1002000
3190
3250
3310
3230
3290
947600
3290
3255
3295
3245
3290
756000
3290
3255
3275
3230
3265
837200
3265
3275
3280
3195
3255
1009300
3255
3280
3295
3265
3265
762500
3265
3255
3305
3245
3285
748400
3285
3280
3355
3265
3325
1125900
3325
3330
3330
3285
3310
785300
3310
3220
3230
3145
3155
1229500
3155
3110
3150
3085
3145
747000
3145
3165
3210
3155
3205
1020100
3205
3130
3155
3110
3145
1057700
3145
3125
3160
3085
3115
1107000
3115
3135
3215
3120
3200
1015800
3200
3180
3210
3165
3170
444800
3170
3145
3190
3140
3180
782700
3180
3180
3205
3165
3190
603700
3190
3210
3210
3150
3165
703900
3165
3170
3185
3140
3150
798700
3150
3135
3165
3105
3150
540800
3150
3145
3220
3110
3205
865700
3205
3245
3310
3215
3260
844000
3260
3270
3270
3200
3205
528500
3205
3195
3225
3165
3200
814600
3200
3220
3220
3170
3195
507900
3195
3200
3215
3150
3200
729100
3200
3215
3265
3210
3245
711800
3245
3290
3410
3285
3345
1352800
3345
3345
3405
3310
3365
846300
3365
3375
3410
3365
3400
682000
3400
3380
3395
3335
3385
712900
3385
3330
3360
3300
3345
747000
3345
3345
3345
3275
3285
683700
3285
3280
3345
3260
3340
810000
3340
3310
3375
3305
3350
470600
3350
3350
3375
3335
3340
545600
3340
3330
3335
3265
3310
611700
3310
3320
3345
3300
3310
435800
3310
3280
3295
3255
3280
743800
3280
3280
3345
3260
3325
789200
3325
3275
3290
3155
3200
1649600
3200
3215
3235
3205
3210
634000
3210
3210
3215
3170
3170
834400
3170
3155
3165
3130
3140
959100
3140
3170
3225
3155
3190
681600
3190
3205
3220
3200
3210
384700
3210
3215
3220
3185
3205
394700
3205
3205
3215
3190
3200
402000
3200
3200
3205
3150
3160
836700
3160
3150
3150
3080
3090
938600
3090
3080
3110
3055
3095
935500
3095
3080
3100
3065
3090
561500
3090
3070
3085
3035
3075
1049100
3075
3020
3035
2992
3035
1170100
3035
3075
3095
3000
3025
1430500
3025
3030
3135
3025
3090
1002000
3090
3125
3160
3125
3145
628500
3145
3170
3175
3140
3165
539900
3165
3160
3220
3145
3205
718700
3205
3235
3265
3225
3240
704100
3240
3215
3265
3140
3185
1333300
3185
3185
3205
3165
3190
474000
3190
3215
3225
3165
3190
921900
3190
3190
3210
3155
3200
652800
3200
3165
3200
3150
3165
759700
3165
3165
3170
3120
3145
1262200
3145
3110
3120
3040
3095
1067400
3095
3065
3120
3020
3025
1126800
3025
3020
3040
2946
2994
1418300
2994
2969
2989
2945
2969
1039900
2969
2932
2992
2903
2991
1408100
2991
3005
3090
3005
3040
1033000
3040
2995
3060
2982
3040
886800
3040
3040
3070
3000
3040
713700
3040
3030
3055
3015
3030
645900
3030
3035
3050
3010
3045
744500
3045
3060
3075
2973
2976
927100
2976
2929
2942
2851
2878
1153900
2878
2851
2905
2851
2869
725100
2869
2850
2851
2828
2839
856500
2839
2835
2877
2830
2861
763100
2861
2869
2887
2859
2883
592200
2883
2919
2948
2902
2903
891000
2903
2900
2915
2853
2880
791600
2880
2860
2879
2838
2879
544600
2879
2918
2961
2904
2954
934300
2954
2965
2971
2935
2957
676200
2957
2980
2996
2964
2967
488600
2967
2970
2987
2955
2956
581600
2956
2933
2952
2911
2938
808100
2938
2942
2987
2942
2973
694500
2973
3000
3030
2987
3000
681000
3000
3045
3140
3035
3080
917600
3080
3115
3135
3100
3105
596000
3105
3105
3125
3085
3120
453300
3120
3130
3155
3110
3150
501300
3150
3175
3195
3155
3170
742200
3170
3220
3240
3175
3220
590600
3220
3170
3190
3140
3155
485500
3155
3110
3125
3080
3095
553800
3095
3100
3120
3085
3090
319800
3090
3060
3105
3060
3090
430400
3090
3000
3030
2952
2974
1338900
2974
2993
2993
2937
2958
534800
2958
2970
2974
2931
2940
545800
2940
2901
2916
2876
2883
603200
2883
2876
2910
2876
2910
427700
2910
2935
2944
2883
2900
515700
2900
2857
2892
2828
2890
799000
2890
2917
2955
2910
2950
664800
2950
2968
2980
2950
2967
606000
2967
2943
2985
2924
2972
504100
2972
2957
3030
2930
3020
612900
3020
2995
3030
2938
2979
745900
2979
2940
2961
2878
2902
863300
2902
2938
2977
2929
2963
451200
2963
3005
3020
2992
2992
370200
2992
2981
3045
2981
3020
518600
3020
3035
3045
3000
3025
473200
3025
2989
3025
2987
3005
559800
3005
3015
3025
2952
2967
644500
2967
2977
2993
2952
2962
686200
2962
2906
2965
2901
2954
747300
2954
2960
3015
2953
2989
651100
2989
2971
3010
2956
2988
747200
2988
2972
3030
2970
3015
523800
3015
3020
3035
3005
3025
499600
3025
3025
3055
2994
3030
602200
3030
3055
3180
3045
3140
996500
3140
3135
3160
3115
3160
664200
3160
3175
3235
3160
3210
867100
3210
3245
3270
3225
3245
591300
3245
3260
3320
3250
3320
736300
3320
3345
3370
3320
3360
769600
3360
3360
3370
3310
3355
588200
3355
3325
3350
3300
3345
481500
3345
3355
3375
3330
3370
628800
3370
3385
3400
3340
3395
636300
3395
3405
3445
3400
3425
510300
3425
3445
3495
3445
3465
542000
3465
3460
3480
3405
3420
497500
3420
3430
3475
3430
3450
490900
3450
3415
3465
3410
3435
472300
3435
3395
3425
3375
3415
440900
3415
3400
3445
3385
3405
451500
3405
3315
3325
3230
3265
990900
3265
3250
3260
3205
3240
585000
3240
3235
3270
3210
3245
388800
3245
3210
3305
3205
3305
369900
3305
3325
3330
3285
3305
348400
3305
3285
3285
3230
3250
420100
3250
3200
3260
3185
3255
271500
3255
3235
3285
3220
3275
302900
3275
3290
3295
3225
3240
407200
3240
3220
3235
3165
3225
395300
3225
3115
3130
3075
3085
629500
3085
3105
3150
3065
3090
634500
3090
3135
3160
3105
3140
303500
3140
3100
3170
3090
3145
461200
3145
3130
3140
3060
3130
637400
3130
3120
3155
3115
3140
384000
3140
3195
3255
3155
3245
567800
3245
3255
3290
3230
3255
533800
3255
3260
3310
3225
3240
448400
3240
2980
3020
2916
2970
2544400
2970
2988
3035
2981
2999
1213100
2999
2988
3030
2988
3005
622600
3005
2982
3035
2974
3025
583400
3025
2985
3000
2940
2995
779000
2995
2987
3030
2977
3010
432800
3010
3015
3035
2999
3015
378400
3015
2995
3020
2980
3015
553000
3015
3020
3040
2999
3035
587200
3035
3000
3070
2997
3055
593400
3055
2958
2988
2948
2981
521400
2981
2981
2998
2955
2965
409900
2965
2975
3020
2966
3010
401400
3010
3030
3065
3010
3050
293100
3050
3085
3085
3050
3080
439300
3080
3120
3230
3120
3160
940900
3160
3145
3195
3140
3185
751000
3185
3200
3300
3200
3240
671900
3240
3220
3235
3170
3190
633500
3190
3180
3210
3170
3185
435300
3185
3150
3170
3130
3170
479300
3170
3155
3170
3085
3130
497900
3130
3150
3175
3095
3155
543600
3155
3175
3190
3140
3175
635700
3175
3200
3255
3170
3175
594100
3175
3175
3195
3145
3155
545200
3155
3120
3125
3050
3085
829700
3085
3115
3170
3095
3100
373700
3100
3085
3160
3075
3115
707100
3115
3120
3130
3075
3120
443200
3120
3090
3105
3000
3010
421000
3010
2991
3010
2928
2930
864500
2930
2823
2871
2803
2828
560400
2828
2824
2859
2780
2812
512300
2812
2886
2937
2865
2892
584200
2892
2863
2934
2853
2895
604600
2895
