5222
5358
5186
5356
3295000
5356
5399
5535
5388
5490
2950700
5490
5519
5547
5317
5378
2951500
5378
5289
5466
5274
5443
2119400
5443
5424
5562
5393
5491
2031500
5491
5470
5493
5413
5460
1979500
5460
5512
5528
5383
5443
1421700
5443
5410
5423
5341
5379
2069900
5379
5261
5359
5206
5295
2299400
5295
5366
5373
5184
5189
2757300
5189
5178
5337
5161
5310
3637700
5310
5255
5267
5167
5191
2031500
5191
5223
5248
5156
5228
1921400
5228
5180
5184
5133
5154
1939700
5154
5202
5331
5150
5270
2599000
5270
5248
5265
5156
5234
1730800
5234
5250
5294
5185
5269
1450200
5269
5250
5310
5117
5154
2170800
5154
5080
5200
5070
5108
2106200
5108
5155
5277
5126
5227
1539300
5227
5241
5249
5148
5212
1275900
5212
5056
5071
4986
4993
2020100
4993
4650
4809
4629
4767
3414900
4767
4977
5024
4789
4797
2622100
4797
4792
4844
4745
4807
1827000
4807
4667
4719
4615
4688
3959100
4688
4800
4891
4766
4770
3410800
4770
4807
4928
4800
4883
2503700
4883
4999
5119
4955
5091
2312300
5091
5120
5160
5026
5117
1900500
5117
5176
5262
5143
5259
1595100
5259
5197
5219
5077
5131
1519700
5131
5084
5089
4979
5020
1992100
5020
5003
5059
4947
5032
1486900
5032
5058
5150
5050
5136
1504700
5136
5151
5161
4963
5021
1875800
5021
5072
5123
5049
5083
1660500
5083
5043
5167
5006
5032
2427000
5032
4950
4956
4793
4812
2864900
4812
4700
4723
4635
4659
2626500
4659
4598
4612
4517
4520
1617400
4520
4596
4622
4528
4533
1532000
4533
4513
4559
4458
4493
1781100
4493
4528
4538
4410
4422
2250100
4422
4422
4465
4377
4396
2946000
4396
4471
4566
4462
4560
2208700
4560
4542
4554
4450
4487
1917900
4487
4435
4498
4409
4475
1493900
4475
4428
4519
4419
4504
1568300
4504
4540
4590
4518
4538
1690500
4538
4487
4517
4433
4447
1352200
4447
4392
4479
4375
4428
1465300
4428
4500
4557
4463
4536
2455500
4536
4380
4421
4300
4320
2466100
4320
4268
4362
4239
4357
1690000
4357
4450
4557
4437
4546
2637500
4546
4430
4465
4334
4393
2191900
4393
4420
4438
4287
4325
1870000
4325
4385
4485
4380
4480
1739000
4480
4492
4513
4443
4455
876500
4455
4401
4522
4400
4508
1217100
4508
4500
4509
4420
4447
1153900
4447
4470
4473
4346
4359
1995200
4359
4360
4407
4289
4316
2172500
4316
4300
4383
4282
4344
1703400
4344
4338
4390
4273
4376
1723800
4376
4438
4563
4435
4516
2154300
4516
4506
4510
4405
4418
1813200
4418
4439
4516
4428
4457
1672500
4457
4428
4457
4388
4412
1222300
4412
4401
4416
4315
4338
1322100
4338
4392
4477
4380
4466
2572700
4466
4640
4870
4626
4816
4957000
4816
4849
4902
4794
4882
2219900
4882
4850
4890
4818
4877
1388700
4877
4678
4705
4601
4618
2972300
4618
4620
4667
4589
4653
1503700
4653
4668
4685
4619
4633
1265700
4633
4632
4703
4614
4698
1785300
4698
4671
4718
4641
4709
1353500
4709
4718
4725
4643
4684
1145500
4684
4741
4749
4680
4731
944100
4731
4709
4762
4697
4707
930900
4707
4700
4710
4631
4643
1114900
4643
4625
4774
4602
4701
1456400
4701
4568
4690
4526
4646
2132900
4646
4676
4718
4639
4692
1116900
4692
4655
4668
4584
4588
1384000
4588
4499
4562
4457
4475
2064000
4475
4475
4558
4458
4543
1514100
4543
4570
4630
4542
4610
1312900
4610
4644
4647
4580
4589
930900
4589
4574
4628
4562
4586
1021100
4586
4572
4572
4491
4499
1492300
4499
4478
4480
4400
4413
1412500
4413
4353
4391
4307
4381
1314400
4381
4381
4383
4329
4333
973600
4333
4250
4258
4181
4221
2474300
4221
4102
4135
4068
4123
1943700
4123
4143
4187
4109
4166
2745600
4166
4143
4221
4111
4179
1506200
4179
4278
4409
4270
4382
2445700
4382
4417
4487
4401
4431
2127900
4431
4477
4567
4468
4531
2529300
4531
4671
4737
4598
4710
2882700
4710
4664
4757
4633
4694
2508100
4694
4694
4753
4656
4730
1636400
4730
4730
4770
4702
4720
1654900
4720
4696
4710
4597
4604
1829900
4604
4591
4615
4557
4573
1605900
4573
4600
4633
4543
4610
1691600
4610
4513
4525
4403
4468
1485100
4468
4437
4487
4339
4340
1986700
4340
4320
4321
4185
4287
2143800
4287
4280
4295
4224
4267
1091000
4267
4214
4268
4194
4260
1589700
4260
4288
4290
4219
4238
1114300
4238
4150
4256
4137
4245
1275000
4245
4245
4276
4185
4194
946400
4194
4191
4223
4153
4216
1346500
4216
4219
4239
4192
4238
1191900
4238
4238
4271
4137
4145
1328900
4145
4106
4133
3947
4009
2630200
4009
4026
4090
4010
4014
1763000
4014
3969
3971
3842
3860
1970300
3860
3845
3998
3832
3954
1978200
3954
4024
4084
4008
4074
1746700
4074
4190
4255
4178
4178
1924700
4178
4094
4152
4052
4108
1661900
4108
4080
4081
3986
4024
1858900
4024
4072
4077
4024
4029
1585000
4029
3986
4009
3951
3963
1752400
3963
4001
4005
3943
3962
1544500
3962
3901
3996
3891
3939
2148500
3939
3877
3883
3790
3822
2876300
3822
3785
3855
3761
3828
1783200
3828
3852
3930
3824
3915
1965100
3915
4078
4128
4048
4063
2801600
4063
4115
4150
4069
4080
1797800
4080
4092
4105
4057
4071
1481700
4071
4109
4124
4051
4065
1076700
4065
4054
4079
4010
4015
1866200
4015
4081
4158
4080
4122
2098400
4122
4003
4048
3986
4000
2029500
4000
3965
3996
3937
3959
1615600
3959
4003
4013
3974
3977
1070100
3977
3946
3996
3916
3945
1837300
3945
3958
3986
3935
3949
1615000
3949
3787
3870
3744
3859
3445200
3859
3859
3936
3848
3866
2134000
3866
3784
3791
3741
3789
1741300
3789
3812
3819
3769
3798
1378000
3798
3763
3780
3695
3724
1851800
3724
3621
3684
3599
3647
2218000
3647
3680
3739
3679
3717
1399000
3717
3684
3690
3618
3623
1801000
3623
3599
3600
3519
3557
2019600
3557
3526
3600
3511
3584
1321300
3584
3577
3589
3553
3560
1038500
3560
3524
3534
3486
3534
1571900
3534
3596
3608
3569
3591
1372000
3591
3658
3668
3598
3605
1169800
3605
3597
3711
3595
3661
2112100
3661
3709
3720
3649
3651
1690600
3651
3595
3616
3564
3590
1464300
3590
3563
3596
3547
3567
1017500
3567
3596
3615
3565
3581
1472900
3581
3531
3563
3515
3547
1475700
3547
3528
3597
3522
3558
1165500
3558
3504
3521
3480
3500
1369200
3500
3468
3525
3464
3497
892900
3497
3497
3528
3489
3524
1268100
3524
3524
3569
3519
3543
1577600
3543
3586
3683
3584
3645
2026700
3645
3669
3687
3633
3685
1904200
3685
3665
3752
3652
3731
1576600
3731
3814
3825
3782
3786
1505500
3786
3832
3918
3829
3892
2209500
3892
3957
4043
3914
4040
3123000
4040
4060
4060
3973
4054
2114300
4054
4005
4042
3995
4042
1474100
4042
4000
4014
3951
3958
1503800
3958
4000
4053
3961
3986
1495300
3986
3946
3957
3871
3902
2077600
3902
3966
4007
3932
3952
2069300
3952
3981
3998
3944
3951
1615700
3951
4000
4052
4000
4035
2372200
4035
3980
3980
3910
3923
2010600
3923
3909
3925
3822
3856
1762400
3856
3899
3917
3833
3860
1221600
3860
3720
3729
3622
3651
2586600
3651
3608
3763
3607
3753
2174400
3753
3706
3759
3689
3692
1462500
3692
3703
3816
3701
3797
1727200
3797
3863
3879
3773
3789
1612600
3789
3808
3821
3756
3766
1151600
3766
3686
3716
3640
3710
1638600
3710
3673
3762
3671
3745
965300
3745
3718
3749
3638
3646
1244700
3646
3627
3636
3544
3579
1586800
3579
3443
3482
3412
3419
1933000
3419
3440
3497
3409
3443
1777300
3443
3495
3534
3472
3485
1603900
3485
3445
3586
3433
3541
3478400
3541
3564
3590
3523
3560
1349300
3560
3553
3593
3535
3561
1120600
3561
3595
3747
3583
3712
1875000
3712
3695
3754
3662
3698
1224600
3698
3694
3764
3680
3728
974200
3728
3740
3812
3689
3736
1889900
3736
3803
3853
3732
3737
1202800
3737
3569
3629
3489
3515
3497800
3515
3453
3474
3360
3397
2827800
3397
3327
3347
3281
3346
2197000
3346
3348
3415
3321
3344
1658700
3344
3350
3378
3307
3324
1488300
3324
3305
3346
3246
3251
1621900
3251
3205
3222
3128
3160
2253600
3160
3120
3205
3091
3172
1914800
3172
3077
3179
3077
3165
1146600
3165
3164
3207
3142
3149
1159800
3149
3121
3190
3112
3185
1029000
3185
3224
3235
3171
3214
1165400
3214
3217
3239
3174
3233
1197300
3233
3286
3327
3281
3292
1361700
3292
3273
3318
3247
3305
1942000
3305
3349
3459
3327
3403
2074300
3403
3368
3373
3251
3261
1963800
3261
3220
3297
3215
3253
1270500
3253
3253
3274
3138
3189
1578400
3189
3193
3232
3135
3163
1370900
3163
3093
3193
3087
3149
1821000
3149
3147
3152
3088
3125
1386900
3125
3159
3219
3125
3197
1586300
3197
3250
3305
3240
3275
1399500
3275
3236
3257
3130
3214
2211500
3214
3221
3282
3193
3204
1070200
3204
3110
3194
3095
3159
1385900
3159
3166
3190
3134
3159
1342600
3159
3142
3149
3031
3051
1273200
3051
3018
3043
2948.5
2961
1995900
2961
2815
2858.5
2765
2806.5
1918100
2806.5
2820
2906.5
2743
2795.5
1768200
2795.5
2902.5
2941
2870.5
2879.5
2170000
2879.5
2863.5
2977.5
2857.5
2947.5
1925400
2947.5
