1005
1028
1001
1027
1561400
1027
1043
1059
1040
1058
2372400
1058
1070
1107
1070
1102
2924200
1102
1096
1110
1092
1101
2069900
1101
1090
1109
1081
1109
1632300
1109
1111
1121
1106
1118
2380100
1118
1129
1146
1118
1122
1611900
1122
1134
1145
1118
1142
1618300
1142
1134
1141
1126
1131
1335000
1131
1152
1158
1124
1127
2346900
1127
1130
1149
1129
1145
1356800
1145
1156
1165
1148
1164
1797900
1164
1176
1184
1173
1177
1998800
1177
1174
1180
1156
1166
1561100
1166
1154
1158
1127
1137
2389700
1137
1148
1156
1122
1125
2260100
1125
1119
1129
1107
1121
2432800
1121
1107
1110
1073
1077
3458000
1077
1083
1092
1067
1068
2666200
1068
1074
1089
1068
1089
1427300
1089
1082
1084
1068
1075
1480000
1075
925
928
891
897
12383300
897
867
872
827
850
7602900
850
880
881
839
840
5861900
840
839
850
829
843
4044200
843
798
807
792
807
4601900
807
822
824
786
788
3819000
788
786
792
762
766
3396800
766
767
772
757
762
4107300
762
747
766
728
764
5636200
764
771
780
767
776
2736100
776
770
772
760
771
2534200
771
765
776
756
769
3570700
769
757
763
748
761
3005800
761
762
791
760
783
3535800
783
793
795
777
778
2828400
778
789
791
777
778
2800800
778
781
798
780
788
3894100
788
780
781
769
772
2332400
772
750
756
743
747
2971600
747
741
743
721
725
2176600
725
739
756
738
739
2293500
739
732
741
726
731
2276500
731
736
751
736
742
2114100
742
743
771
740
763
5495900
763
774
775
762
768
2288600
768
759
771
751
769
1904700
769
756
767
754
765
1466000
765
762
764
743
756
2165600
756
759
769
756
756
2206500
756
749
760
739
743
1973000
743
733
747
732
739
2055100
739
737
743
727
733
2509300
733
706
712
696
699
3399100
699
692
702
684
702
2311900
702
711
727
705
724
2169100
724
702
715
701
713
1961100
713
717
721
701
707
2380100
707
717
729
715
722
2215800
722
723
732
716
716
1399000
716
705
707
700
704
3145300
704
710
711
699
701
1914800
701
708
711
700
705
2385600
705
706
710
702
705
2073700
705
698
701
683
690
2613200
690
685
708
677
706
3869700
706
707
718
706
711
2391000
711
705
706
692
693
2059100
693
700
719
697
714
2215800
714
714
723
708
715
1520000
715
712
716
704
711
1482000
711
717
731
713
729
1469200
729
735
754
734
746
2204200
746
745
745
731
740
2011400
740
742
753
735
746
1564500
746
750
758
745
756
1683300
756
747
752
740
752
1880000
752
757
759
746
748
1985000
748
755
757
741
750
2139600
750
743
750
740
746
1581300
746
752
755
749
751
1163400
751
750
750
739
744
1219200
744
741
756
740
753
1511200
753
752
753
740
743
1444700
743
740
752
736
743
1574800
743
743
749
740
743
1681800
743
800
822
791
807
5844400
807
809
809
780
790
2628100
790
784
786
765
776
2884900
776
782
811
782
806
3096700
806
809
814
806
810
2382900
810
815
853
814
840
5035300
840
835
837
818
825
2417300
825
816
817
800
800
2279400
800
795
795
764
772
3065600
772
773
773
752
756
2714400
756
762
771
758
768
1866100
768
768
773
754
762
1967700
762
748
748
736
743
2008800
743
751
757
731
742
3370700
742
736
759
736
754
2218600
754
768
776
759
772
2056600
772
774
783
772
776
1748600
776
773
783
769
779
1408400
779
788
793
779
779
1594800
779
771
775
755
756
2712900
756
760
777
760
773
2620600
773
784
790
770
781
2251100
781
784
787
775
784
1288600
784
781
781
768
769
1653800
769
773
774
755
756
1857800
756
752
755
733
737
1483700
737
731
738
717
724
2563200
724
717
726
701
724
2311100
724
717
724
709
715
2728800
715
702
706
692
701
3768700
701
702
707
688
688
2461800
688
682
698
676
696
2331800
696
699
703
689
693
1190800
693
694
701
687
698
1168800
698
698
706
691
705
1019000
705
702
712
688
689
1528300
689
693
697
674
684
1777800
684
688
692
680
685
1633900
685
684
684
658
661
3223400
661
660
667
655
663
3071800
663
666
679
666
675
1410300
675
685
698
678
692
1660200
692
685
686
668
675
1473600
675
675
675
661
667
1654100
667
677
693
676
685
2657100
685
684
694
677
688
1886600
688
694
699
688
688
1036400
688
694
704
692
701
1506800
701
697
700
681
684
1929400
684
677
682
672
672
1828300
672
680
695
678
692
1522900
692
699
706
698
705
1453100
705
711
719
702
718
2193200
718
725
729
719
728
2115400
728
721
725
711
713
1690300
713
716
721
711
717
1854500
717
720
741
712
731
3606700
731
725
730
705
707
1957900
707
705
706
692
700
1756300
700
692
701
687
688
1505200
688
682
690
674
680
2044700
680
682
687
677
683
2221700
683
683
687
678
680
1411700
680
678
678
662
664
2343700
664
660
661
640
642
2514500
642
646
660
644
660
1700600
660
653
660
645
652
2179200
652
637
640
626
637
3233500
637
645
647
638
640
2118000
640
642
653
641
641
1241300
641
636
636
625
630
1615400
630
630
651
628
649
1706700
649
650
652
640
641
1733800
641
641
641
630
636
1455100
636
641
660
641
656
1772100
656
664
668
660
661
1348500
661
661
677
661
674
1637100
674
680
687
672
676
1352900
676
666
689
666
686
2499500
686
635
647
615
623
7053200
623
621
622
601
608
3840800
608
603
617
599
613
4218800
613
611
619
608
612
1975200
612
606
606
596
601
3113500
601
594
599
591
593
2166900
593
600
601
592
597
1819400
597
595
596
572
579
3202300
579
581
590
579
584
1723200
584
591
602
590
599
3231800
599
596
613
591
610
2573600
610
615
616
602
604
3368800
604
605
617
600
615
2884900
615
620
633
620
628
3565900
628
630
635
625
630
2522400
630
623
629
616
627
2079700
627
569
571
542
552
13901000
552
552
556
535
537
10777500
537
540
542
531
536
7747400
536
539
552
536
536
7526200
536
537
541
531
532
3726200
532
530
531
518
519
7864100
519
514
522
513
513
4350800
513
508
511
502
505
4392300
505
504
509
499
501
4032300
501
483
492
480
490
5958100
490
488
504
487
503
5263900
503
500
503
495
497
3128000
497
493
504
492
503
3093900
503
508
512
504
507
2970600
507
506
509
494
495
2469500
495
488
491
482
485
3031000
485
482
494
482
491
2436100
491
487
490
481
481
2433800
481
483
488
480
480
2712300
480
467
468
455
457
4249400
457
464
468
453
458
3338800
458
460
471
460
461
2314000
461
457
475
454
471
2531200
471
478
489
474
487
2829700
487
481
490
477
486
3036000
486
490
503
485
500
3822100
500
495
505
490
503
2617100
503
504
507
497
499
2215400
499
500
505
490
493
3232600
493
501
508
496
498
2479500
498
499
501
495
498
1697300
498
488
489
477
480
2805900
480
470
478
462
476
3289100
476
476
492
476
489
2495500
489
487
491
482
486
1947900
486
489
489
472
474
2816100
474
469
474
466
470
2946700
470
463
470
461
465
2477800
465
457
459
447
458
4316500
458
460
460
449
450
2352700
450
454
467
452
465
2343000
465
475
482
469
480
2289300
480
484
490
480
490
2214000
490
494
498
487
488
1893600
488
493
495
487
493
1991800
493
496
505
495
501
2552300
501
503
503
488
491
2603000
491
475
482
471
473
3221500
473
472
472
460
466
2959800
466
471
471
452
457
2844900
457
451
454
439
452
3187100
452
451
451
437
439
3393200
439
441
458
439
452
3274900
452
454
466
449
460
3086900
460
458
460
448
456
3536200
456
454
464
451
453
2697800
453
447
458
441
452
2930000
452
450
459
445
457
2854400
457
451
452
435
437
3840000
437
428
433
413
416
6021300
416
395
403
388
399
4393500
399
399
409
393
402
3834200
402
417
424
413
422
4649700
422
422
442
422
437
3347200
437
