2846.5
2859.5
2807
2836
4153000
2836
2836.5
2843
2815.5
2827
3186800
2827
2855
2855
2798
2799
3403400
2799
2798
2805.5
2777
2783
2611200
2783
2785
2809.5
2776
2782.5
2866500
2782.5
2780
2783
2746
2752
3657600
2752
2752
2816.5
2752
2809
3127300
2809
2807.5
2834
2790
2815
2197700
2815
2820
2829.5
2800
2819.5
3974200
2819.5
2839
2840
2764
2771.5
4320600
2771.5
2782
2820
2779
2805
2345900
2805
2806
2811
2789
2797.5
2256200
2797.5
2766
2799.5
2766
2789
5375400
2789
2778.5
2803
2755.5
2760.5
4797100
2760.5
2740
2765
2710.5
2745
3319900
2745
2775.5
2813
2764
2807
4683800
2807
2820
2836
2804.5
2815.5
3999200
2815.5
2800
2807.5
2720.5
2724.5
3564100
2724.5
2714
2722.5
2655.5
2659
4250500
2659
2666.5
2750.5
2662.5
2748.5
3080200
2748.5
2710.5
2728
2665
2704.5
3408800
2704.5
2646.5
2665
2594.5
2600
3946300
2600
2470
2514.5
2384
2454
8030800
2454
2510.5
2594
2470.5
2473
6890900
2473
2499.5
2536
2488.5
2514.5
4032300
2514.5
2406.5
2449.5
2401
2445
6600800
2445
2473.5
2488.5
2414.5
2422.5
5152600
2422.5
2400
2430.5
2370
2388
4347300
2388
2488
2569.5
2400
2535
7090000
2535
2536.5
2615.5
2536
2574.5
4795100
2574.5
2610
2678.5
2593
2677.5
3105100
2677.5
2672.5
2677.5
2624
2651.5
3495500
2651.5
2633.5
2677.5
2606.5
2660
3903500
2660
2669.5
2684
2615
2629.5
3507400
2629.5
2631.5
2655
2609
2647.5
2512300
2647.5
2675.5
2684.5
2652.5
2667.5
2528700
2667.5
2684
2687
2625
2646
3073200
2646
2638
2664.5
2588.5
2592
3621100
2592
2558.5
2568
2521
2536
3138200
2536
2450
2483.5
2434.5
2459.5
5167500
2459.5
2441.5
2475
2440
2459.5
2232000
2459.5
2550.5
2574
2516.5
2517.5
4433800
2517.5
2497.5
2537.5
2488.5
2517
4200900
2517
2542.5
2547
2451.5
2453.5
4708600
2453.5
2460
2481.5
2419
2425
8140900
2425
2465
2477
2425
2425.5
6465900
2425.5
2431.5
2465.5
2428
2462
5914100
2462
2441.5
2487
2439
2478
4926600
2478
2468.5
2516
2464
2508
4188300
2508
2546
2571
2528
2555
6146900
2555
2504.5
2539
2495.5
2503.5
3886300
2503.5
2478.5
2504.5
2455
2496.5
3503300
2496.5
2546.5
2598
2543.5
2593
5347800
2593
2500
2524.5
2447.5
2468
9512300
2468
2452.5
2547
2450.5
2543.5
5943900
2543.5
2579
2614
2545
2610.5
6619400
2610.5
2558.5
2578
2472
2492
6329900
2492
2549.5
2626
2545
2624
6217200
2624
2633
2654
2611
2644.5
4174200
2644.5
2643
2681.5
2626.5
2646
2324500
2646
2606
2637.5
2590.5
2616
3798700
2616
2629.5
2642.5
2606
2630
3512600
2630
2650
2681
2630
2667.5
3380500
2667.5
2662
2689
2652
2656.5
3810100
2656.5
2677
2727
2667.5
2708
3785900
2708
2710
2717
2621.5
2622.5
4345300
2622.5
2599
2600.5
2534
2589.5
4925600
2589.5
2590
2627.5
2571.5
2598
3302500
2598
2614.5
2619.5
2523
2525.5
4457500
2525.5
2567.5
2596.5
2551.5
2579
2611600
2579
2571
2595.5
2568
2573.5
3122400
2573.5
2585.5
2663
2582
2655.5
3871700
2655.5
2684
2692.5
2572.5
2574
4803700
2574
2610
2610
2567.5
2572
3601700
2572
2570.5
2593.5
2548.5
2550
3018700
2550
2562.5
2605
2558.5
2598.5
3336400
2598.5
2571
2580
2527.5
2550
3043900
2550
2562.5
2577
2534
2547
2850200
2547
2578.5
2583
2527
2527
3295800
2527
2530.5
2577.5
2525.5
2567.5
3153200
2567.5
2575
2597.5
2558
2593
2590600
2593
2600
2610.5
2579
2605
2310900
2605
2595
2642
2570
2637.5
2783100
2637.5
2650
2731.5
2607.5
2717
5415200
2717
2760
2799.5
2759
2771
4614300
2771
2800
2808.5
2785.5
2801
4379900
2801
2805
2827
2787.5
2815
3117400
2815
2807.5
2849.5
2648
2745
7986800
2745
2792.5
2869.5
2750
2865
7674000
2865
2880
2900
2832.5
2900
6112900
2900
2905
2926.5
2880.5
2897
4924900
2897
2900.5
2946.5
2894
2942
3948600
2942
2945
2963
2909.5
2913.5
4019700
2913.5
2950
3006
2925.5
2993.5
7158000
2993.5
2993
3007
2981.5
3001
4325000
3001
3005
3059
2992
3032
4212500
3032
3032
3062
3002
3019
3276800
3019
3002
3011
2954
2978
4485600
2978
2931.5
2959.5
2913
2938.5
4311900
2938.5
2988.5
3036
2941.5
3030
10161800
3030
3022
3069
3003
3035
4618800
3035
3044
3050
3002
3020
2915400
3020
3049
3049
3005
3016
2999600
3016
3012
3012
2961.5
2983
3849100
2983
3011
3034
2971
2989
3879500
2989
2973.5
3027
2963.5
3009
4637800
3009
3020
3069
3012
3056
2856100
3056
3099
3138
3081
3124
4689500
3124
3130
3191
3126
3187
4011400
3187
3197
3215
3167
3173
4048000
3173
3173
3193
3133
3182
3095600
3182
3154
3184
3144
3179
2102700
3179
3140
3182
3088
3088
3734900
3088
3119
3138
3087
3132
2987700
3132
3147
3223
3134
3205
3482300
3205
3204
3214
3178
3187
3831600
3187
3196
3197
3137
3146
2356900
3146
3107
3117
3057
3068
3881700
3068
3057
3109
3045
3060
3703300
3060
3046
3086
3022
3071
3646600
3071
3075
3083
3027
3066
3071500
3066
3066
3105
3019
3029
3193400
3029
3059
3137
3037
3086
4197600
3086
2981
3025
2932.5
3007
4725300
3007
3020
3063
2996.5
3042
4428900
3042
3010
3017
2955
2996.5
4466600
2996.5
3019
3054
2981.5
3050
2735500
3050
3064
3115
3051
3093
3760700
3093
3000
3052
2912.5
2950.5
5917100
2950.5
2996
3038
2970.5
2978
3785500
2978
3028
3138
3013
3127
4374300
3127
3151
3194
3135
3179
2893000
3179
3195
3199
3144
3151
2292400
3151
3148
3231
3144
3207
4482400
3207
3194
3224
3150
3200
3158500
3200
3150
3192
3142
3155
2771000
3155
3173
3178
3125
3139
2414000
3139
3163
3185
3148
3164
1961600
3164
3195
3210
3158
3166
2701300
3166
3184
3205
3164
3205
1578000
3205
3150
3159
3093
3095
2609900
3095
3051
3071
3002
3055
4422600
3055
3072
3104
3061
3080
3166200
3080
3100
3148
3093
3101
2623200
3101
3100
3136
3078
3101
2275100
3101
3070
3108
3058
3074
1742300
3074
3106
3117
3084
3106
1954700
3106
3082
3125
3052
3056
2481700
3056
3050
3091
3030
3078
2194500
3078
3100
3100
3028
3035
4162300
3035
3186
3355
3184
3213
10521200
3213
3245
3254
3126
3254
4937100
3254
3250
3304
3207
3303
4099600
3303
3305
3329
3260
3290
5434000
3290
3303
3345
3278
3278
3398100
3278
3300
3307
3227
3253
2486200
3253
3225
3262
3205
3221
3360700
3221
3233
3293
3229
3290
2993900
3290
3300
3336
3278
3328
3840600
3328
3344
3440
3331
3433
4042400
3433
3445
3469
3421
3457
3052800
3457
3483
3484
3430
3430
3718800
3430
3432
3455
3395
3399
3474600
3399
3419
3430
3342
3380
19936200
3380
3378
3396
3358
3387
4037600
3387
3368
3411
3324
3396
2560400
3396
3420
3454
3385
3391
3529000
3391
3379
3426
3354
3410
3068000
3410
3384
3421
3374
3410
2798500
3410
3401
3429
3380
3411
2441100
3411
3380
3424
3369
3415
2517400
3415
3465
3519
3439
3510
4745700
3510
3510
3530
3469
3517
4484900
3517
3520
3573
3491
3500
4800100
3500
3528
3616
3501
3540
7942900
3540
3531
3533
3463
3468
6976400
3468
3580
3680
3570
3665
7125300
3665
3680
3709
3647
3690
6035900
3690
3693
3748
3658
3685
11240900
3685
3735
3798
3712
3793
6750100
3793
3812
3839
3781
3817
5460000
3817
3730
3778
3681
3685
5708300
3685
3771
3815
3743
3792
5970000
3792
3795
3845
3776
3826
3528000
3826
3840
3840
3751
3751
4490500
3751
3756
3791
3736
3746
3883300
3746
3770
3777
3671
3687
4541300
3687
3683
3717
3671
3694
3409800
3694
3655
3655
3593
3637
5013800
3637
3670
3683
3588
3620
3837400
3620
3512
3545
3425
3440
7069900
3440
3385
3502
3379
3469
6257900
3469
3432
3480
3405
3410
4074300
3410
3374
3392
3303
3335
5085700
3335
3362
3398
3343
3380
4705100
3380
3418
3433
3303
3321
3814800
3321
3253
3314
3240
3308
3897400
3308
3298
3329
3240
3311
2554600
3311
3295
3295
3206
3213
4240300
3213
3215
3251
3147
3191
4920000
3191
3090
3107
2968.5
2996.5
8737000
2996.5
3000
3025
2835
2846.5
10389600
2846.5
2846
2868.5
2697.5
2701.5
7720900
2701.5
2698
2893.5
2688.5
2870
14675500
2870
2966.5
3040
2926.5
3037
10843200
3037
3086
3103
2959
2984
6277200
2984
3000
3093
2984
3087
5955400
3087
3042
3069
2974
2992
4205100
2992
2994.5
3019
2988.5
3010
3291300
3010
3029
3046
2998
3016
4075700
3016
3156
3202
3125
3188
6401700
3188
3210
3224
3057
3062
5270200
3062
3053
3097
3018
3028
3387300
3028
2937
3003
2893
2957.5
5647400
2957.5
3105
3117
2831
2866
8944700
2866
2916
3024
2907
3022
6291700
3022
3050
3077
2984.5
3021
4439300
3021
2991
3077
2975
3066
2875700
3066
2994
2995.5
2880
2884
4905000
2884
2740
2876
2739
2861.5
5251400
2861.5
2881
2930
2857
2921
2991700
2921
2903.5
2909
2837.5
2837.5
4916000
2837.5
2870.5
2884
2785.5
2795
4252100
2795
2859.5
2943
2844
2938
6393100
2938
3014
3126
3013
3083
6779300
3083
3060
3136
3050
3123
7563700
3123
3200
3246
3123
3242
5551000
3242
3200
3220
3078
3078
6250400
3078
3022
3141
3018
3092
3801800
3092
3072
3077
2983
3007
4857300
3007
3035
3105
3031
3082
3970000
3082
2951
3032
2951
2995
4596200
2995
3028
3064
2991.5
3008
4690900
3008
3056
3133
3047
3110
4883200
3110
3150
3158
3064
3119
3345100
3119
3093
3117
3017
3017
6797300
3017
3019
3023
2952
2991.5
2899600
2991.5
2897
2903.5
2780
2787
6783400
2787
2756.5
2769
2694.5
2757
8221700
2757
2701
2785.5
2680.5
2704
7484200
2704
2729.5
2736
2653.5
2705
8835900
2705
2584.5
2598.5
2530
2541.5
5615100
2541.5
2574.5
2628.5
2527.5
2598
5155900
2598
2748
2784.5
2701
2759.5
5599100
2759.5
2671
2691.5
2606.5
2662.5
7169500
2662.5
