7630
7730
7620
7720
233200
7720
7800
7880
7740
7790
179700
7790
7850
7990
7840
7900
198400
7900
7880
7920
7780
7810
146100
7810
7800
7960
7760
7930
153700
7930
7890
7960
7820
7890
241800
7890
7930
8050
7840
7870
240000
7870
7870
7980
7820
7970
193300
7970
7900
7980
7850
7940
158100
7940
8080
8140
7900
7940
300300
7940
7960
8000
7860
7980
197900
7980
8020
8040
7940
8040
152900
8040
8070
8120
8050
8120
206300
8120
8050
8110
7850
7890
289800
7890
7750
7790
7620
7640
294000
7640
7720
7740
7560
7610
203500
7610
7690
7760
7650
7760
198200
7760
7730
7740
7490
7530
182000
7530
7570
7600
7480
7490
233600
7490
7750
7820
7660
7790
289000
7790
7670
7690
7400
7510
375500
7510
7250
7290
7140
7180
313700
7180
6750
6870
6530
6780
496900
6780
7080
7110
6760
6780
401700
6780
6830
6910
6720
6880
263400
6880
6550
6650
6510
6560
420100
6560
6690
6690
6380
6400
332900
6400
6370
6430
6170
6260
398400
6260
6400
6500
6310
6440
306300
6440
6390
6540
6360
6420
241800
6420
6490
6630
6460
6630
219900
6630
6630
6630
6480
6560
198900
6560
6560
6750
6530
6630
244300
6630
6580
6620
6510
6600
229800
6600
6680
6780
6660
6750
266800
6750
6870
6980
6780
6800
282400
6800
6870
7010
6860
6940
253700
6940
6870
6890
6790
6820
220000
6820
6760
6780
6530
6550
285100
6550
6350
6410
6290
6320
403700
6320
6220
6270
6150
6200
206800
6200
6380
6460
6360
6370
173000
6370
6330
6430
6280
6360
317600
6360
6460
6470
6260
6310
267400
6310
6380
6550
6340
6400
337700
6400
6600
6690
6560
6640
288700
6640
6540
6580
6470
6570
226400
6570
6470
6690
6450
6670
319700
6670
6630
6690
6310
6570
519600
6570
6660
6660
6490
6520
169800
6520
6440
6520
6370
6390
194100
6390
6300
6370
6260
6330
194300
6330
6320
6410
6290
6390
244100
6390
6090
6090
5890
5920
515100
5920
5820
5950
5760
5950
320500
5950
6000
6110
5960
6070
490600
6070
5920
6000
5890
5970
270100
5970
6070
6170
6060
6120
265400
6120
6240
6300
6200
6260
193400
6260
6240
6300
6180
6180
130700
6180
6040
6070
5910
5980
309700
5980
6020
6070
5840
5900
341300
5900
6000
6010
5800
5870
434200
5870
5900
5990
5780
5790
332900
5790
5790
5810
5680
5720
264700
5720
5690
6000
5650
5950
396000
5950
6050
6110
6030
6040
228600
6040
5950
6000
5800
5810
209500
5810
5890
6050
5870
5960
270500
5960
5950
6010
5860
5910
176100
5910
5900
5940
5850
5890
146800
5890
5990
6160
5960
6120
268700
6120
6140
6280
6140
6260
230800
6260
6260
6260
6120
6190
191300
6190
6230
6290
6200
6260
148400
6260
6300
6470
6280
6450
219900
6450
6320
6320
6200
6320
202900
6320
6360
6380
6310
6340
209500
6340
6280
6300
6140
6270
255800
6270
6970
6970
6550
6790
941300
6790
6850
6920
6780
6800
352000
6800
6810
6830
6620
6740
285100
6740
6790
6820
6720
6740
188900
6740
6810
6850
6730
6780
270700
6780
6890
6950
6820
6880
258200
6880
6860
6910
6790
6880
291300
6880
6800
6980
6780
6960
212600
6960
6870
7020
6870
7000
268000
7000
6950
7040
6940
6960
258800
6960
7050
7060
6980
7010
197400
7010
7060
7070
6910
7000
230400
7000
6960
7050
6950
7010
126200
7010
7100
7140
6980
7020
237500
7020
6960
7050
6910
6920
290100
6920
6880
6880
6640
6690
246800
6690
6590
6620
6480
6530
358900
6530
6550
6650
6420
6430
208200
6430
6370
6430
6300
6360
202600
6360
6220
6240
6140
6210
354900
6210
6350
6380
6270
6370
360400
6370
6390
6520
6380
6480
337600
6480
6580
6660
6530
6620
281000
6620
6720
6730
6600
6680
258700
6680
6600
6610
6340
6420
452800
6420
6520
6650
6520
6590
267800
6590
6610
6630
6460
6480
332100
6480
6080
6360
6020
6300
385800
6300
6390
6390
6190
6200
382000
6200
6200
6280
6170
6250
203900
6250
6160
6220
6080
6100
343500
6100
6140
6150
6000
6020
215500
6020
5970
5970
5800
5840
239500
5840
5810
5930
5710
5730
271400
5730
5730
5890
5630
5870
383700
5870
5860
5960
5810
5890
237200
5890
5770
5840
5700
5790
263300
5790
5880
5910
5720
5750
274400
5750
5650
5840
5580
5820
285200
5820
5830
5890
5630
5700
334200
5700
5680
5810
5660
5780
244100
5780
5800
5860
5700
5860
271200
5860
5800
5870
5630
5660
354200
5660
5710
5730
5580
5660
261100
5660
5560
5600
5510
5570
275800
5570
5530
5650
5510
5560
235300
5560
5640
5700
5550
5660
381900
5660
5670
5770
5670
5760
213600
5760
5860
6000
5850
5950
398000
5950
5890
5890
5640
5830
392500
5830
5840
5920
5740
5900
242600
5900
6120
6330
5950
6050
570900
6050
6010
6010
5780
5800
400500
5800
5890
5930
5860
5860
189000
5860
5950
6070
5920
6000
219700
6000
6060
6060
5820
5890
284300
5890
5830
5880
5730
5800
268300
5800
5870
5960
5810
5950
236400
5950
6120
6270
6060
6130
309500
6130
6190
6190
5990
6040
468000
6040
6060
6130
6010
6100
202900
6100
6160
6190
6110
6160
243300
6160
6120
6290
6100
6280
374300
6280
6210
6310
6150
6220
388200
6220
6180
6240
6030
6070
308900
6070
6120
6190
6080
6180
203900
6180
6110
6190
6100
6150
128000
6150
6180
6310
6170
6270
193300
6270
6370
6590
6370
6400
564900
6400
6380
6460
6290
6430
234900
6430
6450
6450
6200
6210
380400
6210
6110
6140
5970
6000
246600
6000
6100
6160
6080
6150
248400
6150
6250
6280
6040
6080
243600
6080
5980
6210
5900
6190
316600
6190
6260
6340
6180
6300
241000
6300
6360
6400
6300
6310
232900
6310
6260
6380
6250
6350
263100
6350
6350
6530
6270
6500
321700
6500
6550
6550
6340
6360
240400
6360
6420
6430
6300
6350
225500
6350
6410
6540
6360
6500
172100
6500
6570
6650
6490
6500
204800
6500
6540
6600
6510
6530
194500
6530
6630
6690
6470
6540
328400
6540
6390
6470
6330
6420
264200
6420
6370
6380
6230
6260
218000
6260
6280
6380
6260
6310
200100
6310
6240
6260
6020
6140
334600
6140
6110
6160
6060
6120
187400
6120
6010
6020
5900
5920
272700
5920
5850
5990
5850
5920
185100
5920
6020
6040
5900
5930
161900
5930
5870
5880
5580
5640
497900
5640
5660
5690
5540
5620
503200
5620
5710
6020
5690
5970
529400
5970
5770
6000
5710
5970
697100
5970
6170
6270
6110
6200
363100
6200
6300
6470
6300
6410
453300
6410
6470
6660
6450
6640
397100
6640
6620
6620
6390
6450
360700
6450
6410
6500
6320
6400
296600
6400
6330
6390
6250
6270
308000
6270
6420
6490
6270
6310
420000
6310
6350
6400
6250
6400
240200
6400
6500
6620
6460
6520
374500
6520
6460
6490
6380
6410
226900
6410
6380
6530
6350
6360
326000
6360
6350
6420
6220
6310
279600
6310
6180
6190
6070
6130
310200
6130
6150
6190
5980
6040
343600
6040
5740
5890
5720
5870
562500
5870
5930
6190
5890
6160
623700
6160
6070
6110
5960
5980
413300
5980
5920
6210
5910
6200
330900
6200
6230
6280
6120
6160
514400
6160
6150
6150
5800
5840
656400
5840
5740
5870
5660
5850
391600
5850
5780
5880
5690
5860
273200
5860
5820
5850
5680
5700
317900
5700
5730
5750
5610
5660
291500
5660
5460
5510
5320
5460
377900
5460
5480
5530
5310
5420
428100
5420
5450
5590
5450
5550
397300
5550
5310
5590
5310
5530
851700
5530
5530
5690
5530
5650
397300
5650
5650
5730
5630
5650
391500
5650
5720
6150
5700
6070
628900
6070
6000
6130
5960
6020
328700
6020
6040
6090
5930
5960
283000
5960
6000
6160
5870
5900
346100
5900
6100
6130
5730
5760
521800
5760
5750
5780
5530
5560
464100
5560
5510
5650
5470
5600
296900
5600
5450
5530
5320
5520
388000
5520
5540
5600
5440
5560
269700
5560
5490
5630
5490
5560
248700
5560
5510
5560
5340
5360
314200
5360
5400
5500
5380
5390
153700
5390
5270
5360
5220
5350
231700
5350
5220
5400
5200
5370
237500
5370
5380
5430
5270
5300
235900
5300
5260
5410
5230
5390
286100
5390
5430
5480
5340
5420
197100
5420
5450
5640
5440
5630
265600
5630
5700
5780
5660
5680
218900
5680
5670
5690
5630
5650
168600
5650
5770
5930
5750
5840
300200
5840
5870
5940
5720
5760
363000
5760
5620
5720
5590
5650
256800
5650
5550
5610
5450
5530
343100
5530
5500
5530
5360
5430
301400
5430
5330
5370
5220
5330
278600
5330
5310
5340
5100
5140
378100
5140
5190
5340
5120
5260
352600
5260
5330
5410
5240
5340
248700
5340
5270
5310
5140
5180
380300
5180
5190
5270
5090
5100
244700
5100
4960
5100
4940
5020
320700
5020
5050
5160
4985
5100
275000
5100
5020
5080
4945
4985
360600
4985
4905
5050
4890
4985
429700
4985
4845
4895
4775
4805
372000
4805
4945
5030
4805
4945
683300
4945
5170
5190
5070
5130
447900
5130
5140
5360
5120
5260
522600
5260
