4150
4280
4143
4279
7587200
4279
4288
4294
4235
4276
4256400
4276
4360
4390
4333
4346
4036400
4346
4343
4408
4336
4400
4127100
4400
4350
4459
4346
4445
3733700
4445
4450
4472
4433
4438
4696900
4438
4470
4475
4384
4416
3404500
4416
4420
4423
4352
4366
4249800
4366
4344
4405
4282
4394
4911400
4394
4418
4422
4319
4320
4263400
4320
4331
4360
4317
4337
3703400
4337
4313
4325
4273
4290
3443500
4290
4302
4374
4274
4322
6290900
4322
4267
4288
4212
4233
4503700
4233
4138
4235
4121
4194
4766500
4194
4195
4310
4195
4254
5721600
4254
4141
4241
4119
4184
7111800
4184
4254
4343
4236
4254
7793800
4254
4200
4308
4163
4235
6725700
4235
4298
4334
4261
4315
5940900
4315
4277
4286
4172
4200
6117800
4200
4066
4141
4042
4059
6779600
4059
3860
3950
3844
3947
8138100
3947
4129
4209
4054
4057
7963600
4057
4053
4174
4034
4153
5416100
4153
3966
3987
3887
3916
8256900
3916
3951
3975
3824
3832
6172500
3832
3836
3897
3806
3849
4743700
3849
3936
4043
3922
4001
5922800
4001
4030
4047
3979
3992
4998300
3992
4058
4085
4010
4085
2636700
4085
4061
4065
3976
4006
3616100
4006
4006
4033
3968
3999
3078900
3999
3965
3967
3921
3934
3432000
3934
3948
3982
3905
3975
2906600
3975
3993
4012
3963
3990
2830600
3990
4015
4022
4002
4011
3538500
4011
3992
3996
3915
3916
5624800
3916
3869
3887
3754
3763
7702100
3763
3638
3734
3634
3704
5959000
3704
3634
3681
3620
3627
3734600
3627
3697
3705
3665
3672
3366300
3672
3607
3649
3585
3589
6390200
3589
3603
3608
3475
3498
7013700
3498
3552
3634
3543
3587
8136900
3587
3657
3692
3637
3681
4327600
3681
3655
3700
3615
3698
3061300
3698
3630
3689
3612
3642
4417200
3642
3600
3600
3547
3582
4620900
3582
3609
3620
3565
3570
4893900
3570
3564
3635
3556
3564
2826000
3564
3538
3570
3492
3556
3084200
3556
3696
3711
3662
3706
6183700
3706
3525
3556
3442
3472
9036200
3472
3416
3420
3330
3395
8189000
3395
3500
3594
3468
3567
6916700
3567
3479
3518
3456
3505
4562700
3505
3572
3590
3473
3505
3774600
3505
3563
3568
3522
3547
2438700
3547
3550
3605
3533
3533
2892700
3533
3486
3531
3456
3516
2946500
3516
3546
3549
3446
3479
4136200
3479
3521
3544
3493
3512
3111200
3512
3518
3537
3469
3472
3701700
3472
3457
3476
3414
3441
2943800
3441
3431
3558
3409
3542
6283400
3542
3603
3655
3587
3607
4746700
3607
3580
3582
3483
3491
3692400
3491
3533
3614
3524
3591
4214600
3591
3606
3619
3552
3592
2738400
3592
3575
3594
3553
3565
2785500
3565
3594
3662
3593
3629
3820900
3629
3687
3759
3681
3731
5694800
3731
3715
3727
3675
3708
5295400
3708
3747
3822
3715
3790
5691300
3790
3880
3917
3831
3899
6860900
3899
3778
3779
3714
3768
8173600
3768
3808
3817
3742
3759
4959100
3759
3859
3868
3708
3750
7979900
3750
3716
3719
3647
3665
5637000
3665
3674
3677
3593
3633
5279200
3633
3607
3615
3534
3551
6237600
3551
3630
3667
3599
3605
4861800
3605
3591
3595
3546
3570
4091900
3570
3584
3601
3569
3582
2617300
3582
3603
3617
3555
3603
3723700
3603
3598
3670
3595
3664
3072500
3664
3707
3723
3650
3695
4597100
3695
3664
3731
3654
3718
3192300
3718
3749
3758
3727
3740
3160200
3740
3751
3800
3750
3767
2961800
3767
3775
3797
3744
3788
2752800
3788
3825
3857
3775
3797
3471000
3797
3741
3793
3729
3743
2721800
3743
3692
3698
3655
3670
3328200
3670
3659
3676
3615
3628
4076800
3628
3620
3681
3611
3628
3273900
3628
3631
3658
3602
3625
3003800
3625
3530
3573
3507
3555
3934200
3555
3589
3609
3563
3587
4539600
3587
3586
3586
3490
3491
5666800
3491
3530
3550
3496
3530
4700500
3530
3536
3537
3483
3493
3856300
3493
3462
3467
3427
3463
5051600
3463
3515
3586
3511
3561
5559700
3561
3545
3561
3512
3517
4316600
3517
3522
3549
3484
3528
2810500
3528
3560
3564
3464
3478
4096400
3478
3505
3526
3472
3492
3400600
3492
3464
3491
3439
3445
3895800
3445
3452
3453
3371
3393
5319400
3393
3300
3313
3256
3261
5996200
3261
3200
3252
3180
3180
6701700
3180
3160
3169
3098
3159
7856200
3159
3181
3226
3163
3171
4659900
3171
3101
3127
3076
3112
7039900
3112
3175
3200
3095
3101
3939500
3101
3063
3150
3040
3121
4585000
3121
3107
3126
3061
3080
4052600
3080
3047
3131
3037
3120
4848900
3120
3161
3173
3113
3168
5459000
3168
3200
3232
3112
3122
4478300
3122
3154
3171
3100
3138
5021100
3138
3130
3159
3115
3150
4015600
3150
3160
3213
3158
3182
5955700
3182
3212
3225
3174
3215
4487700
3215
3195
3205
3121
3165
6228800
3165
3213
3219
3175
3178
6509100
3178
3128
3130
3072
3098
5927500
3098
3095
3124
3081
3105
4275200
3105
3160
3184
3146
3177
5441200
3177
3200
3201
3134
3147
4928100
3147
3180
3198
3167
3170
3849100
3170
3199
3268
3196
3246
4732400
3246
3245
3248
3158
3179
5627900
3179
3160
3177
3145
3165
3507800
3165
3200
3346
3200
3337
8721000
3337
3407
3472
3391
3404
7658300
3404
3499
3499
3352
3386
6531000
3386
3432
3453
3392
3441
5046700
3441
3443
3447
3323
3347
7743700
3347
3329
3338
3252
3277
7454700
3277
3375
3393
3341
3362
4523000
3362
3260
3304
3233
3239
6208500
3239
3239
3241
3182
3212
3549600
3212
3201
3232
3193
3206
2787600
3206
3211
3273
3205
3272
3343900
3272
3266
3299
3243
3260
3536300
3260
3246
3250
3195
3203
3303600
3203
3194
3194
3150
3154
3491800
3154
3101
3101
3011
3028
6686100
3028
3059
3069
3026
3069
3898600
3069
3076
3081
2984
3000
5763800
3000
2950
3004
2920.5
2999
6261500
2999
3045
3050
2989.5
3016
3721400
3016
3017
3041
3012
3032
3043700
3032
3031
3048
3023
3027
3236900
3027
3040
3124
3036
3100
4020300
3100
3086
3090
3026
3051
4061800
3051
3020
3025
2965
2997
5412200
2997
3025
3066
3014
3061
4434400
3061
3150
3198
3132
3137
7600800
3137
3149
3189
3144
3189
4566300
3189
3212
3224
3169
3190
5476600
3190
3140
3170
3110
3161
5237900
3161
3150
3174
3135
3142
2462000
3142
3131
3160
3124
3149
2291300
3149
3090
3093
3001
3025
6800000
3025
3023
3079
3022
3071
4205100
3071
3020
3047
2999.5
3004
4866800
3004
2995
3047
2982.5
3011
3070500
3011
3026
3057
3016
3046
3159600
3046
3065
3077
2988.5
3000
3710000
3000
3045
3107
3041
3050
4556300
3050
3075
3131
3068
3111
6563100
3111
3073
3180
3065
3163
4338200
3163
3268
3328
3248
3282
7662800
3282
3380
3411
3354
3396
9261000
3396
3460
3525
3450
3511
11627300
3511
3480
3482
3417
3467
7448000
3467
3430
3449
3368
3408
6164800
3408
3405
3444
3389
3397
3596500
3397
3458
3492
3424
3456
4895500
3456
3455
3467
3411
3422
3927100
3422
3450
3471
3365
3384
6206800
3384
3405
3454
3387
3390
4225200
3390
3500
3523
3420
3448
5803600
3448
3389
3435
3362
3400
4490500
3400
3379
3403
3344
3390
6140500
3390
3425
3427
3361
3382
4486500
3382
3210
3254
3191
3209
8831800
3209
3232
3294
3224
3283
6073900
3283
3259
3268
3196
3224
4391000
3224
3235
3247
3206
3240
3381400
3240
3279
3304
3255
3268
2833100
3268
3232
3240
3172
3173
4117000
3173
3073
3079
3028
3074
7329700
3074
3050
3084
3031
3068
5012400
3068
3004
3007
2914
2930
8451000
2930
2880
2886
2783
2784.5
14517500
2784.5
2699
2744
2690
2726.5
9479300
2726.5
2775
2787.5
2626
2668
11226100
2668
2668
2708.5
2627.5
2630.5
8242900
2630.5
2661.5
2803.5
2644
2793
14358300
2793
2893
2949.5
2860
2944.5
10536800
2944.5
2971
2980
2915
2928
5763300
2928
2990
3177
2979
3125
11722300
3125
3079
3160
3065
3134
7514300
3134
3149
3176
3127
3136
4997900
3136
3162
3243
3113
3127
6400900
3127
3265
3275
3157
3163
5595000
3163
3171
3208
3095
3103
5167200
3103
3077
3136
3068
3115
4442800
3115
3045
3066
3002
3062
5201200
3062
3031
3047
2983
2993.5
6007800
2993.5
2963
2981
2905
2942
5012200
2942
2985
3034
2924.5
2927
4455600
2927
2890
2946.5
2878.5
2942.5
2902500
2942.5
2868
2928
2851.5
2894.5
3127900
2894.5
2806
2888.5
2783
2873
5152500
2873
2900
2911
2841.5
2870.5
4158200
2870.5
2870.5
2912.5
2844.5
2903
3429700
2903
2932
2972
2903
2943
3415700
2943
2962.5
2984.5
2916.5
2960.5
4269100
2960.5
3031
3044
2974
3012
4933000
3012
3002
3052
2992.5
3033
6577800
3033
3142
3142
3043
3058
5902600
3058
3050
3055
2922.5
2943
5730400
2943
2871.5
2949.5
2865.5
2913
4741100
2913
2875
2875
2754.5
2800.5
8756100
2800.5
2813
2841.5
2748
2759
5410700
2759
2651.5
2664.5
2600
2615
9497500
2615
2592.5
2592.5
2503
2532
10211700
2532
2547.5
2615
2527
2588.5
7609100
2588.5
2618
2675
2597
2651.5
5970900
2651.5
2630
2651.5
2586
2610
5862800
2610
2600
2649.5
2570.5
2571
4718200
2571
2503
2566
2481
2537.5
5591100
2537.5
2496.5
2540.5
2451
2522.5
6848900
2522.5
2487
2521
2404
2420
6344800
2420
2399
2416.5
2369
2381
8045800
2381
2262
2305.5
2246.5
2255.5
5799100
2255.5
2275
2298.5
2250
2297.5
5936300
2297.5
2434
2439.5
2350.5
2368
5666000
2368
2355.5
2399.5
2348.5
2365.5
4136100
2365.5
