4195
4270
4180
4250
1947500
4250
4290
4290
4225
4280
926000
4280
4350
4385
4330
4345
882200
4345
4310
4365
4305
4340
469700
4340
4380
4450
4370
4440
1008400
4440
4480
4540
4470
4480
1291500
4480
4500
4520
4390
4420
972900
4420
4420
4430
4385
4430
527000
4430
4380
4430
4360
4415
1016700
4415
4465
4470
4320
4335
1350000
4335
4365
4410
4340
4405
820300
4405
4400
4405
4340
4385
505100
4385
4430
4520
4415
4495
870600
4495
4445
4465
4350
4370
822700
4370
4300
4380
4270
4340
737800
4340
4370
4410
4355
4385
871200
4385
4410
4490
4370
4485
1373000
4485
4750
4900
4710
4800
5125700
4800
4800
4935
4760
4885
2255800
4885
4900
4905
4745
4780
1937500
4780
4780
4820
4665
4725
1321800
4725
4595
4640
4555
4575
1668200
4575
4365
4455
4245
4370
2766300
4370
4560
4580
4440
4450
1927400
4450
4425
4560
4425
4525
1144800
4525
4385
4425
4265
4295
1976900
4295
4365
4365
4195
4205
1229000
4205
4250
4295
4170
4235
1330300
4235
4290
4450
4285
4430
1307000
4430
4490
4510
4420
4470
1073400
4470
4520
4580
4490
4570
850400
4570
4590
4590
4475
4505
920100
4505
4505
4585
4490
4545
1383000
4545
4490
4510
4425
4455
849200
4455
4480
4605
4465
4595
925000
4595
4650
4735
4620
4730
1179500
4730
4795
4805
4705
4730
1060500
4730
4695
4705
4580
4595
1243400
4595
4665
4665
4345
4375
2355000
4375
4235
4265
4170
4220
2168700
4220
4165
4180
4090
4110
923000
4110
4205
4270
4200
4220
987700
4220
4190
4230
4135
4200
1473700
4200
4235
4245
4050
4080
1607200
4080
4145
4265
4145
4205
2078200
4205
4320
4385
4310
4360
1194900
4360
4305
4410
4290
4410
958800
4410
4350
4485
4345
4390
1408400
4390
4320
4325
4230
4255
1173300
4255
4300
4300
4190
4200
1198900
4200
4165
4225
4140
4190
827900
4190
4120
4180
4095
4155
895700
4155
4250
4325
4250
4295
1142900
4295
4085
4085
3965
3980
2411500
3980
3935
3990
3875
3990
1252100
3990
4100
4120
4015
4100
1625300
4100
3990
4055
3980
4040
950600
4040
4090
4105
4020
4060
915200
4060
4125
4150
4075
4105
793300
4105
4135
4185
4120
4120
514500
4120
4040
4080
4015
4065
858800
4065
4080
4085
3930
3955
1231700
3955
4020
4060
3965
3985
900600
3985
3975
3990
3930
3935
1088400
3935
3895
3930
3845
3875
920200
3875
3855
4070
3825
4055
1659600
4055
4100
4150
4065
4070
1064000
4070
4045
4045
3940
3950
742300
3950
3990
4090
3975
4030
946100
4030
4060
4075
4000
4010
662500
4010
3990
4020
3945
3975
748200
3975
3980
4100
3970
4075
1041400
4075
4105
4260
4100
4190
1256600
4190
4190
4240
4155
4220
916700
4220
4225
4320
4210
4275
1072300
4275
4345
4410
4330
4390
1016300
4390
4220
4255
4155
4235
1685600
4235
4295
4325
4235
4265
1057300
4265
4100
4175
3945
3985
2409100
3985
3980
4015
3890
4000
1640500
4000
4030
4060
3955
4000
1032000
4000
4015
4015
3940
3985
1091800
3985
4025
4040
3970
3980
874100
3980
4015
4025
3960
3990
905800
3990
3975
4025
3965
3970
701600
3970
3950
4035
3940
4025
897600
4025
4010
4095
4005
4080
721900
4080
4120
4170
4105
4130
875700
4130
4130
4170
4105
4145
579800
4145
4145
4210
4140
4160
707800
4160
4170
4210
4170
4185
669200
4185
4200
4325
4195
4300
1006600
4300
4350
4380
4240
4300
711300
4300
4250
4290
4170
4225
938900
4225
4170
4170
4035
4065
1098800
4065
4075
4125
4040
4060
591900
4060
4035
4075
4000
4025
520800
4025
4035
4065
3965
4020
964200
4020
3950
3960
3885
3955
1436500
3955
4015
4050
3980
4020
1252200
4020
3975
3975
3905
3910
1294200
3910
3945
4025
3910
4010
1040800
4010
4045
4055
3970
4010
697300
4010
4030
4070
3990
4045
966700
4045
4075
4180
4060
4150
1320500
4150
4110
4140
3920
3930
2447400
3930
3870
3895
3830
3860
1151500
3860
3900
3900
3780
3800
1684900
3800
3780
3865
3755
3765
1080300
3765
3725
3775
3715
3735
1283800
3735
3755
3775
3680
3720
1310100
3720
3690
3695
3585
3615
1351100
3615
3585
3635
3555
3560
1183500
3560
3570
3600
3470
3595
1365700
3595
3630
3690
3580
3640
1317500
3640
3575
3600
3520
3545
1736200
3545
3660
3675
3525
3535
1217100
3535
3465
3575
3425
3565
1084200
3565
3540
3565
3475
3500
896200
3500
3435
3485
3405
3470
1610200
3470
3520
3605
3490
3600
1496500
3600
3565
3615
3480
3490
1185900
3490
3510
3525
3395
3470
1423200
3470
3435
3475
3410
3445
754900
3445
3455
3490
3405
3435
1117400
3435
3505
3560
3460
3545
1685500
3545
3530
3530
3375
3455
1439300
3455
3525
3605
3515
3560
1536900
3560
3510
3520
3400
3435
1579700
3435
3410
3500
3395
3475
1338000
3475
3540
3600
3515
3585
1353100
3585
3595
3600
3530
3555
935700
3555
3640
3660
3615
3615
837200
3615
3655
3690
3630
3665
935300
3665
3670
3675
3535
3575
1528800
3575
3530
3590
3500
3580
1076100
3580
3650
3805
3645
3800
1890600
3800
3875
3915
3865
3895
1620900
3895
4035
4035
3770
3795
2869800
3795
3825
3860
3780
3815
1125400
3815
3775
3790
3680
3685
1598200
3685
3620
3635
3515
3570
2282800
3570
3640
3725
3625
3710
1565500
3710
3640
3655
3525
3540
1678100
3540
3530
3545
3480
3530
956800
3530
3525
3565
3490
3520
725200
3520
3520
3605
3510
3595
855900
3595
3595
3640
3560
3560
984300
3560
3520
3535
3480
3495
900100
3495
3490
3515
3430
3450
1144100
3450
3370
3395
3295
3305
1192100
3305
3330
3360
3300
3360
841400
3360
3350
3380
3270
3290
698600
3290
3200
3290
3180
3275
1157100
3275
3320
3345
3280
3295
700900
3295
3320
3335
3295
3310
717400
3310
3305
3330
3280
3315
622200
3315
3340
3450
3315
3400
1019200
3400
3380
3385
3295
3320
904300
3320
3315
3315
3225
3280
1036100
3280
3295
3330
3290
3300
636900
3300
3380
3425
3345
3350
1041500
3350
3350
3425
3350
3395
802100
3395
3430
3435
3320
3340
1012300
3340
3290
3340
3255
3320
956200
3320
3315
3340
3260
3290
657800
3290
3300
3350
3300
3320
862900
3320
3225
3240
3160
3200
1491500
3200
3215
3255
3190
3225
1280400
3225
3190
3200
3155
3180
919200
3180
3155
3225
3150
3195
675400
3195
3205
3240
3185
3235
924000
3235
3245
3270
3175
3210
792500
3210
3255
3340
3250
3295
1155600
3295
3360
3385
3300
3360
1874300
3360
3310
3410
3300
3390
1208100
3390
3460
3585
3450
3525
1796900
3525
3605
3730
3605
3710
3029400
3710
3760
3860
3750
3850
2559600
3850
3785
3790
3700
3750
1764400
3750
3745
3785
3700
3770
1239200
3770
3730
3825
3720
3785
1180700
3785
3810
3840
3740
3800
1476300
3800
3850
3905
3785
3805
2114100
3805
3825
3865
3725
3735
1878200
3735
3730
3840
3730
3750
1280300
3750
3795
3850
3780
3825
2057700
3825
3790
3840
3750
3770
1336500
3770
3675
3725
3660
3695
1448300
3695
3720
3750
3655
3685
1111100
3685
3505
3545
3475
3520
2149800
3520
3465
3620
3465
3615
2084500
3615
3550
3585
3465
3545
1446500
3545
3540
3605
3515
3595
1232200
3595
3635
3655
3585
3595
1092800
3595
3530
3570
3495
3505
1053700
3505
3375
3425
3355
3420
2035300
3420
3340
3415
3325
3405
1611900
3405
3335
3355
3225
3235
1926700
3235
3235
3250
3155
3175
2178100
3175
3055
3075
2999
3060
2144900
3060
3110
3165
2902
2906
3566300
2906
2956
2966
2847
2853
2223800
2853
2836
2971
2825
2935
2582400
2935
2935
3030
2901
3010
2074500
3010
3015
3015
2953
2964
1690500
2964
3010
3270
2988
3215
2775900
3215
3145
3210
3110
3170
1466700
3170
3200
3210
3115
3145
1137100
3145
3165
3225
3115
3125
1606500
3125
3250
3315
3200
3205
1436400
3205
3200
3225
3135
3150
1582500
3150
3105
3215
3100
3205
1038200
3205
3020
3100
3010
3095
2019300
3095
3095
3135
3080
3110
1399100
3110
3080
3130
3045
3075
990400
3075
3095
3145
3045
3065
1055300
3065
3055
3105
3045
3065
608600
3065
2998
3040
2985
3015
872200
3015
2915
3010
2891
2995
852900
2995
3015
3030
2973
2990
765200
2990
2974
3070
2956
3060
997500
3060
3080
3110
3035
3080
765900
3080
3100
3135
3080
3110
868400
3110
3180
3215
3120
3150
723900
3150
3150
3190
3110
3135
986700
3135
3255
3280
3195
3205
983700
3205
3200
3205
3065
3080
1137800
3080
3015
3065
2956
2975
1579400
2975
2950
2952
2832
2878
1611700
2878
2914
2941
2805
2821
1191400
2821
2737
2756
2683
2706
1748400
2706
2675
2677
2582
2610
1681200
2610
2631
2699
2597
2673
1856900
2673
2715
2755
2691
2737
1569600
2737
2689
2721
2643
2678
2050600
2678
2706
2733
2634
2636
1147800
2636
2600
2661
2573
2613
1199500
2613
2617
2651
2560
2637
1016600
2637
2603
2614
2489
2506
1398100
2506
2493
2577
2483
2548
1874300
2548
2448
2484
2420
2433
1523900
2433
2443
2488
2403
2457
903100
2457
2546
2569
2510
2536
1167700
2536
2540
2621
2536
2572
983500
2572
