2275
2275
2233
2256.5
3342100
2256.5
2265
2271.5
2244.5
2259.5
2147400
2259.5
2288
2291.5
2264
2283
2756700
2283
2285
2294.5
2268.5
2291.5
3007800
2291.5
2266
2303.5
2243.5
2293.5
2781500
2293.5
2290.5
2307
2266
2286.5
3017900
2286.5
2320
2324.5
2296
2304
2856500
2304
2304
2317.5
2281.5
2315.5
2717600
2315.5
2335
2348.5
2303
2348.5
3339000
2348.5
2364.5
2368
2302
2312
3339900
2312
2320
2324
2297.5
2312
2142200
2312
2291
2303
2281.5
2302
2819600
2302
2313
2364.5
2309
2350
2778800
2350
2337
2346.5
2310.5
2315
1716400
2315
2278
2314
2264
2265.5
3537200
2265.5
2274.5
2303
2269
2271
2399800
2271
2260.5
2270.5
2240.5
2249
2282300
2249
2269
2305
2235.5
2247
3902200
2247
2244
2257
2216
2217
2918500
2217
2264.5
2273
2236.5
2258
2363700
2258
2246
2259
2223
2227.5
2203300
2227.5
2160
2185
2146
2155
3022300
2155
2055
2074.5
2003
2062
5108400
2062
2116
2134.5
2050
2052
4143900
2052
2069
2126.5
2069
2112.5
3906400
2112.5
2030
2060.5
2025.5
2060.5
3520300
2060.5
2110.5
2114
2032.5
2039
3852200
2039
2047.5
2078.5
2021.5
2049
3164500
2049
1987.5
2013.5
1946.5
1972.5
6243100
1972.5
1983
2016
1957
1961.5
4120600
1961.5
1985.5
2039
1971.5
2038.5
2603200
2038.5
2011.5
2013.5
1964.5
1979
2971400
1979
1991
1995.5
1968
1979.5
2521400
1979.5
1960
1961.5
1923.5
1935
2997400
1935
1946.5
2000
1945.5
1993.5
3835000
1993.5
2019
2021
1986.5
2000
2252200
2000
2015
2024.5
2003.5
2013
2299700
2013
1954.5
1986
1942.5
1947
4427500
1947
1938.5
1945.5
1902
1909.5
3252800
1909.5
1861.5
1873.5
1843.5
1864.5
3805200
1864.5
1865
1866.5
1839.5
1851.5
2064600
1851.5
1895
1898
1837.5
1840.5
4542500
1840.5
1832
1851
1820.5
1830
3408900
1830
1847
1851.5
1801.5
1811.5
4837500
1811.5
1835
1848
1801
1815.5
6150300
1815.5
1865
1909
1860
1906
7400300
1906
1880.5
1897
1865.5
1883.5
4027700
1883.5
1864.5
1881
1856.5
1861.5
2634600
1861.5
1831
1854
1820
1852
3111800
1852
1853.5
1854
1825
1829
3647500
1829
1820.5
1839.5
1809
1815.5
1982500
1815.5
1800
1820.5
1793.5
1819.5
1972200
1819.5
1811.5
1821.5
1802
1811.5
2960600
1811.5
1736
1762
1720
1724.5
4463600
1724.5
1707
1773
1707
1772.5
5265300
1772.5
1800
1821
1790.5
1817
4060600
1817
1789.5
1832
1783.5
1829.5
3807300
1829.5
1860
1865.5
1823.5
1845
3944200
1845
1886
1888
1848
1862
2951400
1862
1861.5
1861.5
1835.5
1836
1568100
1836
1803
1840.5
1797
1832.5
2658500
1832.5
1830.5
1835
1812.5
1820
2234000
1820
1828.5
1832
1786
1813.5
3615500
1813.5
1812.5
1831
1808
1813.5
2345200
1813.5
1808.5
1819.5
1797.5
1812.5
2322000
1812.5
1809.5
1859
1798
1852
2654700
1852
1862
1865
1820.5
1824.5
2788800
1824.5
1804.5
1807
1779
1781
3147000
1781
1788.5
1824.5
1785.5
1801
2902200
1801
1818
1832
1806
1815
2565700
1815
1800
1804.5
1787.5
1799
2158700
1799
1807
1831.5
1802
1820.5
2154000
1820.5
1836
1861.5
1826
1828
2066300
1828
1836.5
1847
1821.5
1829
2001200
1829
1831.5
1851.5
1824.5
1845
2340600
1845
1867.5
1873
1845
1863
2400300
1863
1839
1842.5
1818.5
1840
3492300
1840
1852
1862
1840.5
1847
2566600
1847
1880
1882
1844
1849.5
3267800
1849.5
1851
1868.5
1841
1860.5
2517800
1860.5
1863.5
1865
1813.5
1825.5
2675500
1825.5
1825
1825.5
1804
1823
2432100
1823
1822.5
1868
1820.5
1832.5
3011300
1832.5
1840
1846
1819.5
1831
1820400
1831
1824.5
1855
1824
1845
2582600
1845
1881.5
1897
1836
1873.5
4410900
1873.5
1877.5
1904.5
1875
1895
3630700
1895
1909
1940
1905
1927
4552800
1927
1908.5
1908.5
1881
1898.5
3226900
1898.5
1907.5
1918
1892
1910.5
2659800
1910.5
1920.5
1927
1894.5
1903
2362300
1903
1920.5
1946.5
1915
1938
3330600
1938
1945
1954.5
1932
1943.5
2886200
1943.5
1930.5
1930.5
1906.5
1915.5
3467800
1915.5
1900.5
1904
1881
1886.5
2917300
1886.5
1886
1917
1883
1902
3522800
1902
1902
1905
1876.5
1882.5
2454900
1882.5
1885.5
1893.5
1853.5
1868
2131900
1868
1837
1851
1828.5
1845
2850100
1845
1854.5
1856.5
1812.5
1833
9421500
1833
1797.5
1842.5
1794
1825
2995300
1825
1852
1864
1837.5
1840
3097400
1840
1848
1861.5
1818.5
1827.5
2131400
1827.5
1826
1832
1808
1813.5
3046600
1813.5
1832
1851.5
1829.5
1845
4181800
1845
1845
1867
1839
1844.5
4261800
1844.5
1919.5
1919.5
1869
1871.5
3104100
1871.5
1887
1915
1861
1904
4907500
1904
1912
1925
1907.5
1916
3265600
1916
1904.5
1904.5
1866
1869.5
2701600
1869.5
1870
1871
1828.5
1843
5147500
1843
1806
1810
1751.5
1768
6303100
1768
1794
1838
1791
1800
6193800
1800
1781.5
1791
1750
1783
6375500
1783
1786.5
1808.5
1769.5
1799
3363100
1799
1773.5
1814.5
1771.5
1809.5
3359800
1809.5
1829
1830
1800.5
1806
2887500
1806
1800.5
1821
1778
1815.5
2277200
1815.5
1787.5
1808.5
1768
1769.5
3253200
1769.5
1743
1749
1713.5
1741
4958700
1741
1750.5
1755
1734
1743
3327000
1743
1750.5
1784.5
1730
1732
3310900
1732
1761.5
1776.5
1747
1775.5
5614700
1775.5
1759.5
1773
1751
1754
1703700
1754
1754.5
1772.5
1751
1761.5
3972000
1761.5
1769
1785.5
1760.5
1778
2325000
1778
1791.5
1792
1772.5
1780
2443800
1780
1801
1840
1788.5
1804.5
4339600
1804.5
1789.5
1799.5
1770.5
1791
2833300
1791
1791.5
1801.5
1768.5
1781.5
2599000
1781.5
1788.5
1809.5
1784
1799
3289900
1799
1801.5
1816.5
1785
1802.5
3158700
1802.5
1825
1828.5
1800.5
1802.5
1720100
1802.5
1816.5
1831.5
1814.5
1829.5
1979900
1829.5
1846.5
1855.5
1827
1835.5
2998100
1835.5
1840
1857
1830
1834
2713100
1834
1857
1859
1825.5
1849
1669900
1849
1870
1886
1857
1873
2555500
1873
1902.5
1907
1889
1897.5
2857700
1897.5
1897
1904
1880
1893.5
1896400
1893.5
1890
1896.5
1878.5
1879
1338500
1879
1879
1890
1857.5
1869.5
2910700
1869.5
1873.5
1878
1851
1863
2019600
1863
1861.5
1871
1821.5
1834.5
3286400
1834.5
1674.5
1714.5
1647.5
1682.5
8982900
1682.5
1689.5
1709
1689
1699
3586000
1699
1700
1717
1693
1705.5
3531900
1705.5
1706
1729.5
1694
1720.5
3195800
1720.5
1730
1744
1724
1733.5
2631900
1733.5
1719
1725
1707
1711
3326600
1711
1694
1694
1653.5
1656.5
2499300
1656.5
1664
1672
1656
1672
1881400
1672
1680
1685
1647.5
1654
1627500
1654
1640
1650
1621
1640
3899000
1640
1657
1674.5
1652
1661.5
2704600
1661.5
1673
1685
1664
1664
2473400
1664
1660.5
1670
1654
1654
3018700
1654
1667
1688
1667
1682
3394100
1682
1703
1705
1674.5
1682.5
2882200
1682.5
1702.5
1703
1690
1697.5
1614500
1697.5
1713
1733.5
1708
1731.5
2288900
1731.5
1755
1780
1754
1766
3394300
1766
1760
1765.5
1743
1744.5
2341400
1744.5
1757
1769
1737
1744
2433700
1744
1724
1749.5
1719.5
1736.5
1902100
1736.5
1721
1732
1713
1723
1790700
1723
1712
1713
1693.5
1695.5
2215200
1695.5
1693
1704.5
1678
1690
2714500
1690
1694.5
1700
1683
1690.5
1604200
1690.5
1670
1678.5
1657
1675.5
2029500
1675.5
1666.5
1689.5
1664
1682
1866800
1682
1710
1733
1708
1731.5
3613000
1731.5
1750
1779.5
1647
1708
10455200
1708
1698.5
1744
1693
1732.5
3789100
1732.5
1744.5
1790
1741
1790
5067900
1790
1786.5
1824
1774
1802
4310400
1802
1830
1851.5
1824
1848
2822800
1848
1865
1876.5
1850.5
1861
2764400
1861
1877
1883.5
1862
1880.5
4401200
1880.5
1875
1876
1854.5
1873.5
3570400
1873.5
1864.5
1880
1856
1880
2710100
1880
1891.5
1913.5
1886
1896.5
3385500
1896.5
1918
1945.5
1902.5
1931
4461800
1931
1920.5
1943.5
1912.5
1936.5
2393000
1936.5
1950
1977.5
1944.5
1953.5
3722500
1953.5
1949
1958
1935.5
1939
2545700
1939
1960
1973.5
1948
1955
3785000
1955
1952.5
1973
1947
1967
3806300
1967
1957.5
1965.5
1919
1928
3525500
1928
1944.5
1971
1939.5
1962.5
3098900
1962.5
1899.5
1922.5
1829
1846
6312800
1846
1826
1870
1815.5
1867
3669800
1867
1836.5
1862.5
1822
1846
3102700
1846
1830
1880.5
1829.5
1880
2791500
1880
1904
1916
1888.5
1900
2021200
1900
1900.5
1904
1874.5
1890.5
1951800
1890.5
1843
1876
1826.5
1869
2613900
1869
1883.5
1909.5
1851.5
1888.5
4235300
1888.5
1870
1874
1834
1853
3686600
1853
1853
1860
1813
1837.5
3499000
1837.5
1770
1790.5
1755.5
1761.5
3812400
1761.5
1768
1773
1725
1751
3969300
1751
1759.5
1779
1749.5
1755
3036200
1755
1724
1765.5
1715.5
1744
3943100
1744
1744.5
1782
1729
1782
3874200
1782
1799.5
1812
1773
1783
2689200
1783
1800.5
1828.5
1774
1821
2979100
1821
1797.5
1809.5
1777
1786.5
2468600
1786.5
1780.5
1814.5
1777.5
1793
2347200
1793
1827.5
1880
1793.5
1844.5
6863300
1844.5
1899
1908
1873.5
1881.5
5066000
1881.5
1878
1892
1856
1883
3209300
1883
1862.5
1890.5
1849.5
1885.5
2029900
1885.5
1840
1862
1820.5
1860
2481400
1860
1865.5
1882.5
1854
1874.5
2461300
1874.5
1870
1888.5
1852.5
1875
2315700
1875
1893
1918.5
1883.5
1906
3849600
1906
1902
1939.5
1896.5
1938
2783600
1938
1898
1918.5
1880
1889.5
3590600
1889.5
1840
1857.5
1816
1851.5
2783900
1851.5
1875
1892.5
1866
1878
2227800
1878
1866
1870
1832
1868.5
3147100
1868.5
1869
1873.5
1832.5
1848
2780400
1848
1848.5
1878
1835.5
1870
2450900
1870
1882.5
1892
1869
1887
2603600
1887
1898
1940
1891
1937
3899500
1937
1986
2015
1984
1991
3320000
1991
1990
1991
1934
1938.5
3304100
1938.5
1900.5
1938.5
1900.5
1916
2844600
1916
1903.5
1905
1844.5
1858
3403100
1858
1873.5
1882
1840.5
1856.5
2803800
1856.5
1782.5
1819.5
1780
1802.5
3078400
1802.5
1799
1801.5
1716.5
1727
5202000
1727
1728.5
1788
1719.5
1781.5
3917000
1781.5
1780
1796
1758.5
1786.5
3047400
1786.5
1773
1779.5
1740.5
1750.5
3974800
1750.5
1762
1776.5
1733
1733.5
3206400
1733.5
1702
1727
1696.5
1707.5
3166900
1707.5
1708
1745.5
1704.5
1732.5
3907400
1732.5
1692.5
1695
1617
1631.5
5130300
1631.5
1602.5
1609
1571.5
1580.5
6036400
1580.5
1510.5
1520.5
1492.5
1503.5
2520400
1503.5
1505
1528.5
1470
1503
3238800
1503
1565
1581.5
1531
1567
4032100
1567
1554
1573
1537
1561.5
2285700
1561.5
