1800
1816
1798
1808
2284900
1808
1820
1849
1819
1841
2122700
1841
1855
1860
1831
1836
2166000
1836
1851
1857
1839
1852
2193700
1852
1835
1863
1832
1863
1435600
1863
1865
1874
1857
1861
2355600
1861
1877
1892
1860
1862
1577700
1862
1862
1865
1845
1857
1295400
1857
1838
1877
1821
1874
2648200
1874
1894
1894
1852
1857
2477800
1857
1865
1875
1841
1873
1707700
1873
1877
1877
1855
1877
1664100
1877
1887
1916
1879
1910
2448000
1910
1909
1909
1857
1859
2357500
1859
1838
1847
1826
1832
2550800
1832
1841
1851
1825
1828
2062300
1828
1833
1849
1827
1833
1768600
1833
1830
1840
1801
1812
2661500
1812
1805
1828
1796
1796
3614600
1796
1814
1829
1799
1827
2593600
1827
1810
1814
1779
1797
2900200
1797
1760
1769
1727
1753
4501900
1753
1623
1655
1581
1633
6795200
1633
1704
1714
1642
1643
5416700
1643
1651
1687
1648
1678
4093600
1678
1603
1610
1573
1588
4543700
1588
1623
1625
1545
1549
3679400
1549
1542
1551
1511
1525
2889800
1525
1551
1568
1532
1554
2473500
1554
1552
1581
1544
1565
2079600
1565
1578
1620
1574
1618
2084400
1618
1602
1609
1585
1603
1988100
1603
1619
1640
1607
1622
3161300
1622
1616
1626
1603
1622
3188300
1622
1623
1629
1610
1623
2234600
1623
1645
1650
1616
1620
2061300
1620
1640
1653
1632
1646
2458000
1646
1636
1643
1605
1609
2762400
1609
1588
1592
1565
1572
2468400
1572
1520
1544
1520
1534
3752600
1534
1515
1530
1501
1506
2645300
1506
1539
1558
1526
1528
2209900
1528
1504
1513
1489
1492
3550200
1492
1507
1513
1486
1493
3141000
1493
1514
1543
1506
1515
4128800
1515
1552
1569
1544
1562
3021500
1562
1556
1569
1535
1564
2125500
1564
1545
1572
1541
1543
3044100
1543
1525
1525
1483
1499
3793800
1499
1501
1503
1480
1480
3767800
1480
1465
1476
1437
1441
4033100
1441
1427
1453
1421
1449
2744400
1449
1454
1461
1441
1451
2286200
1451
1383
1395
1349
1354
5747200
1354
1338
1374
1337
1374
3603800
1374
1420
1437
1412
1436
4846400
1436
1406
1422
1392
1422
3733100
1422
1445
1451
1403
1408
4338800
1408
1429
1437
1408
1426
3019400
1426
1426
1437
1417
1417
1293000
1417
1388
1399
1380
1395
2204900
1395
1399
1402
1380
1387
2432300
1387
1397
1405
1382
1395
2249300
1395
1394
1406
1364
1365
3366100
1365
1350
1361
1300
1327
5481000
1327
1318
1368
1310
1361
4705900
1361
1377
1383
1358
1359
2470100
1359
1350
1355
1333
1336
2930000
1336
1350
1383
1348
1376
3790200
1376
1378
1384
1359
1369
2380500
1369
1369
1379
1353
1372
2072400
1372
1378
1399
1369
1388
2663000
1388
1415
1443
1412
1426
3860500
1426
1423
1425
1386
1419
3606300
1419
1427
1445
1420
1440
2877200
1440
1462
1484
1454
1481
3800500
1481
1458
1479
1447
1477
2828000
1477
1488
1488
1469
1474
2372000
1474
1477
1482
1424
1470
4259100
1470
1467
1481
1460
1473
2115600
1473
1487
1487
1471
1474
2098500
1474
1472
1472
1434
1448
2400000
1448
1448
1461
1438
1457
2251800
1457
1465
1468
1440
1443
2272800
1443
1405
1463
1405
1427
4160700
1427
1437
1453
1424
1452
2888900
1452
1449
1458
1431
1436
2426000
1436
1435
1451
1434
1439
2876700
1439
1435
1437
1411
1414
2921600
1414
1410
1426
1404
1407
3031900
1407
1409
1433
1409
1422
3374100
1422
1439
1444
1421
1430
2506800
1430
1463
1472
1431
1437
2949700
1437
1398
1398
1366
1384
4890200
1384
1372
1372
1325
1333
4206000
1333
1311
1314
1286
1287
5306200
1287
1291
1307
1291
1301
3163400
1301
1293
1294
1260
1271
3952700
1271
1238
1246
1225
1241
4614500
1241
1247
1254
1224
1239
6349100
1239
1239
1252
1226
1237
3368000
1237
1267
1279
1261
1277
3023100
1277
1289
1293
1272
1280
3532100
1280
1287
1290
1272
1278
2288800
1278
1266
1285
1254
1271
3758100
1271
1264
1270
1243
1249
4613200
1249
1221
1245
1217
1232
3289900
1232
1246
1249
1221
1224
3093100
1224
1221
1232
1220
1224
1896100
1224
1222
1227
1201
1203
3279300
1203
1202
1208
1180
1190
4384600
1190
1174
1175
1153
1162
2897900
1162
1150
1176
1150
1154
4560100
1154
1142
1171
1130
1167
4159100
1167
1161
1176
1148
1158
3664800
1158
1149
1156
1138
1148
3500300
1148
1149
1170
1143
1145
3401700
1145
1136
1167
1129
1162
3570100
1162
1162
1164
1133
1135
3989800
1135
1119
1145
1113
1133
3483000
1133
1134
1144
1125
1143
2057800
1143
1142
1164
1135
1135
2859700
1135
1141
1144
1122
1132
2450700
1132
1122
1130
1116
1121
1928200
1121
1122
1134
1117
1122
2471500
1122
1134
1150
1128
1137
3166200
1137
1141
1148
1128
1144
2015700
1144
1162
1187
1156
1178
3978300
1178
1150
1152
1113
1129
4443100
1129
1141
1141
1119
1140
3480200
1140
1160
1177
1155
1169
3644500
1169
1176
1176
1152
1157
2457600
1157
1177
1177
1166
1171
1995500
1171
1184
1193
1176
1183
2261000
1183
1185
1189
1167
1179
2844500
1179
1160
1172
1150
1170
2157000
1170
1183
1190
1175
1186
1776700
1186
1200
1212
1196
1204
2294800
1204
1220
1226
1198
1201
3024800
1201
1206
1214
1201
1205
1833500
1205
1206
1213
1200
1210
2060900
1210
1220
1226
1210
1215
3379200
1215
1228
1229
1193
1228
3887200
1228
1258
1283
1218
1225
6951900
1225
1227
1234
1188
1203
4565000
1203
1205
1225
1200
1220
2521900
1220
1220
1239
1217
1235
2238800
1235
1238
1251
1237
1243
2785900
1243
1233
1242
1220
1240
1852500
1240
1232
1233
1207
1213
3125400
1213
1197
1206
1177
1183
2740100
1183
1187
1200
1182
1199
1948600
1199
1199
1204
1172
1181
2823700
1181
1158
1197
1155
1194
3517400
1194
1201
1218
1195
1211
2560300
1211
1205
1220
1203
1219
1934600
1219
1219
1225
1203
1221
2154200
1221
1230
1251
1228
1248
2581300
1248
1241
1241
1216
1218
2901200
1218
1240
1243
1230
1232
2360200
1232
1240
1252
1237
1248
2020600
1248
1263
1277
1258
1260
2841400
1260
1256
1276
1252
1269
1910500
1269
1288
1294
1267
1268
2490200
1268
1255
1271
1245
1261
2096200
1261
1260
1260
1231
1240
2098300
1240
1240
1247
1233
1238
1584700
1238
1238
1247
1228
1237
2154200
1237
1237
1250
1228
1229
2416400
1229
1215
1215
1200
1206
2985300
1206
1210
1227
1210
1213
2767000
1213
1221
1224
1213
1216
2391700
1216
1218
1221
1185
1190
3526100
1190
1188
1221
1184
1207
2659400
1207
1222
1254
1221
1248
4289100
1248
1245
1253
1226
1243
3916200
1243
1270
1277
1264
1268
4134700
1268
1278
1286
1271
1283
3847800
1283
1294
1329
1293
1323
4996900
1323
1333
1340
1312
1337
3316400
1337
1309
1310
1277
1295
3770200
1295
1304
1307
1286
1287
2872200
1287
1310
1316
1299
1302
2487400
1302
1310
1329
1302
1321
3061400
1321
1335
1353
1331
1334
3704900
1334
1319
1333
1311
1317
2184300
1317
1336
1341
1312
1318
2532400
1318
1301
1317
1296
1308
2099400
1308
1285
1290
1274
1286
3290900
1286
1288
1290
1253
1265
3362400
1265
1193
1217
1193
1210
5750000
1210
1190
1216
1183
1214
4541500
1214
1200
1209
1192
1198
3094600
1198
1190
1216
1182
1215
2821300
1215
1234
1248
1222
1231
2843500
1231
1227
1235
1209
1213
2220100
1213
1185
1192
1166
1182
3972200
1182
1165
1189
1157
1185
2446000
1185
1168
1180
1158
1161
2835000
1161
1170
1171
1143
1156
2852300
1156
1116
1124
1102
1110
4703100
1110
1115
1122
1091
1103
3631000
1103
1109
1119
1099
1101
2873500
1101
1044
1117
1044
1104
5856200
1104
1112
1131
1101
1118
5413300
1118
1106
1125
1100
1104
3892300
1104
1106
1145
1100
1136
4699600
1136
1113
1130
1103
1107
3861700
1107
1100
1114
1092
1102
3524600
1102
1094
1118
1086
1095
3498700
1095
1123
1125
1095
1096
2438800
1096
1098
1100
1082
1086
2890700
1086
1078
1091
1073
1088
2483100
1088
1059
1063
1042
1057
2998500
1057
1050
1073
1048
1063
1925800
1063
1052
1072
1052
1065
2352700
1065
1062
1068
1039
1049
3402500
1049
1042
1064
1041
1052
1990000
1052
1035
1053
1030
1051
2215200
1051
1021
1051
1019
1048
2163400
1048
1052
1057
1037
1047
1936100
1047
1046
1058
1039
1058
2597300
1058
1069
1079
1061
1073
2612200
1073
1072
1080
1060
1073
2415800
1073
1067
1079
1061
1065
2943200
1065
1058
1074
1058
1067
3253300
1067
1086
1100
1081
1090
2660700
1090
1088
1092
1051
1055
2905800
1055
1034
1043
1025
1035
2700900
1035
1036
1036
1010
1019
3514600
1019
1025
1028
1008
1023
2245200
1023
1003
1015
997
1007
2157300
1007
998
998
970
977
2977700
977
990
1016
986
1005
2998300
1005
1019
1036
1015
1028
2868200
1028
1018
1022
993
1002
3142300
1002
997
1011
992
992
2347400
992
975
983
965
974
3123800
974
974
984
963
977
2002700
977
964
973
947
951
3319200
951
945
955
926
938
4501000
938
926
926
885
887
3108300
887
902
917
893
910
3286000
910
955
956
937
945
3129500
945
940
972
940
949
2871300
949
