572
572
566
568
4652800
568
572
581
572
578
6284500
578
585
594
581
583
6453600
583
586
594
585
587
4873900
587
577
591
577
588
3649900
588
589
593
587
588
4165900
588
591
594
583
586
2978300
586
585
587
579
583
3631000
583
577
586
573
585
5049400
585
590
590
574
576
5784500
576
579
580
572
580
4092400
580
579
580
573
579
3912600
579
582
594
581
589
5080700
589
586
590
582
584
3424000
584
577
577
566
570
5755100
570
573
574
561
566
4323500
566
568
570
563
566
3508100
566
565
570
554
562
5863300
562
563
564
558
559
3963500
559
555
564
546
562
7451500
562
557
560
546
547
6906800
547
527
528
521
525
7487000
525
500
502
481
497
13871300
497
515
520
491
492
8699900
492
492
496
487
491
7960800
491
475
475
464
473
9978400
473
482
482
461
463
7626600
463
462
462
449
456
7437000
456
462
464
456
459
5199900
459
460
469
458
464
4848400
464
468
479
467
478
4340200
478
482
482
474
479
4661800
479
486
490
480
481
6323000
481
476
476
469
473
5280700
473
470
480
469
476
5077300
476
479
483
469
470
5700200
470
476
482
473
480
5300900
480
480
481
470
472
4917700
472
467
469
463
467
6227700
467
456
459
452
457
5212000
457
453
453
442
446
4190500
446
459
461
450
452
3773700
452
448
450
441
447
4794400
447
451
453
446
449
3270900
449
452
463
449
454
5786300
454
466
472
465
467
4886300
467
465
472
462
472
3382600
472
466
473
465
467
3403200
467
455
456
442
452
8742600
452
455
456
450
451
5525600
451
448
453
444
445
3775100
445
446
454
444
452
4815900
452
452
453
446
451
4811500
451
440
440
431
433
9045900
433
430
437
424
437
5238100
437
446
455
444
450
6259900
450
435
437
432
436
6063200
436
444
446
432
439
5538400
439
443
446
441
444
3717200
444
441
449
440
444
3281800
444
436
441
434
439
4993800
439
445
445
432
436
4250700
436
439
445
433
441
4595800
441
443
446
438
439
5138300
439
436
441
432
437
4095100
437
433
451
433
449
6285600
449
451
458
450
451
4917000
451
448
449
440
444
3985700
444
449
461
448
456
4968200
456
461
463
453
457
4210600
457
454
457
450
455
3039700
455
457
465
455
461
3681700
461
467
476
466
470
4563800
470
472
473
462
468
3495000
468
473
474
469
470
3413300
470
476
478
473
477
3427600
477
469
477
467
476
3943100
476
482
484
474
477
2953800
477
476
484
471
483
6004200
483
483
489
481
487
3492600
487
489
491
482
483
2834200
483
481
482
474
482
2833700
482
481
484
477
480
3144200
480
481
482
475
477
2602800
477
478
481
475
477
2793800
477
476
481
475
480
2757600
480
483
490
481
487
3606900
487
493
494
486
491
3331700
491
507
522
506
517
11422100
517
516
524
512
519
5398200
519
523
536
523
528
7185400
528
532
534
528
529
3717000
529
530
534
528
529
2952100
529
525
526
515
518
5409500
518
517
518
499
503
5623800
503
499
500
489
493
5022400
493
496
498
484
489
4296400
489
485
486
478
483
3683200
483
469
471
464
470
4756700
470
470
471
457
464
6958900
464
463
468
459
461
5593300
461
464
472
462
466
4255700
466
471
473
466
469
3592500
469
471
480
470
477
4887200
477
484
485
479
479
3097200
479
476
484
474
477
3295100
477
470
475
461
472
3056300
472
476
477
467
469
3548800
469
471
473
468
472
1724000
472
468
470
463
468
3091300
468
469
469
462
466
3377200
466
464
466
456
460
3580100
460
456
462
451
453
4591500
453
454
457
441
456
5657100
456
456
461
452
453
4682100
453
446
447
438
446
6280900
446
449
455
444
446
4188300
446
440
449
435
446
4786700
446
448
449
441
444
5703500
444
442
448
440
446
4000000
446
448
456
444
454
5327400
454
459
469
456
456
5836600
456
460
462
451
457
5306700
457
451
452
442
444
3826600
444
442
446
436
441
3756400
441
445
456
445
452
4525300
452
456
460
453
458
2050500
458
464
468
462
462
3249500
462
458
458
445
450
4271500
450
449
451
441
448
4103100
448
454
460
451
455
4397200
455
456
464
450
459
4974700
459
466
467
461
461
2273400
461
464
472
464
468
3539400
468
470
472
461
464
4673600
464
457
464
457
462
2630500
462
466
472
464
470
3052100
470
473
481
473
477
3760400
477
484
484
477
478
3386600
478
480
485
477
483
3314200
483
483
489
481
486
2700700
486
488
495
488
489
5393600
489
486
487
470
476
6195600
476
475
476
461
464
6478200
464
465
465
450
453
4936300
453
453
455
450
451
2894600
451
450
454
448
452
2808600
452
452
460
451
455
2939300
455
452
457
448
455
2886100
455
459
459
445
446
4042600
446
440
440
426
427
7192500
427
429
434
426
433
3951800
433
434
435
425
427
3064800
427
420
428
414
427
5389900
427
427
433
426
430
3120900
430
430
433
427
429
2105500
429
427
433
426
432
3015000
432
433
442
433
440
3342500
440
443
443
437
438
3308500
438
443
444
440
441
3257400
441
442
449
441
446
2772100
446
453
456
449
450
3107200
450
447
455
447
453
2503900
453
457
460
454
458
3627400
458
451
459
446
456
3937700
456
454
454
443
445
3125800
445
443
449
442
445
2370600
445
442
443
437
440
3288600
440
438
439
428
433
6212300
433
426
429
425
427
4661000
427
425
431
424
428
3715600
428
431
436
429
434
3825000
434
435
436
426
428
3807500
428
427
436
427
431
3140200
431
435
443
434
441
4448400
441
434
450
431
444
6189400
444
453
461
452
460
7199200
460
462
463
458
460
4436400
460
465
474
464
472
5994700
472
472
478
465
477
5843000
477
470
472
462
466
4813100
466
463
470
461
462
4879100
462
469
471
463
465
4732000
465
468
474
466
473
4970000
473
477
485
476
476
5627900
476
473
480
469
471
4711300
471
476
481
472
476
4688200
476
468
471
465
468
4459800
468
460
464
455
462
5674300
462
463
464
451
454
6088700
454
433
442
431
440
7829500
440
432
445
432
443
5477100
443
439
443
435
438
4434300
438
435
442
435
442
5132500
442
448
451
443
446
4506600
446
446
449
440
441
4589000
441
435
436
430
434
5692000
434
430
434
424
433
4426300
433
426
429
418
419
5584900
419
420
420
411
415
5694800
415
401
404
398
400
6682200
400
399
400
389
392
9992000
392
394
400
393
394
4773300
394
384
404
383
399
8604800
399
405
415
403
414
6840500
414
382
389
372
384
8346000
384
384
393
375
386
9125300
386
384
385
375
376
6486700
376
377
382
375
376
3924600
376
378
383
372
374
6642400
374
381
386
378
379
5036500
379
380
384
376
378
3809700
378
375
379
373
378
4228600
378
372
372
363
371
7596400
371
365
375
364
374
5810400
374
372
377
367
370
4890000
370
370
374
365
369
7565600
369
367
376
367
375
6043300
375
371
380
367
380
6254800
380
372
376
367
374
5670500
374
376
378
371
373
4206400
373
373
380
371
380
5017900
380
382
384
377
383
4801200
383
383
388
379
386
4558800
386
386
390
381
383
5986300
383
380
385
378
381
4871800
381
386
390
383
387
5974500
387
389
390
378
380
6931100
380
374
374
367
370
7011000
370
371
372
361
365
7653500
365
368
368
359
364
4542100
364
356
360
352
358
5687400
358
358
358
348
351
6207500
351
355
364
355
359
6061900
359
364
370
363
366
5546700
366
363
364
352
355
6108900
355
356
360
349
349
6767900
349
341
348
339
339
8916600
339
341
344
336
340
6939300
340
332
335
322
323
9425900
323
320
324
314
317
8431200
317
300
305
296
301
5335500
301
305
308
300
306
6495800
306
322
323
315
318
7001800
318
314
324
313
318
6862500
318
