893
893.7
884.3
890.5
21669000
4452.5
892.9
903.5
892.2
896.6
25565000
4483
910
914.9
907.1
912.5
24605000
4562.5
912
917.8
906.2
917.5
20409000
4587.5
911.1
914.3
904.6
914.3
13674000
4571.5
914.3
915.3
904.2
906.3
12375000
4531.5
915
929.6
915
929.4
21713000
4647
930.5
932.4
916.4
925.4
16734000
4627
918.2
918.3
908.4
913.6
21221000
4568
924.2
932.7
917
917.8
22753000
4589
930
934.4
926.8
930.8
17637000
4654
927.5
932.9
923.7
932.9
12469000
4664.5
936.2
944.2
931.3
940
17000000
4700
932
934.8
924.4
927.1
17858000
4635.5
915
923.2
913.6
918.1
12135000
4590.5
926.2
930.9
917.9
920
14315000
4600
915
915.8
901.3
904
20361000
4520
901.1
901.7
878.6
882.2
26126000
4411
870.1
891
863
866.4
28888000
4332
889
897
876.9
896
27740000
4480
896.7
899.1
878.6
883.7
18155000
4418.5
865.2
874.2
857.4
857.6
22198000
4288
808.7
820.8
800.7
818.4
39656000
4092
847.6
848
812.4
812.5
29432000
4062.5
818
826.9
811.8
826.4
22004000
4132
799.2
806.9
789
804.5
26380000
4022.5
821.6
827.9
804.8
807.8
21200000
4039
814
823.8
795.9
801
19435000
4005
812
818.4
804.7
809.5
13687000
4047.5
816
822.5
812.5
814.2
13946000
4071
820
834.8
817.9
834.7
12137000
4173.5
835
838.7
825.8
830.2
15909000
4151
831.9
831.9
820.1
822.7
17013000
4113.5
825
828.2
816.5
824.6
15357000
4123
821.5
834
820.6
831.5
12357000
4157.5
836.3
839.7
826.9
827.5
17154000
4137.5
840.3
851.8
840.3
847.9
18943000
4239.5
845
851.2
809
818
24126000
4090
822.4
830.2
815.2
820.3
24027000
4101.5
800.6
805
797.1
800
20614000
4000
790.2
791.6
776.4
780.7
18643000
3897.5
798
802.9
786.9
788.2
15688000
3941
780.2
791.9
774.8
774.9
18774000
3874.5
783.6
788.6
777.2
778.4
16793000
3892
788.4
799
785.5
790.8
21271000
3954
808.1
813.7
805.5
809.2
14901000
4046
805
820.5
802.7
820.3
11523000
4101.5
807
809.2
800.2
801.6
17740000
4008
799.9
803.5
791.2
798.2
14595000
3991
793.9
799.3
789.4
789.8
18387000
3949
787
790.6
779.3
785.1
14142000
3925.5
780
785
775.2
783.8
10830000
3919
789.1
794.1
783.1
793.3
15708000
3966.5
772.7
775.6
760.1
762
21396000
3810
744.1
757.5
736.7
756.1
26831000
3780.5
768.7
783.9
767.1
783.6
20533000
3918
764.2
773.1
753.8
772.4
19662000
3862
774
776.5
755.8
763.1
19167000
3815.5
775
776.5
767.5
770.8
13993000
3854
774.4
778.6
769.1
769.1
9585000
3845.5
759
766.2
752.2
763.4
15313000
3817
763
764.5
745.3
748
20166000
3740
760
769.7
757.2
766.2
15993000
3831
766.1
771.9
764
765.1
14219000
3825.5
764.9
773
760.3
770.6
10592000
3853
766
777.7
762.9
774.2
12511000
3871
788.3
791.8
781.7
781.9
13286000
3909.5
778.5
782.1
772.2
775.9
13127000
3879.5
780
788.8
779.6
786.3
13074000
3931.5
782.6
785.5
775.6
782
12583000
3910
784.7
784.7
770.7
774
14853000
3870
778
783.2
770.4
781.6
15773000
3908
789.1
800.2
785.1
789.3
16216000
3946.5
789.2
791
782.8
790
10953000
3950
797
806.3
796.9
801.5
11840000
4007.5
820
830
815
829.1
20244000
4145.5
820.1
820.5
803
809.8
19642000
4049
814.1
816
808.4
808.9
13079000
4044.5
800
807.3
795.6
801.6
17553000
4008
838
855.8
823.3
850.3
36104000
4251.5
858
869
856.1
864.3
22529000
4321.5
864.3
864.7
847
859.5
17812000
4297.5
859.3
869.6
855.6
858
13911000
4290
861
873.7
860.8
864.8
17539000
4324
865
870.9
856.9
864.3
14251000
4321.5
867.1
873
865.6
872.6
13491000
4363
865
870.6
861.1
869.5
12555000
4347.5
871.5
871.8
861.3
864.3
10956000
4321.5
861
862.1
851.4
852.1
12331000
4260.5
858
859.6
850.6
850.6
9603000
4253
850
850.3
840.4
846.9
11700000
4234.5
845.1
845.8
839
842.7
8737000
4213.5
840
840.6
829.5
832.1
13421000
4160.5
830.5
835.4
820.2
820.9
16215000
4104.5
816.1
817.6
807.7
812.1
15574000
4060.5
809.7
824.8
807.8
819.7
13397000
4098.5
820
827.8
819.6
825.7
10051000
4128.5
822.4
822.6
807.5
814.2
10883000
4071
798
801.2
789.7
794.4
17549000
3972
800.1
802.8
792
796.6
21841000
3983
790
796.5
786.2
791.2
12401000
3956
798.1
806.3
797.6
801.1
12526000
4005.5
808
808.3
795.8
797.8
16445000
3989
806.7
826.2
806.1
822.7
20979000
4113.5
829.9
839.2
829.3
834.7
19485000
4173.5
830.1
834.3
823.5
824.6
15572000
4123
823.6
828.9
820.6
824.8
6878000
4124
836
837.5
819.4
827.1
11624000
4135.5
826.6
836.9
826.1
834.4
8707000
4172
829
829.3
817.2
817.3
12483000
4086.5
822.1
822.8
814.3
817.9
15061000
4089.5
810
810.8
790.7
792.9
13668000
3964.5
799.5
799.7
785.1
785.6
14296000
3928
786.3
791.9
775.1
786.1
15562000
3930.5
785.5
793.2
781.3
787.2
11932000
3936
772.2
784.9
771
783
11868000
3915
786
792.2
780.2
781.6
9352000
3908
777.8
785.3
774
779.1
14870000
3895.5
780.5
782.9
766.7
768.3
13656000
3841.5
765.9
773.1
764
772.2
12331000
3861
773.5
782.5
771.1
781.6
13070000
3908
780.5
790
767.7
768.1
9285000
3840.5
771.9
773.4
761.1
769.4
11871000
3847
765.6
767.5
755.4
759
10521000
3795
759.7
762.9
751.1
752.5
12488000
3762.5
757
762
755.3
758.8
12949000
3794
760
772.8
758.6
771.8
7691000
3859
787
795.8
784.8
790.2
16017000
3951
782.1
782.9
765.4
779.9
13423000
3899.5
780.8
786.9
777.5
781.3
9847000
3906.5
785.9
790.4
782.4
787.7
10326000
3938.5
791.6
798.5
784
792.6
11083000
3963
800.8
802.4
791.4
792.7
7737000
3963.5
800.6
804.8
796.5
798.5
9772000
3992.5
798.5
801.5
790.5
795.6
13031000
3978
788.7
795.2
786.5
791.1
7806000
3955.5
792
793.9
783.9
793
8412000
3965
800.8
805.7
794.4
795.9
10225000
3979.5
802.4
809.2
798.6
808.9
11501000
4044.5
809.5
811
803.4
810.2
13799000
4051
820
824
802.8
803.1
14002000
4015.5
801
801.3
777.8
778.6
22093000
3893
792
794.3
776.4
779.4
15859000
3897
770
777.8
758.4
762
18368000
3810
762
764.4
756.3
757.7
10288000
3788.5
758.8
764.7
754.6
756.2
11089000
3781
757.5
767.4
756.3
767.1
10246000
3835.5
775
784
773.3
777.7
12898000
3888.5
771
772
759.7
767
10657000
3835
763
763.4
750.7
751.8
14285000
3759
745.4
748
730.6
730.6
14604000
3653
738.8
743.6
731.3
742.7
10638000
3713.5
757
757.5
734.9
738
12042000
3690
728.3
738
716
732.2
16877000
3661
738.6
738.8
722.1
724.9
17559000
3624.5
720.5
729.5
720.5
728
11177000
3640
723.6
725.3
716.3
717
10954000
3585
718.8
727.7
718.8
726
10214000
3630
725.5
726.1
715.5
717.1
12780000
3585.5
721.9
722.1
715.1
718.1
7889000
3590.5
720.5
730.7
720.1
728.4
10499000
3642
732
739.4
730.5
731.2
10212000
3656
734.2
740.9
734.2
735.6
8978000
3678
744
745.1
729
730.6
13164000
3653
725.2
730.5
718.4
725.5
11777000
3627.5
722.4
724.9
715.4
716
10231000
3580
714.8
715.2
707.1
711.1
11228000
3555.5
707.3
713.4
703.7
710.1
18133000
3550.5
705
709.7
703.9
703.9
12708000
3519.5
700.9
701.5
692.1
700.6
14317000
3503
698.3
711.6
696.2
707.1
15661000
3535.5
710.5
722.7
709
720.5
21321000
3602.5
729.5
729.5
707.9
711.8
16505000
3559
711.1
722.9
706.5
718.5
13826000
3592.5
714.1
732.9
713.8
732.4
25030000
3662
731.3
736.7
721.1
732.6
18372000
3663
743.5
753
742
747.2
22928000
3736
756.1
758.1
747.9
756.8
15523000
3784
764.5
773.2
763.7
771.8
26405000
3859
766
777.9
762.2
777.8
16923000
3889
3857
3904
3841
3894
3073000
3894
3900
3925
3838
3857
3113900
3857
3893
3910
3834
3860
3002100
3860
3885
3885
3822
3830
2630300
3830
3890
3890
3815
3834
3286000
3834
3813
3846
3784
3784
2516100
3784
3854
3879
3794
3801
2712100
3801
3800
3814
3780
3797
2811200
3797
3740
3750
3635
3651
4065400
3651
3652
3675
3610
3649
2713500
3649
3496
3530
3478
3505
4257500
3505
3475
3505
3452
3502
3576600
3502
3477
3488
3432
3439
2979800
3439
3467
3472
3432
3468
2261400
3468
3510
3519
3456
3510
2764400
3510
3510
3533
3480
3487
2394200
3487
3423
3442
3409
3423
2884400
3423
3368
3424
3355
3408
2814200
3408
3389
3395
3315
3324
3178100
3324
3341
3350
3287
3302
2965600
3302
3203
3234
3184
3188
3553300
3188
3258
3293
3212
3256
4101200
3256
3178
3299
3175
3236
3364800
3236
3213
3430
3210
3418
8216300
3418
3463
3475
3418
3462
4664100
3462
3494
3526
3450
3460
3038300
3460
3505
3557
3466
3533
3310800
3533
3509
3543
3492
3511
2402000
3511
3488
3518
3453
3488
1960000
3488
3495
3565
3481
3522
3735800
3522
3624
3635
3576
3580
2205600
3580
3562
3568
3463
3466
3537200
3466
3425
3480
3412
3467
1917600
3467
3362
3385
3305
3374
2868300
3374
3354
3397
3353
3369
2501600
3369
3350
3389
3345
3367
2364700
3367
3387
3404
3339
3366
2285500
3366
3356
3374
3306
3316
2385900
3316
3221
3229
3189
3220
4292900
3220
3175
3267
3166
3260
3794500
3260
3273
3275
3218
3264
2041100
3264
3253
3257
3212
3234
2004200
3234
3255
3328
3246
3301
3020200
3301
3286
3287
3244
3277
3500900
3277
3335
3357
3298
3301
2574700
3301
3287
3309
3268
3288
4847100
3288
3354
3455
3349
3424
4413200
3424
3411
3420
3292
3293
3775600
3293
3241
3310
3237
3273
3698900
3273
3242
3245
3184
3209
3590500
3209
3251
3275
3207
3222
4031600
3222
3148
3315
3115
3254
6006900
3254
3314
3324
3171
3200
4130300
3200
3256
3351
3236
3300
4604600
3300
3332
3378
3253
3283
4989000
3283
3269
3303
3232
3252
3484600
3252
3246
3300
3193
3221
3854500
3221
3164
3193
3130
3138
3786700
3138
3098
3125
3035
3122
3493300
3122
3081
3133
3031
3048
3128200
3048
3048
3067
2989
3010
4118600
3010
2840
2856
2790.5
2792
4153100
2792
2819
2872
2767.5
2822
3303900
2822
2963
2964
2897
2942.5
3209200
2942.5
2885.5
2968
2869.5
2935.5
2974500
2935.5
