1913
1945
1909
1945
7100600
1945
1955
1989
1953
1988
7577800
1988
2007.5
2033
2007
2027
9301600
2027
2025
2036
2013
2026.5
7278000
2026.5
2007
2013
2000.5
2012
4779800
2012
2010
2021
1999
2006
4834600
2006
2020
2021
2001.5
2011
4543300
2011
2016.5
2038
2011
2036
5489900
2036
2050
2099
2047
2096
9589300
2096
2137
2156
2104.5
2126
13308000
2126
2145.5
2179
2126
2175.5
9836000
2175.5
2151
2154
2118
2124.5
7240900
2124.5
2121
2125
2103
2109
7342800
2109
2102.5
2126
2084
2087.5
7181500
2087.5
2048
2077.5
2041
2049.5
6072100
2049.5
2068.5
2074.5
2042.5
2049
5954200
2049
2043.5
2046.5
2016
2026.5
7504700
2026.5
2021
2033.5
1988.5
1994.5
7227000
1994.5
1982.5
2034
1982
1992.5
10170300
1992.5
2014.5
2023.5
1994
2019.5
5474400
2019.5
2013.5
2067
1978.5
2049.5
10760300
2049.5
1998
2000
1950.5
1952
8100300
1952
1890
1912.5
1832.5
1881
13821500
1881
1936
1939.5
1864
1865
11569000
1865
1869
1894
1859
1882.5
8657800
1882.5
1807.5
1835.5
1795
1832.5
8982600
1832.5
1860
1887
1834.5
1841
10075300
1841
1839
1864
1798
1805.5
6407700
1805.5
1819
1844.5
1804.5
1825.5
6834700
1825.5
1832.5
1857
1828.5
1835
5110700
1835
1856.5
1877.5
1846
1873.5
4975000
1873.5
1857.5
1861.5
1820.5
1829.5
6841200
1829.5
1832
1844
1813
1827.5
5662600
1827.5
1808
1815.5
1793.5
1799
5382100
1799
1805.5
1814.5
1797
1811
3499200
1811
1825
1825.5
1812
1821
3459900
1821
1845
1876.5
1844
1863
6249000
1863
1863
1867.5
1816.5
1817
6151100
1817
1809
1809.5
1784.5
1793.5
5767500
1793.5
1748
1761.5
1741
1754
6213100
1754
1733
1741.5
1722.5
1734.5
3465000
1734.5
1760.5
1781
1735
1736
6135100
1736
1709.5
1726.5
1705
1714.5
6875600
1714.5
1740
1750
1716
1718.5
5470300
1718.5
1764
1773.5
1721
1732
9085200
1732
1778
1787.5
1749
1775
6732800
1775
1779
1795.5
1773
1795.5
6967700
1795.5
1769
1784
1760
1773
5787400
1773
1766.5
1779.5
1757.5
1771.5
4577100
1771.5
1759
1763
1734.5
1738.5
6376900
1738.5
1732.5
1740.5
1713.5
1723.5
4242800
1723.5
1710
1715
1701
1711.5
3898400
1711.5
1720
1741
1709
1740.5
5395200
1740.5
1686
1689.5
1635
1641.5
8716100
1641.5
1620.5
1661
1620
1661
7406500
1661
1687
1727.5
1677.5
1717.5
9031700
1717.5
1691
1715
1672.5
1713
6429500
1713
1707
1713.5
1685.5
1699.5
4403600
1699.5
1714
1717
1690.5
1701.5
4596900
1701.5
1700
1711.5
1688.5
1688.5
3318300
1688.5
1662
1685.5
1655
1679
4898100
1679
1694
1708.5
1671.5
1675
5160600
1675
1699.5
1710.5
1686
1695.5
6191900
1695.5
1690
1694
1672
1673
4614400
1673
1671
1685
1659
1680.5
4717500
1680.5
1665
1699
1657.5
1691
4446300
1691
1712
1724
1701
1710
3980700
1710
1701
1701
1675
1681
3614400
1681
1695
1721
1694
1711
4679500
1711
1721
1723
1689.5
1694
3776300
1694
1693.5
1697.5
1681
1681
3270100
1681
1694.5
1721
1690.5
1717.5
5995200
1717.5
1736
1776
1730
1756
6069600
1756
1738.5
1744
1711
1714
5547600
1714
1724
1729
1714
1726
3854300
1726
1753
1765.5
1741.5
1765.5
4095600
1765.5
1735.5
1740
1717
1737.5
4553100
1737.5
1755
1762
1748
1750.5
3551200
1750.5
1750
1753
1665
1680.5
12928100
1680.5
1678
1680
1600.5
1601.5
14096300
1601.5
1614
1621
1600
1610.5
7601400
1610.5
1610
1623
1604
1615
4948400
1615
1618.5
1638
1613
1631
6371700
1631
1620
1635
1618.5
1626.5
5136800
1626.5
1632.5
1646
1625.5
1634
3969800
1634
1650
1659
1645
1649.5
5317100
1649.5
1637
1658
1631
1656.5
3956500
1656.5
1678
1687
1658.5
1659
6782700
1659
1650.5
1654.5
1637
1637.5
5859400
1637.5
1636
1636
1624.5
1630
6234900
1630
1644
1644
1625.5
1631
5626000
1631
1630
1630
1618
1623
4998000
1623
1627
1658
1626.5
1656
6166600
1656
1627.5
1643
1621.5
1626.5
6844000
1626.5
1610
1612.5
1572.5
1577.5
8790600
1577.5
1582.5
1594
1562.5
1590
6841400
1590
1578
1593.5
1575.5
1587.5
3228200
1587.5
1585
1588.5
1573
1582
3702300
1582
1549.5
1551
1535
1541
5552200
1541
1553
1559
1532
1545
13539400
1545
1530
1551.5
1527
1543
5475500
1543
1583
1605
1581.5
1583.5
6322000
1583.5
1613.5
1618.5
1590.5
1595.5
4872600
1595.5
1579
1580
1559.5
1560
6423500
1560
1571.5
1588.5
1571.5
1586.5
7057100
1586.5
1576.5
1593
1569.5
1570
6732200
1570
1577.5
1579
1562.5
1562.5
4862200
1562.5
1577
1582
1555.5
1559.5
2819500
1559.5
1572.5
1575
1561.5
1564
3830200
1564
1550
1556.5
1531.5
1533.5
4767600
1533.5
1540
1540.5
1513.5
1521
6860000
1521
1505
1507
1464
1481.5
5595000
1481.5
1466
1482.5
1449.5
1449.5
6905400
1449.5
1460.5
1469
1430
1459
8319900
1459
1465
1476
1451
1455
4371700
1455
1432.5
1467.5
1430.5
1460.5
8652700
1460.5
1463.5
1465.5
1450.5
1451
4583000
1451
1426.5
1441
1401
1434.5
8287100
1434.5
1450.5
1464.5
1435.5
1437
7382200
1437
1461
1476
1453
1474
9152000
1474
1470
1475
1448
1474.5
7635100
1474.5
1457.5
1471
1422.5
1424.5
7374900
1424.5
1421.5
1432.5
1410.5
1424.5
5401100
1424.5
1425
1443
1418
1422
5492300
1422
1415.5
1422.5
1399
1402
5159900
1402
1410
1427.5
1402.5
1411.5
6767800
1411.5
1429
1434.5
1421.5
1434
3618700
1434
1456.5
1484
1456
1476
8188600
1476
1469.5
1473
1427.5
1460
7402000
1460
1462
1464
1439.5
1448
4957200
1448
1458
1464
1446
1454
6163500
1454
1396
1425.5
1385.5
1413.5
11320500
1413.5
1431
1444.5
1425.5
1435.5
6533100
1435.5
1456
1492.5
1455
1486.5
8727500
1486.5
1500
1504.5
1460
1473
9192200
1473
1467
1476
1460.5
1472
4949700
1472
1485
1492
1477
1490
4994900
1490
1534.5
1541.5
1531
1538
10131200
1538
1546
1551.5
1521.5
1529.5
5712600
1529.5
1550
1553
1534
1551
5905900
1551
1560
1570
1477
1527
18907600
1527
1526.5
1542
1511
1511.5
12627700
1511.5
1501
1506.5
1493.5
1502
10730800
1502
1503
1522
1500
1513
9224600
1513
1500.5
1507
1498.5
1501.5
5430500
1501.5
1500
1511
1499
1502
5033900
1502
1501.5
1517
1501.5
1516.5
3224500
1516.5
1518
1523.5
1511
1512.5
4010500
1512.5
1515
1516.5
1504.5
1512
3164200
1512
1505.5
1507.5
1494
1499
7183800
1499
1481
1482.5
1456.5
1456.5
7736200
1456.5
1455.5
1468.5
1450.5
1465.5
5767100
1465.5
1457
1462.5
1436.5
1450
6827200
1450
1430.5
1466
1427
1462
7033000
1462
1469.5
1485
1467.5
1480
3711800
1480
1473
1481
1468.5
1475.5
3209000
1475.5
1461.5
1473.5
1457
1459.5
5037900
1459.5
1471
1502
1470
1491
4504000
1491
1483
1485
1470.5
1481.5
4194800
1481.5
1489
1495.5
1485.5
1491.5
3293800
1491.5
1500
1519.5
1493.5
1517
3274200
1517
1534
1540
1523
1524
4096400
1524
1527
1534
1513
1515
7137000
1515
1521
1530.5
1506.5
1513
5885200
1513
1500
1509.5
1496.5
1500
4571000
1500
1495.5
1501
1464
1464
4822400
1464
1463
1479.5
1457.5
1470
4265000
1470
1478.5
1478.5
1456.5
1466
5954600
1466
1457
1466.5
1452
1460.5
4112600
1460.5
1450
1452
1427
1438
5890400
1438
1422.5
1444
1420.5
1436.5
4819800
1436.5
1433.5
1443.5
1426
1439
3816900
1439
1419
1425
1411.5
1422
9189100
1422
1420
1440.5
1418.5
1435
5481300
1435
1463
1481
1461
1472
10420200
1472
1471
1495.5
1463.5
1488
5950500
1488
1512
1531
1506.5
1526.5
6320000
1526.5
1544
1550.5
1532.5
1541.5
5936500
1541.5
1550
1565
1537.5
1563.5
8891500
1563.5
1565.5
1567.5
1536
1553
6319500
1553
1545.5
1557.5
1532
1557.5
4592800
1557.5
1550
1562
1539
1541
5018000
1541
1560
1569
1550
1556.5
5528800
1556.5
1555.5
1567.5
1546.5
1566
3633100
1566
1580
1600.5
1576.5
1581.5
5733300
1581.5
1569
1571
1545
1545.5
4780700
1545.5
1570
1573
1546
1551.5
4455900
1551.5
1535
1541.5
1528.5
1532.5
4979200
1532.5
1500
1505
1474
1478.5
6606200
1478.5
1496.5
1504
1491.5
1496.5
4995100
1496.5
1413
1430.5
1403
1420
10778100
1420
1400
1434
1395
1429.5
9834900
1429.5
1407
1418.5
1402
1402.5
7217100
1402.5
1402
1421
1401.5
1421
5526100
1421
1442.5
1451.5
1433
1442.5
5242100
1442.5
1445.5
1446
1409
1410
4748400
1410
1390
1405
1388.5
1400
4703800
1400
1386.5
1408.5
1377
1404
4682000
1404
1395
1397.5
1371.5
1371.5
5680900
1371.5
1379.5
1380.5
1357
1359.5
5521300
1359.5
1318.5
1332
1309.5
1311
7073800
1311
1317
1334.5
1296
1308.5
7917800
1308.5
1328
1353
1260
1315.5
8835200
1315.5
1308
1379
1304.5
1376
9993900
1376
1386.5
1433.5
1376.5
1433.5
9673200
1433.5
1444.5
1448.5
1421.5
1446
6762900
1446
1460
1521
1452.5
1506.5
10059300
1506.5
1474.5
1498
1466.5
1491
5182300
1491
1481
1483
1458
1473.5
5596600
1473.5
1464.5
1491
1434
1442.5
6863700
1442.5
1478
1493.5
1469
1475.5
5384400
1475.5
1469
1469.5
1444.5
1454
3849800
1454
1434
1468.5
1424
1464.5
3246300
1464.5
1425.5
1447.5
1408.5
1444
4630900
1444
1441
1472.5
1433.5
1469
4875500
1469
1455.5
1458
1437.5
1451.5
4543200
1451.5
1450
1460.5
1434
1440
4182600
1440
1454
1488
1449.5
1484
4999400
1484
1461.5
1473
1453.5
1458.5
4621600
1458.5
1399
1422.5
1366
1419.5
9064500
1419.5
1426
1435
1400
1407.5
5080200
1407.5
1420.5
1436
1408
1432.5
4947100
1432.5
1450
1462.5
1436
1453.5
4148100
1453.5
1470
1480
1454
1472.5
3623800
1472.5
1492.5
1504.5
1478
1481
3134200
1481
1488
1501
1481
1498
5482500
1498
1527.5
1530.5
1491
1495.5
4963200
1495.5
1492.5
1503.5
1443
1447.5
6355400
1447.5
1420
1441
1415
1423.5
5416500
1423.5
1398
1399
1353
1366.5
8305900
1366.5
1383
1392
1364.5
1367
5781600
1367
1326
1347
1321
1343.5
5162600
1343.5
1334
1335
1298
1305
7180000
1305
1313.5
1353
1305
1338.5
6869900
1338.5
1332.5
1348
1323
1329.5
6475800
1329.5
1318.5
1323.5
1286.5
1292.5
10096900
1292.5
1299
1325.5
1295.5
1306
5454400
1306
1283
1303.5
1280
1282.5
6293700
1282.5
1279.5
1290
1269
1282
6871200
1282
1267.5
1269
1227.5
1234.5
9230800
1234.5
1227.5
1246.5
1218.5
1224.5
9681200
1224.5
1162
1174.5
1146
1151
5828100
1151
1168.5
1187.5
1154.5
1175
5656800
1175
1231
1234
1201.5
1224.5
7880900
1224.5
1200
1229
1198
1216.5
6721000
1216.5
