862
886
862
880
6148000
4400
888
892
876
892
4716000
4460
905
912
899
900
4347000
4500
895
897
886
888
3892000
4440
882
897
882
897
3651000
4485
896
901
890
899
4070000
4495
903
905
893
894
3064000
4470
899
914
891
912
3605000
4560
905
927
896
925
4966000
4625
940
951
929
930
6197000
4650
932
938
921
935
3988000
4675
937
949
928
948
6440000
4740
947
954
934
935
5494000
4675
931
937
907
912
8806000
4560
897
911
886
894
4726000
4470
903
906
894
895
3607000
4475
909
932
907
924
6730000
4620
945
955
899
905
12505000
4525
901
916
898
898
6187000
4490
900
921
900
920
4753000
4600
925
926
901
914
4719000
4570
879
881
855
856
7702000
4280
800
818
769
794
9632000
3970
835
836
805
805
6053000
4025
804
815
798
807
6908000
4035
766
781
764
779
5557000
3895
793
795
763
765
6474000
3825
761
774
750
761
5105000
3805
772
785
768
778
4300000
3890
784
794
775
793
4844000
3965
808
827
806
825
5719000
4125
828
829
812
816
3998000
4080
813
825
807
815
4297000
4075
805
810
795
803
4104000
4015
809
818
806
817
2458000
4085
825
827
808
814
2768000
4070
824
833
821
823
4607000
4115
819
826
814
818
4182000
4090
811
813
797
803
3956000
4015
777
785
774
777
4144000
3885
771
772
755
760
2827000
3800
775
790
775
777
2816000
3885
771
777
763
768
3087000
3840
775
776
762
765
2936000
3825
774
796
774
780
5264000
3900
796
797
780
785
4033000
3925
780
790
776
787
4291000
3935
775
786
775
783
2377000
3915
777
783
767
779
2649000
3895
777
779
769
769
3096000
3845
762
769
754
758
2540000
3790
743
753
734
752
3204000
3760
744
747
734
744
5599000
3720
710
713
695
698
9672000
3490
688
702
685
701
5508000
3505
716
743
715
740
6082000
3700
719
727
716
726
5184000
3630
735
738
712
719
3699000
3595
727
730
719
724
3349000
3620
724
732
723
723
1723000
3615
709
718
708
715
2757000
3575
718
722
709
709
3622000
3545
716
726
714
723
3725000
3615
722
731
716
716
4017000
3580
711
719
705
714
3291000
3570
705
719
697
717
4766000
3585
725
730
721
721
2366000
3605
725
730
711
715
4109000
3575
721
732
720
731
2509000
3655
739
741
728
731
3154000
3655
730
730
713
716
2911000
3580
712
721
707
719
4385000
3595
725
739
722
726
3517000
3630
725
731
719
726
2222000
3630
734
741
723
725
2795000
3625
734
743
730
741
2779000
3705
734
739
730
733
3050000
3665
738
743
731
731
4202000
3655
750
792
750
784
10386000
3920
774
781
769
771
3971000
3855
779
785
772
784
3916000
3920
791
791
771
784
3056000
3920
779
779
763
777
4230000
3885
779
781
773
780
3051000
3900
775
789
773
788
3045000
3940
791
791
781
790
3279000
3950
788
792
780
791
2627000
3955
793
795
786
794
2952000
3970
789
795
787
793
2756000
3965
790
797
786
793
2624000
3965
794
805
792
802
2475000
4010
804
811
802
809
2250000
4045
813
815
802
807
2140000
4035
801
805
789
796
2790000
3980
806
810
785
787
4036000
3935
787
796
784
791
3329000
3955
783
799
779
797
2638000
3985
796
801
787
799
2905000
3995
778
779
760
773
4249000
3865
780
784
770
777
7434000
3885
779
808
773
795
5425000
3975
810
819
809
816
4452000
4080
827
834
812
816
4627000
4080
813
822
812
818
3470000
4090
827
836
826
835
4940000
4175
829
840
823
824
4294000
4120
827
827
816
825
3257000
4125
834
837
823
827
4451000
4135
832
841
831
840
3434000
4200
849
856
845
854
7259000
4270
860
861
842
857
6055000
4285
853
854
841
851
4415000
4255
847
854
838
842
4245000
4210
841
849
823
848
4933000
4240
847
856
840
851
3025000
4255
841
852
838
851
2898000
4255
854
858
847
849
3525000
4245
838
845
830
840
4586000
4200
838
844
830
839
3716000
4195
839
844
832
839
3947000
4195
837
846
834
844
3153000
4220
842
852
828
831
4002000
4155
833
833
817
828
3888000
4140
822
822
802
805
3714000
4025
800
810
795
797
3758000
3985
801
818
800
814
2444000
4070
814
827
812
826
2684000
4130
837
848
836
840
3948000
4200
831
838
821
831
3635000
4155
833
836
824
830
3560000
4150
838
842
821
822
4614000
4110
816
817
789
795
6716000
3975
805
811
795
797
3519000
3985
803
811
796
799
4019000
3995
798
800
778
789
4957000
3945
778
785
772
773
3922000
3865
775
789
770
788
4039000
3940
792
800
791
798
2939000
3990
799
799
774
786
6436000
3930
816
845
815
833
9544000
4165
837
839
820
831
4080000
4155
816
827
807
822
4272000
4110
833
839
832
832
2778000
4160
831
842
819
828
3740000
4140
829
839
827
838
3706000
4190
838
853
837
840
4040000
4200
840
853
837
849
3054000
4245
856
874
855
861
4790000
4305
863
868
858
863
2292000
4315
867
867
852
854
3437000
4270
849
849
830
836
2925000
4180
836
853
830
853
3347000
4265
860
865
849
858
3798000
4290
843
848
830
845
3794000
4225
855
868
848
863
3567000
4315
865
868
854
857
2315000
4285
844
853
834
850
3178000
4250
855
879
855
878
4227000
4390
875
878
864
864
2950000
4320
862
866
853
864
4114000
4320
868
876
866
875
2346000
4375
879
889
879
882
2848000
4410
886
909
886
893
4856000
4465
899
902
889
891
3027000
4455
888
899
882
895
3047000
4475
905
907
885
885
3074000
4425
886
888
876
879
2273000
4395
879
882
872
879
2626000
4395
875
890
864
882
3991000
4410
875
882
868
877
2652000
4385
865
868
855
861
4440000
4305
868
868
855
862
4133000
4310
860
864
851
860
3810000
4300
855
868
849
858
3531000
4290
866
892
864
891
4542000
4455
900
915
892
913
4949000
4565
922
930
913
926
4969000
4630
925
930
918
920
3731000
4600
927
931
917
928
5779000
4640
935
942
935
937
3545000
4685
4640
4690
4610
4650
617600
4650
4660
4710
4500
4505
980600
4505
4585
4600
4525
4550
566900
4550
4575
4590
4525
4560
378800
4560
4650
4760
4635
4675
1021800
4675
4665
4710
4610
4630
581100
4630
4690
4710
4560
4585
676000
4585
4535
4580
4450
4465
762400
4465
4395
4410
4215
4240
1126400
4240
4250
4325
4230
4270
745800
4270
4050
4100
3985
4015
1158300
4015
3950
4155
3950
4150
1124000
4150
4070
4075
4010
4060
808900
4060
4030
4085
4015
4085
517400
4085
4115
4170
4090
4115
760900
4115
4105
4145
4045
4060
589500
4060
3950
3990
3925
3980
721100
3980
3910
3950
3855
3945
956300
3945
3940
3940
3870
3880
646000
3880
3860
3860
3715
3730
1425900
3730
3545
3585
3410
3435
1669000
3435
3785
3800
3190
3320
3000200
3320
3335
3375
3215
3230
1494100
3230
3160
3315
3145
3300
2771400
3300
3370
3475
3310
3460
2227300
3460
3460
3490
3410
3460
818400
3460
3480
3705
3465
3675
1437200
3675
3625
3700
3595
3680
1159000
3680
3690
3700
3640
3650
627100
3650
3665
3720
3570
3595
914800
3595
3735
3750
3630
3645
713300
3645
3640
3650
3545
3580
751200
3580
3540
3645
3535
3615
558300
3615
3505
3515
3405
3455
914800
3455
3545
3650
3475
3520
1230600
3520
3460
3510
3405
3420
888700
3420
3450
3505
3365
3375
947600
3375
3365
3445
3360
3380
685100
3380
3315
3340
3280
3300
611100
3300
3180
3305
3145
3290
967400
3290
3300
3360
3295
3325
550900
3325
3320
3375
3260
3340
734600
3340
3410
3490
3375
3455
968300
3455
3430
3555
3425
3540
828200
3540
3610
3645
3485
3515
720600
3515
3505
3605
3465
3565
786000
3565
3685
3725
3650
3665
678100
3665
3640
3695
3585
3585
714600
3585
3475
3545
3465
3510
753100
3510
3455
3465
3315
3395
913100
3395
3465
3510
3395
3470
755400
3470
3385
3440
3380
3405
612300
3405
3400
3430
3275
3295
642300
3295
3300
3445
3280
3420
939500
3420
3505
3595
3495
3535
925900
3535
3515
3530
3435
3445
1035400
3445
3430
3500
3400
3455
575200
3455
3395
3515
3380
3430
910400
3430
3410
3460
3340
3410
757300
3410
3370
3395
3280
3315
899700
3315
3290
3305
3195
3245
1012600
3245
3040
3065
2986
3000
788100
3000
3060
3085
2982
3050
772300
3050
3205
3250
3165
3225
879300
3225
3200
3270
3175
3245
600600
3245
