5070
5160
5030
5160
4240200
5160
5200
5280
5140
5270
4146800
5270
5290
5330
5220
5330
4352000
5330
5340
5360
5220
5270
2767700
5270
5210
5350
5160
5340
3013700
5340
5380
5560
5370
5540
5411300
5540
5690
5720
5580
5660
4314100
5660
5650
5940
5580
5930
4724000
5930
5790
6010
5790
5920
5958000
5920
6080
6120
5930
5950
5502400
5950
6000
6020
5880
6000
3606600
6000
5960
6030
5930
5980
2821100
5980
6020
6060
5910
6060
3732300
6060
5820
5960
5730
5790
10519800
5790
5690
5930
5630
5800
5747100
5800
5820
5850
5660
5710
3923400
5710
5790
5810
5730
5740
2497200
5740
5730
5750
5520
5580
4326900
5580
5520
5700
5470
5620
4199600
5620
5690
5760
5620
5750
2607500
5750
5720
5720
5580
5640
3429700
5640
5400
5520
5400
5440
4355200
5440
5040
5100
4795
5020
11513500
5020
5360
5380
5020
5040
5341100
5040
5070
5150
4935
4990
5446000
4990
4715
4850
4710
4845
6882400
4845
4950
4980
4805
4815
4574400
4815
4800
4905
4635
4690
5101600
4690
4750
4895
4720
4845
3782100
4845
4905
4990
4860
4905
4512800
4905
4930
4950
4825
4950
3219900
4950
4940
4940
4830
4860
2724300
4860
4880
5020
4835
4975
3462300
4975
4930
5010
4885
4930
2842100
4930
4955
4955
4875
4935
1815100
4935
4985
5010
4870
4895
2404100
4895
4955
5170
4950
5120
4038800
5120
5100
5130
5000
5010
2758100
5010
4970
4980
4850
4920
3357200
4920
4755
4825
4745
4790
3458500
4790
4730
4775
4650
4670
2556100
4670
4850
4920
4820
4875
2861500
4875
4820
4845
4695
4705
3392100
4705
4755
4780
4655
4685
2806600
4685
4755
4855
4695
4755
3568300
4755
4905
4970
4825
4885
2851600
4885
4910
5060
4900
5050
3100900
5050
5000
5170
4990
5170
3805700
5170
5160
5190
5080
5190
2848300
5190
5240
5260
5090
5160
3118800
5160
5060
5130
4925
4965
3260500
4965
4880
4900
4760
4835
3032600
4835
4765
4980
4765
4935
2903500
4935
4725
4755
4665
4695
5645000
4695
4625
4660
4515
4660
3723400
4660
4800
4810
4725
4795
3469300
4795
4685
4705
4540
4600
4100200
4600
4660
4770
4650
4720
3518500
4720
4790
4840
4770
4825
2685100
4825
4855
4935
4840
4855
1971200
4855
4760
4805
4710
4790
1982700
4790
4830
4835
4665
4690
3464800
4690
4760
4800
4645
4765
2884400
4765
4740
4765
4635
4650
3151300
4650
4585
4590
4460
4520
4588600
4520
4450
4665
4405
4640
5211700
4640
4710
4830
4710
4750
3856900
4750
4700
4775
4650
4740
3012600
4740
4845
4850
4620
4665
8733700
4665
4765
4795
4645
4685
4398900
4685
4690
4760
4655
4695
3328200
4695
4710
4810
4700
4785
3920600
4785
4825
4935
4800
4850
4115400
4850
4800
4835
4720
4820
2914900
4820
4820
4905
4775
4780
2317200
4780
4825
4850
4740
4770
2350400
4770
4710
4710
4560
4630
4165400
4630
4640
4650
4560
4580
3121100
4580
4500
4505
4395
4470
5140000
4470
4455
4495
4375
4465
2721900
4465
4470
4515
4435
4450
2028000
4450
4475
4475
4365
4435
1822300
4435
4425
4520
4405
4510
2223900
4510
4530
4570
4470
4505
1779800
4505
4520
4540
4460
4495
1232600
4495
4520
4600
4505
4595
2638600
4595
4635
4645
4585
4645
1633300
4645
4685
4705
4595
4615
2040600
4615
4580
4590
4520
4530
1665300
4530
4570
4635
4565
4580
1733800
4580
4600
4670
4585
4655
1745300
4655
4660
4690
4645
4680
1110600
4680
4720
4805
4700
4745
2516800
4745
4715
4725
4630
4670
1929500
4670
4630
4640
4410
4430
4283700
4430
4395
4525
4390
4480
2255000
4480
4490
4540
4470
4520
1229400
4520
4520
4520
4410
4435
1360500
4435
4335
4370
4310
4340
2682700
4340
4400
4425
4335
4400
2983400
4400
4380
4385
4285
4295
2666300
4295
4360
4385
4300
4370
2058900
4370
4415
4450
4310
4335
1812600
4335
4300
4310
4220
4220
2467800
4220
4245
4320
4230
4280
2094700
4280
4305
4365
4275
4305
2507800
4305
4335
4375
4295
4335
1569000
4335
4370
4430
4335
4370
2546600
4370
4365
4380
4290
4355
2387000
4355
4340
4345
4260
4260
2563100
4260
4310
4310
4170
4195
3978600
4195
4165
4175
3985
4070
3613600
4070
4030
4140
4000
4015
2573900
4015
4050
4075
3895
4065
3173200
4065
4065
4130
4030
4080
2264800
4080
3980
4090
3935
4035
2699400
4035
4035
4060
3990
3995
2007500
3995
3900
3995
3875
3980
2375000
3980
3980
4040
3895
3900
2703800
3900
3850
3900
3790
3865
3584800
3865
3950
3970
3840
3915
4636500
3915
3925
4025
3910
3920
2859500
3920
3925
4000
3900
3950
3140100
3950
3880
3880
3710
3720
3739100
3720
3700
3785
3665
3680
3235100
3680
3715
3815
3695
3790
3307700
3790
3830
3880
3805
3855
2127200
3855
3940
4125
3910
4100
5126100
4100
3985
4080
3935
4035
4454500
4035
4065
4100
3970
4050
3751400
4050
4120
4200
3840
3890
11287000
3890
3750
3760
3600
3605
8287500
3605
3620
3735
3570
3695
5004000
3695
3710
3830
3710
3785
4317800
3785
3720
3740
3630
3680
4462600
3680
3620
3650
3590
3610
2566100
3610
3605
3715
3585
3715
3429800
3715
3710
3735
3650
3675
3175200
3675
3650
3670
3580
3645
3294500
3645
3665
3725
3665
3710
2549300
3710
3655
3690
3655
3665
1505300
3665
3620
3685
3600
3670
1985800
3670
3705
3730
3675
3685
1647200
3685
3675
3710
3610
3615
2274600
3615
3640
3670
3625
3670
1756300
3670
3640
3665
3605
3625
1735600
3625
3610
3650
3610
3645
1318300
3645
3650
3665
3610
3665
2013500
3665
3665
3680
3615
3660
1496100
3660
3650
3650
3555
3565
2661100
3565
3545
3545
3405
3425
2485700
3425
3450
3505
3430
3475
1897600
3475
3500
3510
3415
3435
1622800
3435
3365
3490
3330
3460
3553500
3460
3485
3555
3480
3520
2062500
3520
3600
3605
3470
3510
2253800
3510
3480
3620
3475
3600
3005700
3600
3595
3660
3575
3640
1898600
3640
3600
3630
3590
3610
1756200
3610
3590
3600
3510
3555
1839400
3555
3570
3690
3535
3685
2494500
3685
3760
3780
3705
3705
2902800
3705
3710
3760
3710
3745
1864800
3745
3765
3775
3710
3740
1785600
3740
3670
3740
3645
3730
1930800
3730
3755
3760
3630
3630
1581200
3630
3630
3670
3615
3635
1714800
3635
3590
3600
3460
3475
3182600
3475
3450
3475
3415
3435
1779100
3435
3370
3375
3265
3270
3606100
3270
3255
3305
3225
3235
2505800
3235
3230
3240
3155
3160
3187700
3160
3160
3170
3025
3090
3716500
3090
3045
3150
3045
3080
2624000
3080
3150
3355
3135
3315
6284400
3315
3245
3375
3175
3315
4981000
3315
3425
3530
3410
3500
4662900
3500
3550
3625
3540
3575
5171600
3575
3650
3750
3625
3740
5356000
3740
3700
3705
3480
3505
8131800
3505
3495
3575
3470
3530
3573800
3530
3460
3485
3390
3395
4759600
3395
3445
3465
3310
3375
4605800
3375
3385
3560
3385
3525
4127000
3525
3575
3630
3495
3510
4347100
3510
3480
3530
3445
3455
2461200
3455
3500
3520
3400
3450
2456600
3450
3390
3435
3335
3360
2927500
3360
3260
3295
3180
3190
4701600
3190
3220
3270
3150
3215
4254000
3215
3000
3125
2980
3020
9549000
3020
2950
3195
2942
3190
7444700
3190
3055
3280
3055
3200
5052000
3200
3240
3250
3115
3245
3588400
3245
3315
3380
3265
3380
4683500
3380
3325
3330
3110
3115
5636500
3115
3000
3205
2997
3195
4348100
3195
3125
3335
3105
3310
5073500
3310
3240
3310
3150
3185
5525300
3185
3210
3235
3150
3175
4278200
3175
3015
3105
3005
3045
4787000
3045
3050
3100
2836
2897
7232100
2897
2896
2970
2880
2888
3690900
2888
2841
3075
2831
3065
4130800
3065
3155
3265
3110
3265
5183200
3265
3255
3320
3210
3305
4077200
3305
3340
3570
3315
3540
7782800
3540
3440
3585
3420
3500
5590700
3500
3515
3525
3445
3470
2567900
3470
3490
3580
3410
3480
4338200
3480
3590
3595
3415
3420
3973500
3420
3405
3435
3205
3230
5658300
3230
3175
3360
3165
3345
4307700
3345
3215
3365
3165
3335
5252800
3335
3370
3480
3335
3470
5077300
3470
3450
3480
3375
3420
4147600
3420
3435
3480
3270
3285
3957700
3285
3295
3410
3265
3385
3704100
3385
3310
3315
3215
3230
3349900
3230
3160
3285
3125
3275
3087600
3275
3275
3285
3155
3185
3086700
3185
3195
3300
3170
3290
3252200
3290
3345
3400
3305
3365
2961700
3365
3350
3575
3340
3575
5509700
3575
3665
3740
3585
3625
5306900
3625
3590
3645
3540
3540
3801300
3540
3645
3710
3615
3655
4360200
3655
3605
3640
3495
3530
3479500
3530
3460
3560
3440
3490
3067900
3490
3440
3470
3270
3305
3849200
3305
3370
3380
3200
3275
3753900
3275
3175
3240
3165
3180
3310300
3180
3175
3180
3015
3055
4153100
3055
3120
3195
3075
3120
3635900
3120
3150
3250
2995
3115
6082300
3115
3075
3105
2936
2983
6281500
2983
2990
3080
2968
3005
3100200
3005
2948
3020
2913
2977
3817700
2977
2977
3065
2945
3040
3334900
3040
2988
3005
2834
2863
4505100
2863
2823
2853
2722
2768
4980600
2768
2568
2652
2550
2603
4140000
2603
2641
2698
2567
2637
2823900
2637
2807
2816
2698
2724
3465100
2724
2674
2735
2661
2698
2654400
2698
