3110
3115
3085
3095
989000
3095
3110
3125
3100
3110
1000600
3110
3125
3140
3115
3135
921400
3135
3140
3150
3125
3140
657800
3140
3115
3165
3115
3150
912900
3150
3165
3165
3110
3120
771600
3120
3130
3150
3125
3145
500100
3145
3145
3150
3110
3115
647600
3115
3120
3120
3095
3110
684200
3110
3140
3150
3080
3085
956700
3085
3095
3110
3075
3105
536000
3105
3120
3170
3120
3145
1018400
3145
3160
3160
3140
3140
445100
3140
3135
3150
3130
3145
574800
3145
3135
3175
3130
3160
904500
3160
3175
3210
3160
3165
1443900
3165
3180
3215
3165
3190
880900
3190
3210
3225
3145
3170
1255100
3170
3270
3345
3255
3290
4863400
3290
3295
3380
3290
3370
2527000
3370
3320
3355
3305
3325
1250300
3325
3285
3320
3270
3295
1380900
3295
3200
3210
3100
3200
2408100
3200
3270
3320
3175
3175
1315700
3175
3200
3210
3130
3160
1259100
3160
3075
3110
3060
3110
1117400
3110
3150
3175
3110
3115
978100
3115
3155
3185
3100
3130
916100
3130
3150
3150
3120
3130
696700
3130
3140
3195
3135
3165
941700
3165
3200
3220
3195
3195
775600
3195
3195
3230
3190
3215
872200
3215
3230
3250
3220
3225
964700
3225
3220
3225
3175
3205
894400
3205
3205
3215
3175
3215
521300
3215
3250
3275
3245
3245
637400
3245
3275
3300
3260
3265
704900
3265
3265
3305
3260
3260
1017900
3260
3235
3245
3200
3240
776700
3240
3200
3215
3160
3180
958400
3180
3165
3185
3130
3180
637300
3180
3195
3210
3130
3135
1154800
3135
3130
3190
3115
3160
895000
3160
3200
3210
3170
3190
677800
3190
3190
3215
3170
3205
1112900
3205
3230
3260
3215
3245
919800
3245
3240
3285
3235
3245
1102000
3245
3230
3265
3225
3255
834900
3255
3220
3255
3220
3240
801400
3240
3270
3270
3205
3225
1478300
3225
3230
3240
3200
3200
771600
3200
3165
3200
3145
3190
1124500
3190
3175
3195
3155
3180
820600
3180
3120
3130
3080
3090
1258200
3090
3055
3070
3005
3045
1200500
3045
3060
3090
3050
3075
1025900
3075
3000
3040
2991
3020
1490700
3020
3015
3020
2922
2960
1780000
2960
2980
2995
2944
2991
1244900
2991
2976
2991
2952
2956
775200
2956
2931
2944
2920
2935
778700
2935
2956
2962
2903
2909
979200
2909
2919
2934
2901
2918
1114100
2918
2910
2926
2897
2900
1031900
2900
2894
2937
2893
2924
1018200
2924
2920
2947
2907
2942
917600
2942
2950
2951
2921
2928
828000
2928
2905
2921
2900
2915
748100
2915
2925
2939
2913
2928
887300
2928
2945
2962
2935
2951
656400
2951
2951
2963
2942
2949
604900
2949
2955
2958
2933
2942
855000
2942
2957
2965
2943
2945
744500
2945
2943
2956
2926
2935
911800
2935
2940
2959
2932
2941
572100
2941
2954
2982
2946
2982
771900
2982
2972
2982
2955
2981
788000
2981
2986
3020
2975
2989
813300
2989
3005
3010
2984
3005
804300
3005
2915
3025
2912
3010
1421300
3010
2995
2995
2945
2991
890900
2991
2995
3015
2980
3000
772600
3000
3015
3075
3015
3025
1153300
3025
3025
3075
3025
3045
913300
3045
3055
3085
3045
3060
531400
3060
3055
3075
3035
3050
577300
3050
3060
3085
3055
3085
770300
3085
3080
3090
3030
3055
833400
3055
3060
3085
3040
3045
726300
3045
3060
3065
3040
3040
471000
3040
3045
3045
3025
3040
447600
3040
3040
3050
3030
3045
314900
3045
3065
3075
3040
3050
444300
3050
3035
3060
3015
3035
544400
3035
3035
3035
3000
3015
547300
3015
2990
3020
2966
3015
491300
3015
2998
3000
2972
2996
564200
2996
3005
3050
3000
3020
745400
3020
2992
3020
2967
3005
763000
3005
3025
3090
3020
3070
1961900
3070
3045
3075
3030
3035
656500
3035
3060
3090
3040
3075
633000
3075
3065
3065
3010
3050
811100
3050
3045
3080
3035
3075
581800
3075
3075
3100
3070
3080
560400
3080
3070
3090
3055
3060
754700
3060
3060
3065
3020
3040
454500
3040
3065
3085
3050
3055
527900
3055
3050
3075
3045
3065
475300
3065
3070
3090
3060
3075
565300
3075
3095
3130
3090
3125
1089200
3125
3140
3140
3075
3085
700100
3085
3090
3130
3085
3110
860600
3110
3115
3130
3085
3115
710400
3115
3105
3115
3080
3095
590500
3095
3075
3095
3065
3085
636900
3085
3090
3090
3065
3080
380100
3080
3065
3075
3040
3070
534500
3070
3065
3065
2999
3025
1030800
3025
3020
3020
2992
3000
823400
3000
3000
3050
3000
3040
1136800
3040
3060
3080
2986
3005
1161900
3005
3020
3020
2957
2985
1117100
2985
2978
3015
2959
3000
944900
3000
3030
3030
2967
2971
956500
2971
2982
3020
2973
2999
658700
2999
3000
3010
2982
2985
493800
2985
2996
3010
2979
2997
853700
2997
2982
2995
2944
2973
616000
2973
2966
2978
2931
2933
882600
2933
2950
2951
2925
2939
835000
2939
2969
3015
2955
3015
813500
3015
3080
3090
3030
3045
619000
3045
3055
3085
3045
3070
449800
3070
3080
3080
3020
3040
535900
3040
3015
3050
3010
3025
406900
3025
3035
3045
3010
3020
331100
3020
3045
3065
3030
3060
341900
3060
3070
3095
3065
3085
431500
3085
3090
3100
3080
3100
518000
3100
3085
3090
3045
3055
451100
3055
3065
3100
3020
3100
867900
3100
3050
3100
3040
3060
816600
3060
3040
3055
3015
3030
629400
3030
3030
3030
2971
3015
665000
3015
3020
3045
3000
3005
430700
3005
3010
3040
2999
3030
427700
3030
3050
3060
3035
3045
547500
3045
3040
3050
3005
3045
484800
3045
3035
3045
2999
3015
573700
3015
3000
3000
2945
2953
588800
2953
2965
3010
2958
3010
399900
3010
3015
3020
2964
2977
525400
2977
2964
2989
2932
2969
573400
2969
2966
2971
2941
2951
577200
2951
2942
2958
2934
2945
349300
2945
2945
2950
2918
2941
392300
2941
2944
2961
2938
2958
358600
2958
2975
3010
2971
2972
510200
2972
3000
3015
2994
2999
357700
2999
3020
3025
3000
3000
314200
3000
3000
3025
3000
3005
336100
3005
3025
3060
3025
3035
447900
3035
3050
3055
3030
3040
446600
3040
3040
3075
3030
3070
871300
3070
3065
3070
3030
3050
555500
3050
3050
3060
3030
3045
637600
3045
3045
3075
3040
3070
675100
3070
3075
3080
3020
3035
677500
3035
3005
3015
2999
3005
503000
3005
2976
3030
2971
3020
551100
3020
3010
3035
3000
3020
506400
3020
3025
3045
2998
3005
593800
3005
3025
3050
3015
3020
405300
3020
3025
3045
2997
3010
1033600
3010
3010
3035
3005
3015
607600
3015
3050
3085
3045
3060
860900
3060
3070
3075
3020
3025
814600
3025
3030
3050
3020
3040
1129500
3040
3045
3095
3035
3095
948800
3095
3090
3100
3075
3095
597200
3095
3100
3140
3095
3110
733300
3110
3120
3140
3095
3140
953300
3140
3135
3135
3105
3105
434700
3105
3125
3130
3070
3090
811400
3090
3090
3130
3070
3100
688300
3100
3125
3145
3095
3125
757900
3125
3145
3165
3110
3150
1467500
3150
3170
3205
3140
3150
1586100
3150
3160
3190
3150
3155
779100
3155
3085
3085
3030
3080
1121900
3080
3040
3055
3010
3030
936700
3030
3025
3025
3000
3005
668400
3005
3030
3045
3005
3040
462400
3040
3070
3080
3055
3065
468300
3065
3065
3090
3060
3070
468300
3070
3065
3085
3060
3080
393100
3080
3090
3185
3085
3140
1188100
3140
3140
3170
3125
3150
921500
3150
3185
3230
3180
3190
1668000
3190
3190
3205
3130
3175
1417000
3175
3225
3240
3165
3205
1328200
3205
3255
3265
3125
3130
1135200
3130
3155
3185
3050
3085
1553100
3085
3140
3250
3120
3240
2540100
3240
3270
3310
3210
3230
1503700
3230
3245
3320
3245
3305
1292700
3305
3310
3380
3305
3355
1584100
3355
3455
3495
3410
3455
2142300
3455
3445
3490
3410
3430
1455500
3430
3450
3475
3375
3420
1362200
3420
3420
3450
3405
3420
910500
3420
3335
3385
3285
3305
1712400
3305
3260
3285
3175
3280
1770900
3280
3275
3315
3255
3265
1081100
3265
3250
3310
3230
3290
1168600
3290
3280
3380
3280
3370
1056800
3370
3370
3385
3355
3370
643900
3370
3320
3375
3320
3365
554200
3365
3310
3385
3295
3360
980300
3360
3390
3440
3385
3425
1093300
3425
3415
3440
3370
3395
1246400
3395
3425
3455
3420
3430
987200
3430
3425
3475
3410
3470
770800
3470
3495
3550
3475
3500
1484100
3500
3540
3585
3440
3520
6242400
3520
3525
3560
3460
3470
1088100
3470
3470
3480
3400
3440
1009100
3440
3410
3465
3385
3460
935900
3460
3475
3545
3425
3515
1453400
3515
3600
3640
3545
3575
1817400
3575
3540
3590
3535
3565
840300
3565
3635
3700
3480
3550
1576600
3550
3680
3695
3565
3620
1620500
3620
3610
3635
3550
3600
1342900
3600
3605
3655
3575
3580
1889800
3580
3585
3620
3580
3580
1050300
3580
3555
3560
3490
3490
1410000
3490
3525
3545
3460
3500
1008300
3500
3460
3480
3320
3380
1378200
3380
3350
3365
3265
3300
1526900
3300
3205
3325
3170
3305
1195200
3305
3300
3340
3215
3265
1033300
3265
3350
3380
3310
3335
1013500
3335
3335
3335
3265
3265
961800
3265
