1611
1643
1609
1636
807900
1636
1637
1645
1633
1638
464100
1638
1644
1672
1642
1665
597800
1665
1660
1660
1613
1622
723400
1622
1622
1628
1612
1626
388900
1626
1617
1626
1613
1622
388100
1622
1631
1649
1630
1632
354000
1632
1635
1636
1622
1636
266200
1636
1623
1637
1620
1635
340600
1635
1644
1655
1622
1625
452500
1625
1591
1606
1556
1577
1493400
1577
1584
1590
1571
1587
426700
1587
1596
1610
1596
1607
512700
1607
1601
1629
1601
1619
466600
1619
1607
1613
1597
1606
407000
1606
1615
1624
1610
1613
445100
1613
1624
1638
1612
1625
524900
1625
1617
1624
1594
1602
462100
1602
1590
1602
1583
1585
557300
1585
1586
1609
1586
1602
535000
1602
1580
1580
1554
1563
951300
1563
1543
1543
1513
1518
967400
1518
1480
1515
1432
1473
1461100
1473
1510
1510
1460
1461
910900
1461
1468
1469
1447
1459
683300
1459
1420
1422
1402
1417
791300
1417
1439
1439
1406
1408
534600
1408
1409
1422
1400
1412
503400
1412
1420
1427
1414
1425
299500
1425
1432
1452
1421
1449
394800
1449
1442
1461
1433
1455
432200
1455
1450
1456
1442
1452
309500
1452
1453
1465
1445
1456
470500
1456
1451
1460
1441
1457
351400
1457
1457
1479
1454
1476
374200
1476
1491
1499
1480
1482
266700
1482
1500
1508
1487
1493
349200
1493
1493
1500
1477
1478
444800
1478
1474
1484
1459
1463
377300
1463
1442
1455
1431
1436
585100
1436
1430
1447
1426
1442
498600
1442
1453
1478
1451
1455
604200
1455
1449
1455
1431
1437
451100
1437
1445
1446
1416
1424
427200
1424
1432
1451
1422
1429
446500
1429
1456
1464
1445
1461
419200
1461
1461
1475
1460
1474
615700
1474
1468
1482
1454
1461
682800
1461
1470
1472
1446
1465
532500
1465
1478
1478
1431
1442
702300
1442
1428
1430
1397
1416
807100
1416
1411
1442
1410
1439
528600
1439
1439
1446
1421
1433
605300
1433
1403
1409
1390
1392
722500
1392
1380
1384
1363
1384
523800
1384
1386
1410
1382
1409
581100
1409
1371
1383
1356
1382
681900
1382
1390
1400
1381
1392
535000
1392
1403
1417
1398
1411
432900
1411
1411
1417
1405
1408
278000
1408
1397
1400
1376
1398
488300
1398
1410
1412
1400
1409
430900
1409
1423
1434
1417
1424
577300
1424
1421
1422
1386
1403
747400
1403
1409
1428
1405
1423
434100
1423
1416
1430
1406
1428
314000
1428
1435
1446
1428
1428
427700
1428
1422
1426
1413
1417
252900
1417
1425
1444
1425
1435
318300
1435
1444
1444
1428
1439
250200
1439
1439
1441
1424
1425
303200
1425
1431
1438
1420
1433
297200
1433
1448
1476
1446
1464
701700
1464
1455
1456
1439
1449
371700
1449
1450
1454
1437
1448
291800
1448
1459
1471
1454
1470
426100
1470
1457
1481
1450
1476
591200
1476
1481
1487
1472
1477
500400
1477
1477
1482
1472
1480
337900
1480
1482
1492
1470
1488
354700
1488
1485
1497
1478
1492
576300
1492
1498
1503
1486
1494
665600
1494
1494
1505
1486
1502
878900
1502
1402
1429
1402
1419
1368500
1419
1400
1401
1345
1348
1252100
1348
1352
1365
1343
1347
1055300
1347
1343
1344
1311
1318
1296800
1318
1321
1331
1314
1316
866300
1316
1315
1320
1303
1314
740700
1314
1319
1332
1317
1324
610000
1324
1333
1333
1316
1326
551100
1326
1324
1330
1322
1329
301000
1329
1334
1338
1328
1329
345600
1329
1330
1331
1313
1318
461700
1318
1315
1320
1290
1296
836900
1296
1293
1293
1282
1286
566800
1286
1282
1282
1260
1280
723000
1280
1276
1281
1263
1267
413500
1267
1260
1265
1250
1259
741900
1259
1260
1261
1235
1243
981000
1243
1243
1256
1236
1247
549000
1247
1252
1274
1250
1268
550500
1268
1276
1288
1264
1282
725600
1282
1285
1310
1285
1289
785300
1289
1295
1297
1276
1279
636900
1279
1269
1286
1263
1264
653000
1264
1262
1265
1238
1256
681200
1256
1271
1277
1251
1256
506800
1256
1259
1288
1258
1275
734800
1275
1270
1276
1261
1263
689200
1263
1269
1270
1251
1253
638200
1253
1253
1255
1222
1231
624900
1231
1228
1237
1217
1219
442300
1219
1210
1223
1200
1220
736300
1220
1218
1218
1201
1208
760700
1208
1202
1220
1193
1215
913800
1215
1203
1222
1201
1209
349200
1209
1205
1223
1194
1219
474400
1219
1217
1220
1204
1211
389200
1211
1210
1221
1203
1216
496400
1216
1216
1242
1216
1240
603600
1240
1265
1290
1228
1231
1310300
1231
1231
1234
1198
1211
755400
1211
1201
1221
1201
1217
383800
1217
1219
1219
1209
1217
474800
1217
1228
1263
1227
1260
925400
1260
1260
1260
1229
1252
479600
1252
1260
1267
1248
1256
522400
1256
1247
1247
1232
1239
430800
1239
1242
1246
1229
1232
294300
1232
1241
1245
1231
1241
265700
1241
1252
1263
1246
1258
393600
1258
1268
1275
1260
1266
365900
1266
1268
1274
1262
1270
408400
1270
1269
1271
1254
1261
331300
1261
1255
1266
1250
1263
389000
1263
1268
1282
1261
1281
453700
1281
1285
1289
1270
1273
442800
1273
1283
1289
1277
1289
497000
1289
1283
1299
1275
1299
732800
1299
1338
1368
1314
1348
1456000
1348
1348
1369
1333
1365
1101000
1365
1361
1379
1354
1379
852900
1379
1379
1396
1379
1394
746900
1394
1394
1394
1367
1373
674000
1373
1370
1392
1361
1389
675100
1389
1392
1403
1389
1403
468200
1403
1406
1419
1401
1407
557400
1407
1404
1406
1386
1405
360400
1405
1411
1416
1387
1392
627800
1392
1370
1378
1348
1350
616900
1350
1360
1376
1354
1374
820700
1374
1380
1382
1361
1368
379200
1368
1356
1369
1345
1356
767100
1356
1365
1368
1356
1364
339900
1364
1349
1350
1331
1342
534000
1342
1345
1353
1329
1333
536400
1333
1323
1328
1312
1325
736900
1325
1333
1342
1319
1322
470400
1322
1339
1356
1332
1338
384700
1338
1347
1355
1342
1354
352200
1354
1361
1369
1357
1360
244000
1360
1364
1388
1364
1385
401500
1385
1392
1407
1387
1392
674900
1392
1383
1406
1378
1401
449500
1401
1394
1401
1379
1388
367900
1388
1390
1392
1381
1383
278300
1383
1383
1394
1377
1387
272200
1387
1373
1382
1362
1379
392900
1379
1370
1373
1345
1358
659500
1358
1350
1368
1347
1360
383600
1360
1361
1374
1351
1368
413800
1368
1375
1382
1352
1358
461300
1358
1368
1384
1366
1374
381400
1374
1384
1410
1381
1409
810600
1409
1415
1427
1404
1425
796700
1425
1442
1448
1427
1440
593200
1440
1450
1467
1436
1441
1016500
1441
1461
1489
1460
1489
1466300
1489
1470
1484
1469
1479
516300
1479
1471
1489
1462
1487
464900
1487
1489
1493
1474
1485
604800
1485
1498
1509
1487
1493
967400
1493
1500
1504
1476
1478
599200
1478
1489
1494
1478
1485
475400
1485
1486
1490
1454
1464
531600
1464
1479
1487
1466
1473
542900
1473
1470
1483
1465
1474
508400
1474
1454
1458
1440
1443
502900
1443
1446
1455
1437
1441
419100
1441
1390
1405
1385
1399
647000
1399
1391
1411
1391
1405
497400
1405
1393
1407
1387
1402
413000
1402
1406
1447
1406
1444
541200
1444
1468
1478
1461
1467
482900
1467
1464
1478
1458
1475
429900
1475
1459
1462
1446
1461
516000
1461
1446
1453
1420
1448
431100
1448
1441
1441
1417
1419
451600
1419
1502
1568
1485
1554
3508200
1554
1518
1543
1504
1535
1425300
1535
1546
1555
1493
1528
1144200
1528
1528
1562
1520
1552
1217900
1552
1552
1608
1545
1587
1798400
1587
1585
1586
1540
1548
805600
1548
1573
1573
1451
1525
1211700
1525
1539
1540
1495
1512
830800
1512
1508
1519
1486
1508
691100
1508
1509
1545
1507
1532
613500
1532
1530
1547
1505
1511
632500
1511
1533
1545
1517
1542
488700
1542
1537
1546
1527
1539
524200
1539
1533
1549
1520
1540
540600
1540
1509
1522
1492
1517
488300
1517
1513
1520
1489
1491
501500
1491
1473
1512
1465
1510
417800
1510
1524
1532
1506
1510
374700
1510
1494
1520
1488
1513
260000
1513
1508
1544
1502
1544
479500
1544
1505
1516
1490
1504
473500
1504
1505
1507
1496
1504
235500
1504
1500
1525
1500
1524
332500
1524
1538
1562
1535
1547
589000
1547
1547
1547
1505
1537
527400
1537
1550
1564
1522
1523
395000
1523
1519
1521
1494
1500
583500
1500
1519
1529
1505
1522
411100
1522
1515
1531
1513
1521
441600
1521
1490
1502
1472
1501
478800
1501
1485
1485
1454
1468
482900
1468
1471
1480
1457
1475
317000
1475
1451
1464
1439
1462
307500
1462
1469
1470
1440
1447
303400
1447
1447
1478
1441
1466
422800
1466
1390
1400
1328
1384
1242400
1384
1371
1387
1351
1353
775300
1353
1339
1344
1311
1315
844100
1315
1309
1356
1304
1333
823500
1333
1333
1352
1328
1340
409600
1340
1345
1374
1319
1327
778300
1327
1298
1301
1262
1269
842900
1269
1223
1234
1211
1220
481400
1220
1230
1242
1209
1227
513800
1227
1273
1287
1261
1277
698500
1277
1269
1306
1269
1299
574100
1299
