2672
2674
2606
2645
4114400
2645
2652
2714
2643
2708
3124400
2708
2719
2774
2719
2757
2727400
2757
2744
2781
2740
2766
1628300
2766
2766
2772
2743
2757
1455200
2757
2755
2769
2712
2722
1972800
2722
2733
2739
2711
2726
1278800
2726
2730
2761
2729
2749
1171100
2749
2745
2769
2733
2765
1693300
2765
2789
2810
2750
2759
2392000
2759
2760
2772
2753
2759
1356400
2759
2749
2772
2747
2760
984000
2760
2748
2779
2746
2762
1464600
2762
2750
2780
2750
2763
1525500
2763
2741
2741
2680
2695
2625100
2695
2704
2724
2683
2690
1426900
2690
2688
2711
2680
2690
1329900
2690
2669
2676
2618
2648
1954800
2648
2628
2685
2616
2647
3028900
2647
2460
2479
2390
2401
8177100
2401
2391
2394
2354
2386
3728800
2386
2340
2340
2300
2314
3914600
2314
2222
2250
2165
2230
5907900
2230
2268
2298
2182
2186
3989100
2186
2172
2209
2164
2194
3000600
2194
2105
2138
2097
2120
4177800
2120
2100
2105
2060
2064
3413500
2064
2014
2058
1991
2005
3710200
2005
2035
2062
2025
2034
2045500
2034
2035
2065
2027
2052
1737900
2052
2072
2098
2068
2088
2085900
2088
2087
2096
2047
2069
2033700
2069
2071
2083
2057
2073
1751000
2073
2058
2061
2010
2028
2400400
2028
2028
2046
2021
2044
1493300
2044
2075
2088
2065
2069
1196400
2069
2110
2120
2093
2101
1978100
2101
2084
2093
2054
2054
2377900
2054
2064
2075
2052
2064
1927300
2064
2028
2028
1984
1997
3036600
1997
1970
1992
1953
1966
1406300
1966
1987
2012
1987
1987
1783000
1987
1970
1971
1945
1953
3521200
1953
1954
1973
1950
1959
2139100
1959
1981
2019
1975
1987
3471600
1987
2046
2046
2014
2024
1734200
2024
2024
2027
1999
2019
1444700
2019
1985
1987
1956
1961
3398100
1961
1950
1968
1939
1963
1519800
1963
1973
1977
1947
1947
1581000
1947
1931
1945
1906
1909
2030300
1909
1898
1943
1892
1934
1923700
1934
1942
1949
1909
1935
1742000
1935
1874
1884
1842
1851
3798000
1851
1830
1857
1822
1857
1863000
1857
1865
1904
1858
1904
2308800
1904
1865
1872
1848
1867
2236300
1867
1867
1872
1810
1822
2689700
1822
1855
1897
1850
1891
2768300
1891
1887
1898
1876
1876
1190800
1876
1850
1867
1841
1859
1737600
1859
1914
1922
1889
1892
2457900
1892
1904
1915
1880
1907
1427100
1907
1900
1903
1876
1888
1659700
1888
1884
1913
1878
1909
1284100
1909
1900
1945
1895
1937
1697300
1937
1948
1962
1936
1938
1457900
1938
1929
1931
1912
1924
1098300
1924
1935
1970
1932
1965
1731000
1965
1979
1982
1949
1978
1183500
1978
1968
1978
1959
1974
1134500
1974
2020
2038
1996
2030
2519800
2030
2060
2094
2053
2074
2855400
2074
2052
2059
2031
2056
2026400
2056
2077
2077
2028
2033
1474300
2033
2049
2069
2041
2065
1482400
2065
2053
2054
2025
2043
1447700
2043
2065
2070
2052
2057
1731600
2057
2067
2067
2024
2055
2352000
2055
1977
1993
1941
1950
4061600
1950
1957
2021
1945
2016
3161200
2016
2031
2035
1989
2001
1609100
2001
2019
2044
2010
2014
1581800
2014
2016
2027
2000
2011
1566800
2011
2020
2049
2016
2040
1072300
2040
2056
2083
2047
2079
1994600
2079
2098
2099
2080
2092
1549600
2092
2080
2085
2039
2044
2076200
2044
2045
2075
2041
2055
1456000
2055
2055
2075
2053
2055
1093200
2055
2070
2073
2056
2064
1142300
2064
2061
2078
2056
2068
914900
2068
2079
2080
2044
2047
1059900
2047
2037
2056
2006
2011
1695500
2011
1999
1999
1934
1946
2965600
1946
1950
1968
1947
1958
1565700
1958
1966
1989
1963
1982
1200900
1982
1974
1975
1930
1941
1255800
1941
1898
1904
1881
1898
2040900
1898
1913
1921
1892
1909
2108500
1909
1888
1921
1881
1912
1443500
1912
1930
1961
1930
1947
1278900
1947
1950
1959
1944
1953
1124300
1953
1956
1965
1947
1951
1440400
1951
1960
1981
1960
1968
1642200
1968
1950
1975
1935
1956
2367700
1956
1949
1972
1940
1958
785500
1958
1980
1987
1950
1961
1097400
1961
1960
1963
1946
1955
789500
1955
1955
1969
1948
1948
1142300
1948
1948
1956
1929
1944
1710200
1944
1917
1939
1888
1896
1361900
1896
1888
1909
1863
1864
1669600
1864
1861
1907
1847
1904
1363700
1904
1882
1914
1875
1906
1048000
1906
1878
1894
1874
1890
1059900
1890
1885
1919
1885
1907
1091100
1907
1890
1928
1882
1926
1216300
1926
1937
1939
1901
1925
1244000
1925
1929
1949
1911
1932
1894200
1932
1939
1939
1908
1926
1400200
1926
1913
1934
1879
1882
1731600
1882
1943
1947
1890
1920
3386900
1920
1917
1930
1891
1897
1518900
1897
1886
1905
1873
1898
2022700
1898
1889
1907
1878
1894
1675100
1894
1898
1923
1897
1917
1323900
1917
1931
1977
1930
1951
2661000
1951
1935
1939
1881
1914
2187500
1914
1921
1921
1879
1903
1715500
1903
1934
1959
1918
1945
2360100
1945
1965
1969
1947
1957
1570600
1957
1956
1963
1932
1938
1409600
1938
1945
1969
1939
1960
1512000
1960
1970
1973
1931
1949
1618200
1949
1934
1945
1922
1941
1193100
1941
1949
1956
1935
1943
1386300
1943
1937
1956
1933
1954
985600
1954
1970
1976
1953
1956
1390000
1956
1969
1983
1957
1982
2138300
1982
2072
2075
1997
2017
3538300
2017
2018
2024
1999
2013
2238800
2013
1990
2007
1970
2003
2246600
2003
1990
2002
1973
1978
1984100
1978
1978
1983
1947
1961
1623600
1961
1950
1964
1936
1960
1465900
1960
1960
1975
1944
1975
1400000
1975
1962
1990
1952
1981
1539200
1981
1988
1988
1966
1983
1164400
1983
1989
1990
1944
1951
2185800
1951
1949
1956
1900
1912
2245600
1912
1930
1974
1925
1971
2147200
1971
1960
1968
1931
1949
1066000
1949
1934
1957
1909
1943
1559800
1943
1952
1955
1935
1943
1563500
1943
1930
1935
1907
1920
1610800
1920
1921
1932
1907
1913
1454000
1913
1919
1942
1911
1940
1524700
1940
1925
1939
1895
1898
1811700
1898
1907
1907
1869
1882
1455600
1882
1880
1902
1876
1897
1090600
1897
1912
1930
1902
1913
1401500
1913
1910
1939
1906
1926
1109500
1926
1933
1939
1917
1925
1249000
1925
1898
1916
1890
1901
1231700
1901
1883
1889
1868
1871
1722000
1871
1865
1867
1851
1855
1535900
1855
1851
1862
1839
1850
1505200
1850
1834
1853
1832
1833
1610200
1833
1813
1826
1803
1821
1809700
1821
1801
1837
1801
1832
1285300
1832
1834
1850
1828
1845
1397600
1845
1845
1845
1804
1810
1770400
1810
1809
1838
1809
1830
1278000
1830
1851
1870
1831
1865
2757100
1865
1870
1924
1866
1918
2015700
1918
1953
1960
1941
1954
1965800
1954
1962
1973
1950
1957
1802400
1957
1979
2000
1968
1997
2534600
1997
2009
2009
1972
1985
2062400
1985
1965
1965
1921
1947
2081400
1947
1945
1958
1923
1927
1809300
1927
1945
1958
1928
1938
2043300
1938
1940
1958
1930
1942
1693500
1942
1952
1972
1944
1957
2614000
1957
1949
1951
1930
1934
1654300
1934
1940
1968
1935
1954
1943100
1954
1938
1952
1932
1943
1637000
1943
1934
1937
1890
1902
2329300
1902
1916
1920
1879
1891
2109200
1891
1831
1847
1819
1845
2676000
1845
1808
1867
1807
1860
3083600
1860
1851
1877
1835
1860
1989900
1860
1858
1896
1854
1895
1808900
1895
1918
1933
1903
1925
1673900
1925
1929
1943
1909
1911
1369600
1911
1880
1901
1875
1898
1398300
1898
1919
1951
1888
1940
2054800
1940
1930
1941
1883
1892
2213000
1892
1912
1920
1885
1902
1856400
1902
1850
1874
1829
1846
2116000
1846
1870
1878
1848
1867
2057100
1867
1868
1892
1861
1883
1757400
1883
1847
1886
1835
1885
5056800
1885
1851
1864
1812
1824
4017400
1824
1830
1870
1823
1831
2365300
1831
1816
1859
1811
1858
2190900
1858
1843
1857
1817
1850
1560400
1850
1866
1884
1855
1870
1409900
1870
1880
1901
1857
1864
1456100
1864
1895
1902
1859
1860
1547800
1860
1874
1892
1862
1865
1306700
1865
1847
1866
1834
1866
952300
1866
1834
1846
1809
1845
2012400
1845
1843
1857
1832
1853
1017600
1853
1838
1860
1838
1860
819400
1860
1862
1879
1845
1853
1457500
1853
1853
1869
1850
1869
1318300
1869
1848
1854
1830
1852
1453700
1852
1852
1857
1822
1846
1628600
1846
1843
1854
1835
1848
1155900
1848
1836
1853
1831
1851
1624100
1851
1877
1906
1876
1886
2072500
1886
1893
1917
1893
1913
1885600
1913
1923
1938
1907
1913
1299800
1913
1870
1882
1785
1804
6075300
1804
1812
1818
1786
1807
2376800
1807
1796
1807
1756
1759
2403400
1759
1741
1742
1696
1711
2731100
1711
1695
1695
1653
1678
2667400
1678
1678
1701
1669
1673
1882900
1673
1640
1641
1614
1627
2328700
1627
1606
1620
1591
1599
2105800
1599
1607
1624
1594
1611
1961800
1611
1616
1630
1611
1616
1931500
1616
1598
1617
1577
1584
3157600
1584
1581
1610
1581
1587
1482800
1587
1571
1588
1561
1580
1674000
1580
1574
1579
1549
1567
2081000
1567
1546
1552
1513
1526
2784800
1526
1496
1535
1493
1520
2851200
1520
1480
1486
1465
1468
2950200
1468
1484
1512
1472
1498
2325200
1498
1531
1554
1528
1539
2407700
1539
1522
1565
1520
1548
1751300
1548
