1675
1691.5
1671
1691
13746200
1691
1697
1724.5
1695.5
1719
14879200
1719
1740
1740.5
1728.5
1732.5
10485700
1732.5
1732.5
1740
1723.5
1738.5
9619400
1738.5
1727.5
1732.5
1723.5
1728.5
8735700
1728.5
1724
1727
1682
1708
10845800
1708
1718
1719.5
1699
1705.5
6682100
1705.5
1702
1719
1681
1716.5
7706500
1716.5
1705.5
1708
1690
1694
8455800
1694
1708
1712.5
1677
1678.5
10292000
1678.5
1683
1701.5
1676.5
1696.5
6642300
1696.5
1700
1719
1691.5
1700
8582000
1700
1710
1718
1702
1714.5
7898300
1714.5
1710
1736
1708
1716
9604900
1716
1706
1707
1678
1679
11663400
1679
1692.5
1698
1659
1659
9561500
1659
1662
1671.5
1656
1658.5
6581100
1658.5
1663
1668
1616
1626.5
12563100
1626.5
1613
1650
1610.5
1619
10832300
1619
1630
1643
1616
1641.5
7308500
1641.5
1634
1649
1625
1641
6350500
1641
1601
1624
1597
1610
10445800
1610
1550
1572
1523.5
1566.5
24360400
1566.5
1635
1660.5
1599
1599.5
18508900
1599.5
1607
1619
1588.5
1607
11039800
1607
1540
1585
1532
1585
12533900
1585
1614
1625
1588
1593.5
12673900
1593.5
1584
1587.5
1545.5
1562.5
11253600
1562.5
1581
1590.5
1566.5
1576.5
7611600
1576.5
1597.5
1618.5
1589
1604
8705400
1604
1620
1652.5
1615.5
1649.5
9248300
1649.5
1641
1657
1629
1651.5
7215700
1651.5
1650
1661
1635.5
1647.5
7752900
1647.5
1647.5
1647.5
1618.5
1623.5
7777900
1623.5
1619.5
1650
1615
1646.5
6131500
1646.5
1661
1678.5
1661
1670.5
7871700
1670.5
1700
1706.5
1688
1695.5
12347500
1695.5
1699
1705
1677.5
1677.5
9686700
1677.5
1660
1666.5
1641.5
1651
9140200
1651
1620
1630
1599.5
1620.5
9797800
1620.5
1602.5
1611.5
1596
1607
5728000
1607
1640
1652.5
1624
1624
6918100
1624
1610
1632.5
1606
1611
6709600
1611
1625
1626
1606
1611.5
5020100
1611.5
1635
1662
1625.5
1635
11526500
1635
1682
1684.5
1665
1679.5
9721600
1679.5
1680
1692
1671
1692
8771600
1692
1674
1692
1672
1688.5
7408000
1688.5
1675
1694
1674.5
1689
5510900
1689
1688
1696.5
1678.5
1684
7611200
1684
1676
1679
1644
1648.5
6788200
1648.5
1627.5
1648
1612.5
1647
7968100
1647
1654
1665.5
1629
1645
8043500
1645
1600
1615
1583
1593.5
14425700
1593.5
1573.5
1579
1549.5
1570.5
10128600
1570.5
1602.5
1653
1600
1649.5
12325600
1649.5
1583.5
1587.5
1549
1565.5
18425900
1565.5
1552
1554
1479
1503.5
21888500
1503.5
1503.5
1537
1502
1521
11471400
1521
1520
1527
1509
1514
7189700
1514
1494
1499
1482
1494.5
9883900
1494.5
1524
1543.5
1522.5
1529.5
11524600
1529.5
1528.5
1529
1496
1523
13180300
1523
1530
1539
1525.5
1528
6951800
1528
1525.5
1545.5
1518.5
1541.5
5452500
1541.5
1539.5
1549
1526.5
1541
7607300
1541
1535
1544
1532
1535.5
5166500
1535.5
1523
1526
1509.5
1522.5
6667100
1522.5
1530
1569.5
1530
1561
9037200
1561
1558
1565.5
1551.5
1558
4330000
1558
1554.5
1558
1545
1553
5299900
1553
1557
1584
1552
1575.5
8125600
1575.5
1581
1586
1565.5
1567.5
5898000
1567.5
1552
1586.5
1551
1581.5
5858300
1581.5
1574
1582.5
1569
1580
4211200
1580
1599
1610
1589
1606.5
6463200
1606.5
1591
1610
1585.5
1604.5
6804200
1604.5
1609
1620
1602.5
1617
7187800
1617
1624
1633
1618.5
1632
6956000
1632
1620.5
1622
1595
1614.5
6278500
1614.5
1616
1619
1600.5
1605
3808700
1605
1569.5
1592
1566
1590.5
6100700
1590.5
1590.5
1604.5
1588.5
1596.5
5406300
1596.5
1580
1588
1543.5
1556
10618000
1556
1550.5
1568
1548
1562
4903400
1562
1626
1647
1595.5
1638
17270200
1638
1629.5
1640.5
1624.5
1633.5
7421600
1633.5
1638
1639.5
1624
1629
6076600
1629
1620
1622
1588.5
1596.5
11864100
1596.5
1595
1615
1584
1611
6986800
1611
1603.5
1618
1603
1609.5
5268800
1609.5
1606
1613
1593.5
1593.5
6283600
1593.5
1576
1576.5
1560.5
1565.5
9439800
1565.5
1560
1570.5
1549.5
1563
7694000
1563
1550
1558
1520.5
1523
9108400
1523
1507
1525
1505
1520
6508200
1520
1505
1520.5
1503.5
1517.5
4440300
1517.5
1515
1522.5
1504
1513
4866800
1513
1488
1495
1462
1494
9264400
1494
1499.5
1500
1473.5
1489.5
10019400
1489.5
1475.5
1511.5
1475
1503
6937300
1503
1514.5
1531.5
1514
1524.5
5103600
1524.5
1533
1549.5
1518
1521.5
4633500
1521.5
1523.5
1547.5
1522
1537.5
8762500
1537.5
1554.5
1582.5
1551.5
1579
11209300
1579
1562.5
1571
1552
1558
8255800
1558
1559.5
1579
1555
1575.5
5267100
1575.5
1600
1617
1587
1597
10598600
1597
1599.5
1600.5
1576
1589.5
5459200
1589.5
1584
1584
1559.5
1559.5
5628200
1559.5
1570.5
1576.5
1548
1566
5992200
1566
1541
1543
1518
1524.5
6821400
1524.5
1521
1535.5
1515.5
1517
5136500
1517
1520.5
1529.5
1497.5
1526
5482700
1526
1526
1532
1513.5
1523
4519700
1523
1502
1514.5
1495.5
1505.5
5219700
1505.5
1498
1505
1485.5
1487
5553300
1487
1490
1490.5
1463
1486
6082400
1486
1477.5
1482
1463.5
1467
6025000
1467
1482
1494.5
1465
1478.5
9140400
1478.5
1489
1505
1475.5
1493.5
7465300
1493.5
1493.5
1520
1472.5
1476
8519900
1476
1482
1484
1449
1461
7276800
1461
1449
1451
1431.5
1434
7536200
1434
1429
1429
1402.5
1406.5
7669900
1406.5
1413
1416.5
1404.5
1410
7681200
1410
1406
1409.5
1393
1403.5
8584000
1403.5
1403.5
1420.5
1400
1404
9449500
1404
1395
1405.5
1383
1398.5
6826200
1398.5
1402
1412
1398
1404
6485200
1404
1410
1434
1408
1427.5
8701400
1427.5
1456
1461
1440.5
1443
8023100
1443
1459
1469
1449
1452
6238100
1452
1452
1456.5
1439.5
1450.5
4627400
1450.5
1440
1452.5
1433.5
1443
5272400
1443
1421
1441
1416.5
1425.5
6993800
1425.5
1407.5
1419.5
1400
1412.5
8879500
1412.5
1412.5
1423
1409.5
1412
4344200
1412
1422
1442.5
1421
1435
7540500
1435
1436.5
1438.5
1423.5
1435
4845300
1435
1434.5
1436.5
1425
1432
5151100
1432
1448.5
1450.5
1431.5
1438
6993300
1438
1429
1431
1366
1412
16515700
1412
1433
1474.5
1430
1437.5
13507500
1437.5
1485
1490.5
1465.5
1469.5
15165400
1469.5
1469
1471
1444
1449.5
8241200
1449.5
1452
1455.5
1432
1450.5
5239600
1450.5
1459.5
1459.5
1439
1441.5
4584300
1441.5
1438
1439.5
1426
1437.5
3828100
1437.5
1434
1434.5
1417
1422.5
5361100
1422.5
1403
1404.5
1388.5
1389
7550800
1389
1395
1414
1389
1406.5
4453100
1406.5
1398
1406
1383
1390.5
5626000
1390.5
1365.5
1369.5
1333.5
1361
13020600
1361
1380.5
1388.5
1367
1369
5500700
1369
1350
1362.5
1343.5
1360.5
5398200
1360.5
1354
1364.5
1330.5
1332.5
9595200
1332.5
1336.5
1352.5
1333
1346.5
5097100
1346.5
1348.5
1360
1344
1345
4717600
1345
1347
1352.5
1333.5
1346
5604800
1346
1341.5
1353
1339.5
1347
4979600
1347
1356
1363.5
1351
1356.5
6004300
1356.5
1363
1374.5
1358.5
1363
5032000
1363
1363
1365
1344.5
1346.5
6908900
1346.5
1338
1339
1326.5
1326.5
7825300
1326.5
1333.5
1343
1319
1321.5
5368300
1321.5
1318
1319.5
1302
1306.5
6633200
1306.5
1307.5
1317.5
1306
1313.5
6783300
1313.5
1303.5
1307
1291.5
1293.5
6750800
1293.5
1277
1277.5
1266
1273.5
7341600
1273.5
1257
1277.5
1256
1264
6159900
1264
1266.5
1278
1264
1274
5350600
1274
1266
1276
1250
1255.5
7117400
1255.5
1245.5
1269.5
1240
1261
7160400
1261
1274
1289.5
1271.5
1281
9399700
1281
1298.5
1331.5
1297
1324
15065000
1324
1353
1364.5
1342.5
1347.5
11799300
1347.5
1347.5
1352
1333
1340
9622200
1340
1358
1374
1351
1366
12756900
1366
1364
1368.5
1350
1368.5
10049500
1368.5
1362
1369
1341.5
1348.5
11535300
1348.5
1345
1347.5
1329
1337
7235800
1337
1333.5
1335.5
1314
1323.5
12366500
1323.5
1332
1348
1330
1335.5
8751600
1335.5
1352.5
1386
1351
1371.5
13307500
1371.5
1350
1363
1335.5
1346.5
11857400
1346.5
1365
1376
1354
1356.5
7351100
1356.5
1337
1346.5
1332
1334.5
8948900
1334.5
1312
1316.5
1301.5
1308.5
10137600
1308.5
1306
1317
1286.5
1302.5
9855300
1302.5
1250
1262.5
1237.5
1247.5
13598700
1247.5
1235
1253.5
1233
1249.5
11703100
1249.5
1235
1241
1228.5
1228.5
8309800
1228.5
1228
1237.5
1223.5
1235
7757100
1235
1260
1264
1243.5
1250.5
7578600
1250.5
1253.5
1255
1241.5
1242
5890700
1242
1229.5
1234.5
1222
1231.5
6078600
1231.5
1220.5
1237
1215.5
1228.5
6025700
1228.5
1224
1229
1203
1204.5
8115200
1204.5
1234.5
1247.5
1214
1216.5
8618900
1216.5
1196.5
1241
1191
1222.5
16860100
1222.5
1251.5
1254.5
1212
1223
10764500
1223
1230
1240
1213.5
1216.5
7087000
1216.5
1200
1232.5
1196
1225.5
9491600
1225.5
1250
1251.5
1227.5
1249.5
9606500
1249.5
1150
1179
1122
1179
21865400
1179
1192.5
1193
1157.5
1181
10203900
1181
1161.5
1190
1149
1178.5
9191700
1178.5
1172
1185
1169
1179
5349600
1179
1180
1204.5
1175.5
1181
7670700
1181
1191
1203
1178.5
1180.5
7744300
1180.5
1184
1190.5
1176.5
1179
5547200
1179
1154.5
1165.5
1143
1160
7371100
1160
1132.5
1139
1117.5
1136
9578900
1136
1129.5
1139.5
1121.5
1135
9500400
1135
1117
1127
1107
1122.5
7449100
1122.5
1119.5
1134
1109.5
1111
8198900
1111
1111
1121
1107.5
1115
6559100
1115
1100
1120.5
1099
1109
5376900
1109
1086
1106.5
1085
1102.5
7689000
1102.5
1104.5
1112.5
1101.5
1108
5046700
1108
1106.5
1122
1106.5
1114
6536800
1114
1136.5
1150
1135
1144.5
11497300
1144.5
1158
1172
1150
1160.5
13168600
1160.5
1175
1180
1158.5
1159.5
7018400
1159.5
1164.5
1174
1157
1164.5
16248900
1164.5
1181
1192
1171
1184
8699800
1184
1191
1196
1153.5
1160
10123100
1160
1142.5
1159.5
1141.5
1152.5
8316400
1152.5
1140
1145.5
1112.5
1121.5
10590300
1121.5
1130.5
1133.5
1105.5
1108
7679300
1108
1085
1092
1075.5
1086
7617800
1086
1080
1085
1048.5
1050.5
8834100
1050.5
1065
1091
1063.5
1084
10911700
1084
1087.5
1109
1086.5
1100.5
8441100
1100.5
1100
1114
1081
1091.5
9751900
1091.5
1084.5
1098
1082
1087
5020100
1087
1070.5
1079
1059
1068
7976100
1068
1062.5
1074.5
1051.5
1056.5
7609200
1056.5
1035
1040
999.5
1003
14893000
1003
981.1
993.3
973.1
974.2
17403900
974.2
930
935.7
917.7
920
13357100
920
930
951.7
925.6
938
11530100
938
983
994
968.8
989.1
12983800
989.1
982.5
995.9
980.1
990.6
8833200
990.6
