2180
2255
2178
2253
1299900
2253
2287
2293
2272
2291
975200
2291
2310
2319
2292
2297
930000
2297
2296
2299
2271
2274
568700
2274
2266
2267
2238
2253
808700
2253
2256
2270
2247
2256
1110200
2256
2270
2288
2249
2255
630900
2255
2256
2284
2244
2283
400100
2283
2265
2286
2254
2275
692900
2275
2300
2302
2254
2258
1127900
2258
2274
2278
2245
2262
754800
2262
2272
2274
2231
2243
629300
2243
2250
2284
2242
2278
984100
2278
2274
2276
2240
2251
815600
2251
2241
2247
2219
2224
1033400
2224
2237
2240
2202
2206
804800
2206
2200
2215
2190
2209
871600
2209
2191
2218
2179
2186
1010600
2186
2300
2355
2297
2316
2611800
2316
2339
2348
2311
2334
1076700
2334
2331
2344
2305
2318
783300
2318
2242
2255
2203
2208
1419300
2208
2083
2093
2000
2066
2905500
2066
2140
2330
2137
2173
4451800
2173
2151
2217
2138
2188
2656900
2188
2117
2128
2078
2110
1755700
2110
2146
2178
2101
2106
1707300
2106
2078
2127
2064
2093
1300700
2093
2137
2184
2114
2160
1398400
2160
2152
2191
2150
2169
949500
2169
2185
2234
2173
2231
882600
2231
2228
2235
2210
2220
702100
2220
2215
2278
2198
2255
1211100
2255
2219
2229
2203
2211
998100
2211
2216
2216
2164
2175
1274100
2175
2207
2216
2175
2193
1015900
2193
2228
2241
2211
2221
1308300
2221
2203
2214
2178
2178
1253100
2178
2190
2191
2147
2161
1286100
2161
2091
2100
2055
2065
1503100
2065
2041
2051
2004
2019
748100
2019
2058
2093
2058
2063
807200
2063
2051
2090
2050
2071
1672800
2071
2094
2102
2074
2083
1179800
2083
2118
2162
2099
2115
1638900
2115
2192
2202
2168
2196
1085900
2196
2189
2244
2183
2242
961500
2242
2218
2227
2192
2203
850100
2203
2198
2208
2168
2200
934400
2200
2220
2226
2199
2204
1140500
2204
2195
2208
2158
2179
769400
2179
2150
2154
2123
2137
696600
2137
2142
2181
2142
2171
734100
2171
2085
2127
2039
2046
1854400
2046
2016
2041
1998
2041
950300
2041
2078
2143
2078
2138
1758700
2138
2088
2099
2057
2091
999100
2091
2117
2133
2099
2122
772300
2122
2165
2202
2153
2198
1207600
2198
2194
2229
2194
2203
802700
2203
2165
2179
2149
2171
1046300
2171
2190
2200
2147
2151
811700
2151
2162
2177
2141
2162
969300
2162
2143
2154
2107
2115
1323900
2115
2112
2122
2098
2112
914900
2112
2107
2176
2103
2170
1001200
2170
2172
2193
2165
2184
613900
2184
2184
2191
2159
2167
489600
2167
2183
2250
2180
2234
1224800
2234
2250
2264
2227
2249
543400
2249
2247
2283
2245
2269
965700
2269
2272
2333
2271
2324
1060400
2324
2342
2350
2329
2339
1000500
2339
2348
2377
2327
2369
1075600
2369
2366
2392
2341
2383
882200
2383
2410
2423
2381
2386
789800
2386
2356
2398
2342
2395
900600
2395
2408
2426
2377
2387
962100
2387
2411
2429
2393
2414
1243900
2414
2366
2426
2360
2398
1372000
2398
2405
2414
2365
2377
1040600
2377
2377
2396
2365
2393
821800
2393
2360
2393
2354
2372
1434700
2372
2072
2143
2040
2085
4285800
2085
2084
2112
2020
2040
3039600
2040
2034
2078
2032
2069
1745600
2069
2057
2086
2051
2084
991000
2084
2084
2094
2056
2086
1261200
2086
2086
2088
2060
2071
848700
2071
2095
2148
2089
2125
2068300
2125
2133
2135
2119
2124
1109300
2124
2125
2146
2121
2135
655700
2135
2119
2120
2096
2118
913300
2118
2106
2131
2101
2114
1243300
2114
2101
2101
2060
2063
1090200
2063
2032
2039
2013
2014
1438100
2014
2010
2015
1982
1999
894000
1999
1985
1989
1950
1964
1174000
1964
1965
1988
1946
1960
2117600
1960
1960
1997
1960
1989
2037400
1989
1980
2021
1980
2007
1105200
2007
2054
2064
2039
2053
1119200
2053
2084
2092
2061
2064
1397200
2064
2061
2105
2052
2097
1065800
2097
2111
2118
2087
2090
1136400
2090
2092
2093
2060
2071
1287100
2071
2067
2078
2052
2075
530300
2075
2105
2108
2074
2077
848700
2077
2062
2064
2020
2035
1108400
2035
2008
2020
1988
1990
1043700
1990
2003
2013
1991
2008
874200
2008
2002
2004
1970
1978
687500
1978
1964
1980
1932
1937
1065500
1937
1938
1960
1900
1957
845300
1957
1948
1973
1937
1955
531700
1955
1925
1928
1902
1924
664600
1924
1934
1939
1907
1911
686900
1911
1900
1951
1899
1935
797100
1935
1931
1984
1921
1969
1293600
1969
1954
1999
1934
1994
1030000
1994
1982
1982
1949
1972
808100
1972
1957
1976
1913
1917
863400
1917
1921
1936
1900
1930
1093500
1930
1916
1943
1913
1936
578000
1936
1912
1914
1888
1901
1414700
1901
1932
1956
1926
1941
1005500
1941
1955
1978
1950
1969
584100
1969
1979
2005
1964
1993
1063500
1993
1951
1954
1910
1947
883300
1947
1954
1990
1953
1972
675100
1972
1988
2001
1947
1977
1424400
1977
1988
1988
1965
1965
797600
1965
1985
1986
1970
1971
602300
1971
1966
1978
1951
1961
960500
1961
1965
1974
1925
1954
911100
1954
1943
1944
1930
1935
703700
1935
1950
1973
1933
1942
821400
1942
1982
1982
1955
1974
587900
1974
2003
2003
1971
1979
613300
1979
1995
2006
1987
1993
418200
1993
1979
1988
1967
1977
637800
1977
1961
1994
1960
1981
622300
1981
1987
1991
1975
1978
792600
1978
1983
2003
1951
1954
587300
1954
1954
1983
1946
1980
988600
1980
1980
1980
1942
1946
710300
1946
1933
1971
1925
1965
1284200
1965
2105
2125
2041
2048
2473100
2048
2051
2101
2033
2087
1723100
2087
2083
2107
2067
2090
1620100
2090
2079
2082
2013
2030
1083800
2030
2028
2113
2028
2109
1355900
2109
2120
2141
2087
2114
1054500
2114
2088
2124
2065
2118
1172700
2118
2145
2172
2134
2146
1444600
2146
2145
2148
2121
2133
533800
2133
2116
2141
2102
2133
831300
2133
2150
2180
2141
2167
608400
2167
2174
2174
2145
2161
611300
2161
2173
2173
2143
2170
601400
2170
2179
2220
2176
2214
584900
2214
2238
2254
2215
2219
702700
2219
2230
2272
2228
2264
871200
2264
2305
2327
2289
2300
1298600
2300
2268
2301
2243
2279
1142500
2279
2282
2283
2253
2262
671400
2262
2262
2279
2254
2265
630600
2265
2256
2266
2234
2248
722100
2248
2231
2240
2196
2231
1433500
2231
2216
2216
2178
2196
756400
2196
2187
2213
2183
2208
642900
2208
2216
2233
2210
2232
725400
2232
2247
2247
2205
2226
581100
2226
2233
2251
2217
2230
669900
2230
2256
2301
2240
2300
1494000
2300
2304
2331
2273
2326
1097700
2326
2350
2380
2336
2349
1208100
2349
2378
2409
2369
2398
1246700
2398
2423
2456
2402
2434
2160000
2434
2453
2460
2406
2427
1364100
2427
2403
2419
2389
2418
1317300
2418
2369
2402
2354
2358
1315100
2358
2400
2431
2389
2403
1097200
2403
2407
2468
2403
2451
1130800
2451
2461
2493
2444
2463
1288100
2463
2478
2494
2446
2448
1095700
2448
2498
2501
2468
2486
1055500
2486
2522
2524
2471
2495
1343500
2495
2445
2448
2407
2438
1297000
2438
2439
2440
2378
2419
1455500
2419
2320
2354
2308
2344
1324800
2344
2312
2359
2308
2350
1387800
2350
2317
2335
2297
2314
1145400
2314
2313
2342
2297
2340
885500
2340
2384
2404
2364
2374
814400
2374
2375
2385
2346
2369
829700
2369
2306
2318
2281
2317
1365500
2317
2289
2366
2276
2354
860600
2354
2339
2356
2314
2324
997000
2324
2357
2368
2312
2320
1398100
2320
2224
2232
2178
2193
1432900
2193
2209
2227
2171
2199
1375200
2199
2204
2215
2142
2150
1416500
2150
2142
2182
2134
2176
1699700
2176
2181
2221
2166
2221
1708800
2221
2227
2242
2201
2208
1366300
2208
2223
2262
2204
2249
1852700
2249
2228
2264
2216
2227
934700
2227
2225
2233
2157
2171
1928700
2171
2371
2421
2261
2335
2442000
2335
2370
2374
2325
2367
1494400
2367
2375
2379
2330
2336
1100100
2336
2309
2309
2248
2284
735200
2284
2212
2237
2153
2235
1272900
2235
2225
2225
2159
2165
1156200
2165
2144
2164
2130
2146
664800
2146
2150
2164
2129
2129
846500
2129
2131
2173
2126
2154
432800
2154
2121
2125
2085
2088
499000
2088
2031
2083
2029
2076
911500
2076
2059
2072
2013
2030
1017200
2030
1983
2013
1976
1985
1298200
1985
2000
2001
1962
1988
1167200
1988
1991
2001
1971
1995
995200
1995
2036
2056
2034
2043
977100
2043
2078
2099
2059
2086
1631500
2086
2095
2151
2090
2129
1094400
2129
2125
2145
2081
2083
744700
2083
2057
2089
2049
2076
861000
2076
2057
2068
1988
2022
1057700
2022
2028
2060
2012
2053
822400
2053
2013
2035
2007
2028
1138300
2028
2030
2030
1971
1976
1081000
1976
1999
2081
1994
2071
1327500
2071
2096
2146
2089
2124
1074900
2124
2102
2113
2020
2043
1681400
2043
2059
2067
2022
2041
608700
2041
2009
2026
1986
1996
836300
1996
2008
2010
1965
1990
675200
1990
1964
1971
1887
1904
883300
1904
1900
1919
1852
1879
1319100
1879
1813
1826
1754
1756
877200
1756
1781
1799
1733
1769
1120900
1769
1822
1879
1819
1867
945400
1867
1864
1904
1857
1901
771600
1901
