2159
2215
2141
2170
4429900
2170
2200
2202
2107
2151
3372100
2151
2183
2221
2177
2211
3895100
2211
2261
2319
2245
2255
5675800
2255
2216
2227
2171
2187
4182200
2187
2205
2231
2184
2194
3599900
2194
2203
2217
2185
2193
2303200
2193
2200
2206
2157
2202
2534000
2202
2202
2282
2195
2267
5583800
2267
2344
2399
2327
2338
9167200
2338
2361
2370
2299
2312
3710700
2312
2312
2316
2275
2303
2063400
2303
2320
2361
2315
2350
3552000
2350
2340
2343
2322
2332
2254200
2332
2280
2286
2236
2274
4197900
2274
2245
2250
2164
2190
6385900
2190
2239
2251
2198
2229
3369700
2229
2204
2223
2174
2197
2798400
2197
2297
2358
2279
2322
10985800
2322
2345
2366
2283
2317
4445000
2317
2290
2301
2239
2265
4266700
2265
2183
2202
2158
2191
3910800
2191
2098
2135
2065
2127
6709000
2127
2185
2208
2116
2123
4586000
2123
2125
2173
2116
2156
3197200
2156
2068
2095
2046
2093
5189600
2093
2134
2146
2084
2093
3269400
2093
2083
2097
2026
2074
3725800
2074
2096
2205
2090
2172
4943100
2172
2168
2255
2156
2210
4063800
2210
2201
2231
2192
2224
2354300
2224
2208
2220
2160
2182
2264300
2182
2200
2268
2191
2233
3805600
2233
2217
2223
2181
2222
2998900
2222
2215
2223
2190
2212
1640300
2212
2256
2280
2238
2242
2625100
2242
2270
2311
2261
2274
3641000
2274
2227
2290
2224
2267
2455200
2267
2253
2286
2234
2261
2633500
2261
2202
2222
2183
2201
3396700
2201
2190
2200
2138
2150
2281300
2150
2193
2273
2189
2248
3834400
2248
2248
2279
2235
2244
3393000
2244
2270
2355
2270
2310
4256100
2310
2325
2374
2277
2310
5115400
2310
2365
2395
2322
2337
3184300
2337
2310
2399
2310
2385
3511100
2385
2341
2369
2307
2332
2884000
2332
2336
2358
2300
2356
2514200
2356
2352
2366
2305
2314
2306300
2314
2304
2326
2275
2311
2081000
2311
2268
2316
2261
2316
2030300
2316
2318
2337
2301
2324
2165900
2324
2224
2256
2216
2228
4392400
2228
2200
2235
2159
2235
2535300
2235
2300
2347
2286
2293
3906600
2293
2226
2229
2169
2216
3762000
2216
2230
2232
2167
2195
2395000
2195
2239
2258
2214
2229
2404900
2229
2243
2318
2236
2304
3731500
2304
2259
2259
2208
2242
3259900
2242
2260
2271
2183
2197
3064100
2197
2224
2229
2175
2215
2362800
2215
2180
2206
2136
2183
3276200
2183
2162
2214
2155
2196
1917200
2196
2194
2219
2151
2199
2464000
2199
2220
2254
2215
2230
2411600
2230
2220
2260
2211
2230
1801500
2230
2249
2312
2245
2276
2708700
2276
2270
2286
2240
2261
1726900
2261
2251
2273
2240
2268
1896000
2268
2288
2358
2278
2354
4317600
2354
2342
2367
2296
2351
3746400
2351
2270
2313
2238
2299
5093900
2299
2292
2332
2281
2306
2341400
2306
2312
2314
2225
2245
4217200
2245
2188
2266
2133
2249
5702400
2249
2299
2362
2277
2307
5068400
2307
2540
2645
2531
2620
13978800
2620
2590
2757
2585
2642
7345200
2642
2674
2754
2673
2700
4142600
2700
2750
2795
2750
2791
4392700
2791
2753
2782
2683
2691
4496900
2691
2690
2735
2687
2719
2772000
2719
2712
2759
2691
2757
2424400
2757
2785
2802
2772
2783
2617900
2783
2770
2770
2723
2752
2129100
2752
2780
2810
2758
2807
2382100
2807
2796
2800
2759
2770
1878900
2770
2797
2826
2770
2815
2089100
2815
2797
2801
2743
2750
2716000
2750
2681
2684
2621
2638
4575000
2638
2651
2652
2598
2630
3273000
2630
2642
2669
2596
2606
2561400
2606
2608
2619
2580
2596
1986800
2596
2601
2635
2586
2621
2354900
2621
2632
2644
2595
2617
1364300
2617
2616
2619
2575
2588
1682200
2588
2550
2571
2508
2520
3022600
2520
2545
2583
2538
2557
2433600
2557
2552
2557
2470
2501
2953700
2501
2548
2573
2505
2568
2414500
2568
2581
2613
2572
2600
1906700
2600
2613
2634
2598
2607
2265800
2607
2618
2621
2586
2609
1964700
2609
2598
2599
2517
2541
3806300
2541
2543
2558
2501
2502
2064200
2502
2504
2506
2442
2449
2638100
2449
2452
2458
2407
2433
1956400
2433
2431
2496
2422
2424
2767000
2424
2374
2386
2320
2322
5034600
2322
2316
2334
2253
2276
2651100
2276
2264
2302
2253
2278
2884100
2278
2276
2324
2256
2322
3019800
2322
2372
2397
2295
2323
2857500
2323
2300
2318
2269
2297
1438000
2297
2283
2285
2215
2228
2964300
2228
2191
2263
2175
2259
2470600
2259
2264
2275
2221
2231
2079300
2231
2226
2327
2200
2282
2514900
2282
2350
2352
2280
2308
2817700
2308
2304
2354
2264
2270
2236900
2270
2261
2291
2244
2287
1660600
2287
2253
2255
2145
2189
3114900
2189
2178
2242
2174
2206
1908300
2206
2244
2296
2240
2285
2324200
2285
2353
2378
2339
2342
2844000
2342
2358
2387
2333
2364
1808200
2364
2325
2370
2287
2346
1927900
2346
2328
2364
2281
2356
2135000
2356
2398
2434
2386
2420
3129300
2420
2420
2450
2398
2406
2408900
2406
2450
2482
2426
2442
2234600
2442
2485
2542
2483
2524
3107700
2524
2461
2529
2421
2444
3588800
2444
2394
2426
2355
2393
2815400
2393
2420
2467
2405
2439
2410300
2439
2428
2504
2423
2485
3635100
2485
2700
2710
2578
2641
11100300
2641
2680
2709
2661
2673
3998900
2673
2650
2692
2635
2643
2790100
2643
2603
2656
2592
2644
2569200
2644
2659
2678
2648
2663
2150800
2663
2664
2731
2662
2683
2972300
2683
2709
2743
2692
2707
2561700
2707
2708
2722
2681
2698
1460100
2698
2700
2711
2668
2689
1328000
2689
2697
2706
2677
2689
1779600
2689
2680
2688
2653
2660
1753000
2660
2617
2622
2517
2530
4635000
2530
2485
2490
2395
2423
3872700
2423
2472
2486
2426
2460
3076500
2460
2429
2444
2412
2439
1628100
2439
2400
2492
2366
2457
2809200
2457
2500
2504
2427
2452
1950300
2452
2447
2460
2413
2425
1457300
2425
2421
2475
2407
2474
1735200
2474
2484
2533
2473
2514
1773600
2514
2533
2546
2516
2538
1504800
2538
2545
2567
2537
2560
1446000
2560
2574
2613
2562
2608
1567500
2608
2651
2663
2566
2570
2203500
2570
2594
2636
2583
2620
2305600
2620
2657
2676
2640
2651
2362900
2651
2625
2667
2599
2664
1679900
2664
2685
2720
2656
2672
2445900
2672
2684
2723
2684
2710
2622100
2710
2726
2750
2708
2710
1723800
2710
2688
2695
2615
2635
2101500
2635
2501
2509
2410
2446
5292900
2446
2435
2441
2370
2387
3909700
2387
2413
2457
2400
2447
2750200
2447
2417
2429
2334
2357
3414900
2357
2285
2342
2211
2230
5455700
2230
2297
2346
2261
2341
5256100
2341
2340
2394
2295
2368
3232600
2368
2442
2460
2401
2406
3837900
2406
2420
2420
2341
2364
3149800
2364
2392
2395
2344
2349
3890200
2349
2373
2444
2365
2430
3484100
2430
2429
2475
2388
2436
2415300
2436
2425
2437
2370
2379
2947100
2379
2422
2445
2373
2393
3354700
2393
2400
2506
2392
2453
4093600
2453
2432
2445
2398
2410
3563100
2410
2420
2432
2394
2405
2244700
2405
2419
2427
2341
2359
3640800
2359
2309
2312
2250
2263
4545300
2263
2160
2184
2119
2163
4559900
2163
2200
2227
2145
2180
2799900
2180
2047
2106
2004
2082
4969400
2082
2051
2180
2051
2173
4547700
2173
2160
2178
2127
2154
2887100
2154
2171
2177
2111
2154
3400500
2154
2215
2248
2207
2230
3756300
2230
2236
2245
2208
2216
2379600
2216
2150
2181
2121
2177
3038400
2177
2149
2202
2133
2198
2071200
2198
2173
2185
2102
2114
3391800
2114
2159
2169
2068
2096
4351700
2096
1956
1960
1886
1891
7107700
1891
1920
1941
1807
1847
4821600
1847
1863
1893
1800
1803
4685300
1803
1804
1897
1788
1843
7788200
1843
2203
2203
1974
2081
20004200
2081
2151
2273
2105
2225
11530800
2225
2247
2440
2235
2403
12085100
2403
2370
2471
2361
2410
6108000
2410
2417
2524
2416
2450
6850600
2450
2428
2524
2421
2474
4473900
2474
2545
2557
2502
2517
3975900
2517
2517
2531
2452
2458
3790000
2458
2378
2421
2303
2324
8174600
2324
2200
2259
2176
2249
6536300
2249
2299
2345
2272
2316
4062900
2316
2270
2364
2251
2341
3251300
2341
2316
2316
2154
2164
6265800
2164
2181
2264
2181
2212
3997600
2212
2155
2204
2144
2152
3600500
2152
2128
2262
2116
2248
5749100
2248
2269
2286
2220
2245
3668300
2245
2262
2317
2245
2295
3692100
2295
2317
2359
2288
2343
3834400
2343
2335
2396
2317
2391
3546000
2391
2448
2482
2433
2439
3694700
2439
2415
2455
2394
2436
3278000
2436
2496
2519
2473
2475
3146500
2475
2498
2517
2400
2411
4751800
2411
2335
2360
2282
2300
6041700
2300
2250
2256
2132
2178
6890500
2178
2218
2222
2120
2139
4864000
2139
2065
2111
2053
2071
4870800
2071
2099
2139
2031
2057
5288400
2057
2097
2147
2062
2109
5489200
2109
2151
2159
2109
2133
3541500
2133
2104
2129
2037
2076
6034800
2076
2084
2156
2083
2119
3118900
2119
2075
2161
2069
2139
5083600
2139
2138
2212
2090
2198
5487400
2198
2120
2166
2072
2112
5866000
2112
2077
2154
2076
2153
4657700
2153
2068
2139
2068
2091
5501200
2091
2123
2147
2039
2091
4120800
2091
2199
2223
2155
2201
4495700
2201
2181
2268
2181
2244
3933600
2244
