1642
1646
1635
1645
1767000
1645
1720
1721
1697
1710
4040300
1710
1724
1752
1717
1721
2376200
1721
1722
1742
1716
1717
1682100
1717
1708
1721
1703
1707
1316800
1707
1715
1737
1700
1704
2237500
1704
1715
1727
1704
1717
1525300
1717
1718
1723
1684
1700
1864900
1700
1687
1695
1676
1690
1640600
1690
1710
1720
1684
1690
1911700
1690
1680
1686
1668
1678
1250200
1678
1683
1685
1674
1682
694400
1682
1691
1710
1689
1705
1256400
1705
1710
1728
1710
1724
1763300
1724
1712
1715
1682
1688
1713700
1688
1702
1711
1692
1700
1201900
1700
1706
1709
1689
1692
1172700
1692
1678
1684
1654
1669
1748400
1669
1676
1682
1653
1655
1988500
1655
1679
1709
1651
1706
2812400
1706
1604
1607
1555
1572
7859600
1572
1550
1551
1531
1545
3668600
1545
1505
1525
1461
1496
4809900
1496
1538
1544
1486
1488
2899500
1488
1488
1509
1483
1494
1994600
1494
1450
1467
1441
1467
2590600
1467
1480
1484
1449
1453
2303200
1453
1447
1457
1427
1441
1765500
1441
1453
1466
1448
1459
1416000
1459
1464
1485
1459
1480
1387000
1480
1486
1522
1485
1519
1526700
1519
1526
1532
1507
1520
1051900
1520
1521
1527
1502
1513
1519200
1513
1501
1517
1497
1505
1356100
1505
1521
1531
1513
1526
1764100
1526
1580
1598
1571
1574
3590800
1574
1590
1606
1588
1594
2160200
1594
1596
1607
1587
1587
2145100
1587
1586
1593
1565
1585
2187000
1585
1555
1567
1542
1560
2427900
1560
1550
1553
1520
1537
1659100
1537
1557
1578
1548
1552
1685200
1552
1548
1583
1544
1565
2114200
1565
1574
1576
1552
1568
1895200
1568
1574
1602
1570
1589
3119500
1589
1620
1647
1618
1634
2996600
1634
1641
1664
1637
1649
2737300
1649
1631
1653
1625
1645
1841600
1645
1653
1664
1622
1657
1972100
1657
1673
1678
1656
1667
2260600
1667
1657
1658
1623
1638
1406200
1638
1636
1646
1619
1629
2270400
1629
1631
1640
1620
1634
1678000
1634
1600
1603
1571
1576
3203800
1576
1560
1566
1545
1566
2182300
1566
1572
1594
1569
1585
2209900
1585
1539
1544
1524
1543
2053800
1543
1560
1574
1550
1564
2116300
1564
1570
1592
1552
1586
1846800
1586
1581
1585
1566
1566
1266400
1566
1557
1569
1547
1564
1494100
1564
1572
1601
1571
1591
2121300
1591
1613
1632
1611
1623
2083700
1623
1624
1628
1601
1601
1579100
1601
1607
1638
1603
1633
1632800
1633
1625
1646
1623
1641
1480400
1641
1649
1675
1646
1667
2497500
1667
1658
1665
1646
1663
1141500
1663
1671
1681
1665
1675
1389400
1675
1675
1707
1674
1698
1939900
1698
1696
1725
1696
1712
1658100
1712
1717
1752
1716
1739
2247900
1739
1723
1768
1721
1753
2341000
1753
1751
1760
1741
1758
1691500
1758
1770
1773
1749
1756
1877900
1756
1768
1771
1746
1768
1679000
1768
1620
1657
1613
1631
8015100
1631
1621
1628
1607
1625
2471300
1625
1629
1637
1606
1633
1927600
1633
1622
1657
1611
1652
1955500
1652
1663
1673
1634
1642
1579300
1642
1643
1655
1637
1653
1006900
1653
1649
1673
1631
1671
1592700
1671
1671
1689
1670
1681
2148600
1681
1700
1747
1699
1723
2983900
1723
1721
1722
1682
1714
2058400
1714
1710
1720
1701
1714
1139900
1714
1713
1719
1704
1705
888600
1705
1697
1717
1691
1706
1091900
1706
1695
1716
1693
1710
1007000
1710
1719
1724
1710
1720
880600
1720
1711
1728
1701
1719
689700
1719
1707
1709
1687
1699
1012800
1699
1687
1703
1679
1687
865100
1687
1680
1682
1661
1680
976700
1680
1665
1679
1660
1671
797100
1671
1672
1694
1672
1694
631300
1694
1685
1692
1661
1676
867500
1676
1645
1660
1633
1653
1517800
1653
1667
1674
1646
1665
1487100
1665
1645
1666
1641
1651
1473000
1651
1653
1685
1649
1679
1503100
1679
1676
1696
1673
1685
1226700
1685
1677
1695
1676
1686
1266900
1686
1687
1703
1683
1693
1438800
1693
1677
1706
1673
1692
1822600
1692
1700
1712
1684
1704
833600
1704
1714
1724
1704
1712
1172900
1712
1721
1735
1712
1728
1115600
1728
1723
1725
1703
1704
961400
1704
1717
1719
1700
1703
1295000
1703
1707
1707
1685
1693
967300
1693
1683
1692
1671
1678
1381800
1678
1684
1724
1672
1720
1680400
1720
1723
1754
1717
1749
2085800
1749
1788
1816
1775
1801
3778400
1801
1816
1819
1796
1800
1261400
1800
1791
1808
1781
1796
1270400
1796
1796
1810
1792
1801
971100
1801
1792
1808
1769
1786
1263000
1786
1795
1810
1795
1802
997500
1802
1800
1826
1770
1774
1450200
1774
1800
1834
1796
1828
2447600
1828
1815
1834
1807
1825
1715300
1825
1827
1834
1809
1818
1771800
1818
1825
1839
1813
1829
1530900
1829
1833
1875
1830
1869
1503300
1869
1878
1880
1828
1829
1707400
1829
1798
1809
1781
1802
1606700
1802
1818
1835
1815
1817
1033400
1817
1835
1835
1801
1817
1924900
1817
1845
1877
1836
1859
1265800
1859
1880
1884
1834
1838
932800
1838
1852
1858
1822
1825
960100
1825
1832
1842
1820
1840
1199500
1840
1823
1828
1813
1820
1215700
1820
1828
1846
1824
1846
873300
1846
1846
1858
1825
1831
714500
1831
1836
1847
1824
1845
986600
1845
1840
1843
1825
1834
980000
1834
1820
1832
1816
1827
1111600
1827
1818
1833
1808
1825
1211000
1825
1828
1841
1821
1837
1435100
1837
1654
1786
1647
1690
5450700
1690
1690
1699
1650
1693
2014900
1693
1691
1721
1683
1711
1631900
1711
1721
1747
1714
1747
1407000
1747
1748
1757
1717
1727
1361300
1727
1728
1732
1711
1729
752800
1729
1749
1756
1709
1714
1118800
1714
1699
1701
1668
1674
1264900
1674
1682
1713
1681
1713
996200
1713
1723
1737
1719
1729
958000
1729
1716
1743
1707
1726
1245200
1726
1734
1744
1729
1737
790700
1737
1742
1747
1728
1732
758300
1732
1723
1757
1715
1753
801000
1753
1769
1782
1749
1754
1220200
1754
1770
1777
1757
1765
848000
1765
1782
1804
1780
1801
939800
1801
1749
1777
1738
1770
1345500
1770
1780
1795
1759
1762
1385800
1762
1764
1792
1759
1777
838400
1777
1800
1809
1789
1800
1168500
1800
1784
1799
1777
1785
1452200
1785
1787
1789
1761
1766
1169500
1766
1750
1776
1743
1762
667900
1762
1772
1795
1769
1782
1138800
1782
1800
1804
1780
1786
1381800
1786
1766
1789
1765
1778
1102200
1778
1766
1798
1766
1794
784000
1794
1803
1834
1803
1826
889700
1826
1827
1848
1813
1827
1438800
1827
1838
1872
1831
1870
1259100
1870
1879
1879
1846
1859
1872100
1859
1845
1874
1836
1870
1416000
1870
1874
1883
1853
1860
1626500
1860
1864
1873
1855
1863
1147100
1863
1863
1865
1840
1848
1960200
1848
1840
1865
1832
1865
1412700
1865
1854
1880
1832
1879
1767000
1879
1865
1891
1851
1853
1645100
1853
1876
1890
1849
1857
1400100
1857
1872
1873
1851
1855
1287500
1855
1873
1905
1873
1883
1838000
1883
1869
1894
1864
1879
992800
1879
1889
1908
1884
1897
1721800
1897
1877
1882
1841
1866
1578500
1866
1841
1854
1812
1813
1595200
1813
1813
1830
1783
1791
1499200
1791
1733
1744
1718
1738
1965100
1738
1715
1747
1713
1743
1609500
1743
1732
1744
1715
1719
1538400
1719
1705
1732
1695
1730
1441200
1730
1735
1759
1732
1740
1359700
1740
1738
1747
1712
1713
1081200
1713
1685
1690
1669
1673
1494000
1673
1650
1678
1625
1665
1643500
1665
1668
1677
1640
1670
1580200
1670
1664
1682
1648
1666
1714100
1666
1626
1647
1621
1635
1469600
1635
1628
1641
1611
1632
2130900
1632
1644
1656
1631
1648
1291300
1648
1642
1681
1639
1665
2813800
1665
1681
1711
1672
1705
1606900
1705
1707
1726
1697
1717
1253800
1717
1711
1745
1709
1734
1261800
1734
1702
1740
1701
1730
1326900
1730
1722
1754
1721
1744
1808800
1744
1643
1689
1628
1669
4164300
1669
1694
1714
1690
1695
1877600
1695
1703
1705
1670
1676
1842700
1676
1667
1670
1656
1659
1029400
1659
1608
1632
1608
1623
2263700
1623
1632
1642
1622
1638
1222400
1638
1620
1626
1603
1610
1232900
1610
1570
1605
1559
1578
2161200
1578
1584
1589
1558
1581
1594800
1581
1562
1574
1553
1574
1769100
1574
1551
1577
1541
1574
1310400
1574
1578
1585
1560
1565
1264100
1565
1531
1564
1530
1561
1364200
1561
1582
1596
1564
1580
1000400
1580
1584
1602
1580
1597
1020800
1597
1610
1619
1593
1598
1208200
1598
1613
1622
1576
1583
2959600
1583
1606
1612
1589
1596
1111500
1596
1591
1601
1556
1565
1319900
1565
1545
1548
1520
1535
1260800
1535
1534
1538
1500
1521
1438700
1521
1522
1534
1512
1532
1486500
1532
1494
1502
1484
1497
1129200
1497
1489
1492
1471
1489
1475200
1489
1499
1516
1493
1505
1340100
1505
1523
1527
1513
1522
1086800
1522
1509
1526
1500
1503
2102200
1503
1513
1519
1502
1508
1020300
1508
1437
1458
1422
1451
2658200
1451
1469
1476
1441
1456
1272800
1456
1426
1431
1345
1355
2864200
1355
1345
1359
1319
1340
2140000
1340
1278
1288
1266
1282
1413600
1282
1290
1306
1261
1286
1626200
1286
1321
1325
1303
1318
1391500
1318
1317
1323
1298
1304
1775600
1304
