10250
10440
10225
10415
1068500
10415
10500
10530
10350
10515
738500
10515
10680
10680
10480
10520
708600
10520
10590
10680
10510
10570
779800
10570
10400
10420
10325
10375
665500
10375
10310
10380
10165
10185
1212600
10185
10185
10265
10150
10180
587900
10180
10150
10345
10125
10310
704600
10310
10245
10290
10210
10260
771500
10260
10320
10375
10085
10130
1234200
10130
10120
10140
9960
10040
1268300
10040
10000
10060
9930
10000
1044800
10000
10105
10160
10050
10140
777800
10140
10130
10130
10000
10055
759800
10055
10000
10185
9970
9981
981000
9981
10065
10115
9982
10045
901700
10045
10060
10100
9973
10045
912500
10045
10000
10025
9847
9899
1404100
9899
9883
10085
9855
9974
1296000
9974
10150
10155
9529
9701
2456500
9701
9730
9748
9514
9523
1549900
9523
9399
9435
9231
9231
1591400
9231
8871
8980
8560
8793
2370300
8793
9044
9087
8641
8645
1856200
8645
8640
8840
8615
8774
1311800
8774
8451
8544
8380
8453
2321300
8453
8591
8633
8342
8346
1943100
8346
8200
8250
7965
8000
2051300
8000
8165
8221
8105
8166
1879100
8166
8200
8235
8105
8110
1314000
8110
8260
8468
8225
8452
1047100
8452
8452
8489
8321
8381
976400
8381
8449
8547
8427
8505
1241500
8505
8499
8508
8364
8497
1266100
8497
8518
8687
8488
8680
1225400
8680
8827
8896
8752
8882
1399400
8882
8980
9061
8965
9002
1448500
9002
8972
9005
8885
8903
1276900
8903
8809
8834
8697
8784
1288700
8784
8564
8587
8419
8505
1507900
8505
8366
8419
8265
8296
1138500
8296
8518
8772
8518
8657
1683100
8657
8484
8560
8341
8467
1663100
8467
8549
8621
8520
8605
1245400
8605
8712
8866
8555
8618
1990100
8618
8863
8910
8637
8703
1032500
8703
8630
8838
8609
8820
1007100
8820
8684
8747
8587
8602
977400
8602
8563
8664
8491
8620
705000
8620
8697
8706
8500
8500
1166600
8500
8400
8461
8281
8308
1131400
8308
8088
8119
8043
8088
1557000
8088
8070
8174
8035
8100
1409500
8100
7897
7897
7632
7660
2166000
7660
7510
7763
7473
7763
1420700
7763
7800
7849
7733
7846
1405400
7846
7651
7819
7629
7816
1328300
7816
7964
8028
7855
7912
1297400
7912
8019
8026
7935
7978
726400
7978
7974
8038
7933
7934
569900
7934
7830
7916
7791
7885
1008700
7885
7935
7949
7856
7881
780300
7881
8070
8158
7989
8079
1257200
8079
8063
8139
8007
8071
1370000
8071
8053
8095
7991
8059
905100
8059
8074
8269
8064
8259
1306700
8259
8319
8319
8180
8217
706300
8217
8217
8270
8157
8223
903200
8223
8255
8380
8226
8315
699300
8315
8319
8452
8311
8444
846900
8444
8444
8477
8404
8432
806900
8432
8450
8549
8386
8496
886300
8496
8567
8675
8547
8653
884400
8653
8600
8600
8373
8401
1081400
8401
8380
8489
8360
8432
752600
8432
8400
8461
8360
8406
800100
8406
8335
8383
8295
8319
834500
8319
8337
8416
8319
8360
1006600
8360
8384
8386
8081
8150
1231400
8150
7975
8260
7975
8230
1286200
8230
8364
8667
8353
8646
1928700
8646
8780
8790
8461
8476
1662000
8476
8362
8532
8309
8475
1211600
8475
8447
8448
8183
8239
1172800
8239
8307
8441
8307
8382
618200
8382
8387
8442
8358
8431
811400
8431
8439
8595
8388
8580
727700
8580
8580
8601
8452
8531
897400
8531
8451
8482
8401
8459
659900
8459
8538
8575
8440
8447
869200
8447
8472
8481
8395
8469
793300
8469
8468
8698
8451
8659
851200
8659
8751
8968
8750
8833
1570400
8833
8833
8867
8675
8687
1240900
8687
8644
8693
8428
8477
917200
8477
8490
8690
8455
8658
825800
8658
8747
8867
8685
8867
951700
8867
8955
8955
8656
8767
1053100
8767
8707
8707
8508
8546
1079400
8546
8589
8621
8494
8559
1128500
8559
8556
8764
8502
8707
889100
8707
8809
8939
8803
8890
914300
8890
8968
8983
8827
8913
897000
8913
8920
9062
8869
8905
1120300
8905
8970
9020
8903
8974
1041600
8974
9058
9154
8988
8988
1496600
8988
8932
8957
8654
8762
1077300
8762
8899
8899
8663
8747
1028400
8747
8670
8702
8589
8682
851700
8682
8719
8775
8689
8709
682700
8709
8798
8799
8658
8706
741200
8706
8706
8762
8596
8629
691700
8629
8600
8729
8503
8513
1034800
8513
8451
8479
8214
8415
1011600
8415
8288
8311
8151
8242
884100
8242
8178
8292
8170
8284
656000
8284
8335
8347
8207
8221
436800
8221
8069
8244
8006
8229
625700
8229
8139
8307
8139
8257
699100
8257
8200
8399
8200
8337
695600
8337
8337
8394
8274
8383
630200
8383
8324
8384
8092
8103
813500
8103
8082
8125
7934
8017
1142200
8017
8112
8207
8065
8119
876600
8119
8095
8158
8003
8030
689800
8030
8060
8099
7996
8058
861100
8058
8050
8119
8024
8095
929000
8095
8097
8151
8080
8086
1051400
8086
7983
7983
7783
7872
980000
7872
7909
7966
7881
7941
967400
7941
7988
8077
7960
7999
1150300
7999
7928
8013
7895
7960
841300
7960
8071
8084
8015
8015
643700
8015
8004
8089
7960
8080
881800
8080
8067
8120
7920
7945
967500
7945
7907
7933
7791
7886
1039800
7886
7967
8024
7935
7970
585600
7970
8076
8148
8062
8129
910100
8129
8204
8216
8122
8132
901100
8132
8165
8165
8026
8100
931700
8100
8085
8138
8073
8073
663600
8073
8063
8120
8031
8082
1035800
8082
8532
8750
8484
8727
2576900
8727
8698
8715
8486
8682
1205700
8682
8605
8694
8522
8533
930500
8533
8500
8500
8379
8395
588900
8395
8378
8526
8340
8507
647900
8507
8522
8694
8502
8675
897100
8675
8634
8714
8603
8609
664000
8609
8593
8593
8418
8434
923900
8434
8345
8350
8210
8210
765900
8210
8270
8419
8270
8419
753900
8419
8536
8540
8278
8338
539600
8338
8202
8352
8190
8325
762400
8325
8372
8397
8308
8355
413400
8355
8355
8479
8355
8392
451600
8392
8301
8345
8213
8312
665200
8312
8407
8407
8295
8325
617200
8325
8314
8314
8240
8268
593600
8268
8325
8336
8275
8307
473200
8307
8344
8385
8275
8366
546100
8366
8475
8513
8464
8469
659700
8469
8516
8693
8510
8649
954300
8649
8740
8762
8661
8709
833000
8709
8612
8654
8515
8628
642400
8628
8637
8652
8444
8444
553000
8444
8400
8453
8324
8338
749200
8338
8343
8387
8276
8290
706000
8290
8294
8356
8269
8299
615300
8299
8250
8262
8031
8084
758900
8084
8084
8116
8006
8006
630700
8006
7985
8049
7938
8021
646000
8021
8096
8109
8001
8015
920500
8015
8036
8072
7854
7868
926900
7868
7967
8186
7907
8177
1530000
8177
8154
8408
8100
8351
960500
8351
8501
8609
8452
8516
979300
8516
8571
8571
8401
8446
795300
8446
8579
8579
8461
8479
1144400
8479
8509
8599
8421
8590
1088000
8590
8550
8607
8487
8600
977400
8600
8506
8573
8306
8308
1031900
8308
8458
8615
8431
8516
1180700
8516
8580
8717
8564
8657
866200
8657
8760
8839
8711
8743
1074500
8743
8750
8818
8675
8727
724500
8727
8819
8830
8659
8763
1082800
8763
8681
8699
8612
8652
828000
8652
8555
8579
8375
8398
931100
8398
8440
8495
8361
8428
812000
8428
8100
8129
7905
7953
1717900
7953
7800
7950
7746
7947
2009100
7947
7888
7899
7804
7832
903000
7832
7803
7923
7785
7914
715200
7914
7975
8107
7946
8097
867700
8097
8097
8100
7897
7912
773400
7912
7764
7792
7678
7779
763700
7779
7799
7924
7694
7895
675500
7895
7723
7742
7440
7440
1629400
7440
7525
7525
7305
7320
1360000
7320
7050
7098
6870
6887
1596100
6887
6930
7003
6712
6839
1394100
6839
6885
6988
6821
6855
613900
6855
6779
6929
6702
6873
1043700
6873
6904
7078
6851
7078
1197100
7078
6128
6234
5951
6060
2533700
6060
6060
6280
5992
6230
2346600
6230
6280
6486
6246
6454
1616500
6454
6409
6420
6241
6292
1562600
6292
6265
6277
6072
6085
1965600
6085
6150
6209
6060
6075
1487100
6075
6077
6175
6076
6156
1002500
6156
6077
6228
6012
6200
1026800
6200
6000
6000
5860
5916
1533400
5916
5994
6192
5991
6146
1474700
6146
6087
6153
6031
6084
804800
6084
6072
6104
6002
6027
952300
6027
6000
6140
5986
6038
828100
6038
5888
5979
5821
5893
1058900
5893
5751
5961
5751
5943
989500
5943
5950
5976
5852
5917
974200
5917
5962
6126
5924
6069
1148200
6069
6082
6128
5977
6077
1398600
6077
6066
6192
6042
6179
998000
6179
6241
6277
6106
6116
820000
6116
6146
6238
6122
6203
1619400
6203
6345
6402
6261
6274
778200
6274
6273
6297
6046
6046
1110600
6046
5981
6090
5981
6033
928600
6033
5958
5972
5784
5866
1115900
5866
5890
5948
5776
5816
934600
5816
5657
5702
5598
5689
1049000
5689
5701
5719
5592
5618
1076900
5618
5700
5823
5663
5708
1305500
5708
5724
5843
5712
5821
798500
5821
5725
5763
5531
5565
1710600
5565
5576
5745
5576
5616
918800
5616
5500
5725
5476
5680
1002700
5680
5680
5705
5567
5626
951400
5626
5542
5562
5383
5426
1262000
5426
5326
5409
5217
5309
1556700
5309
5109
5285
5109
5218
1319500
5218
5256
5390
5199
5326
1063100
5326
5502
5566
5389
5413
1162500
5413
5374
5583
5367
5543
939700
5543
