1711
1762
1711
1759
1065100
1759
1768
1811
1767
1805
1028200
1805
1870
2005
1864
1949
3865100
1949
1949
2054
1948
2036
3134900
2036
2010
2095
2008
2044
2189800
2044
2052
2074
2039
2052
1550800
2052
2067
2075
2031
2036
719100
2036
2019
2023
1993
2012
869200
2012
1985
2007
1971
1995
946400
1995
2035
2054
1982
1988
1065000
1988
2000
2016
1990
2010
522300
2010
2009
2021
1995
2008
542500
2008
2007
2028
1996
2018
695600
2018
2008
2020
1980
1992
1003700
1992
1960
1979
1949
1972
845200
1972
1990
2023
1979
2001
1138400
2001
1987
2009
1976
2003
453200
2003
2000
2006
1955
1971
700200
1971
1950
1977
1935
1937
929700
1937
1948
1982
1942
1954
723200
1954
1949
1956
1924
1941
596100
1941
1905
1933
1895
1922
847700
1922
1820
1853
1791
1843
1482400
1843
1683
1847
1661
1818
2700800
1818
1836
1924
1836
1890
1919300
1890
1838
1886
1830
1880
1318100
1880
1923
1932
1880
1885
1009200
1885
1887
1938
1882
1893
1043100
1893
1930
1968
1921
1933
1310000
1933
1960
1983
1931
1944
780700
1944
1959
2013
1959
2006
877300
2006
1998
2009
1976
1980
717100
1980
1990
2010
1978
1984
485900
1984
1984
1985
1952
1956
635600
1956
1955
1985
1947
1947
719800
1947
1960
1962
1936
1950
365300
1950
1962
1990
1949
1955
490200
1955
1957
1967
1932
1941
595200
1941
1931
1936
1874
1891
888700
1891
1836
1856
1827
1850
875300
1850
1831
1834
1788
1803
621200
1803
1841
1878
1840
1854
967100
1854
1850
1861
1822
1844
1005900
1844
1867
1884
1855
1882
911600
1882
1895
1909
1870
1893
807800
1893
1930
1954
1926
1936
666100
1936
1923
1946
1917
1942
521000
1942
1914
1923
1873
1885
859300
1885
1872
1873
1823
1840
738100
1840
1868
1869
1821
1826
825700
1826
1812
1831
1785
1797
844500
1797
1777
1810
1775
1794
723700
1794
1792
1820
1783
1789
872900
1789
1724
1737
1702
1707
986400
1707
1682
1701
1664
1701
600100
1701
1725
1754
1716
1751
672200
1751
1698
1728
1695
1720
820400
1720
1736
1755
1713
1724
465800
1724
1737
1750
1720
1730
435100
1730
1727
1741
1722
1723
275600
1723
1696
1706
1675
1701
740000
1701
1707
1725
1688
1695
707900
1695
1699
1705
1669
1673
840500
1673
1677
1690
1669
1672
557800
1672
1670
1675
1648
1658
817000
1658
1659
1689
1649
1684
720300
1684
1710
1734
1696
1712
698100
1712
1724
1729
1686
1686
538500
1686
1707
1744
1707
1729
697500
1729
1726
1737
1705
1714
573300
1714
1721
1724
1704
1712
284900
1712
1709
1737
1706
1726
485300
1726
1739
1779
1739
1749
559400
1749
1746
1766
1744
1753
466300
1753
1913
1934
1863
1866
2081000
1866
1870
1909
1868
1892
1075900
1892
1874
1894
1874
1890
483500
1890
1901
1914
1877
1879
452900
1879
1880
1880
1843
1880
630200
1880
1720
1735
1635
1681
2816800
1681
1681
1681
1631
1641
1390100
1641
1634
1641
1613
1631
731900
1631
1630
1683
1621
1659
959200
1659
1659
1670
1634
1669
643200
1669
1669
1674
1644
1669
780800
1669
1682
1714
1679
1710
966500
1710
1705
1724
1693
1705
650700
1705
1705
1718
1680
1686
600500
1686
1687
1698
1664
1673
552400
1673
1658
1674
1623
1669
943400
1669
1668
1678
1648
1676
583100
1676
1687
1710
1680
1696
641900
1696
1700
1728
1700
1709
807700
1709
1682
1684
1648
1661
921700
1661
1645
1645
1596
1616
1093900
1616
1602
1603
1553
1566
896400
1566
1565
1568
1539
1548
624300
1548
1536
1542
1511
1520
544100
1520
1491
1491
1465
1472
864500
1472
1481
1481
1441
1456
811800
1456
1453
1463
1421
1457
995700
1457
1480
1503
1471
1497
744400
1497
1504
1535
1487
1530
1360300
1530
1515
1535
1506
1525
574500
1525
1540
1565
1536
1543
681400
1543
1543
1551
1515
1519
510800
1519
1508
1511
1481
1506
599500
1506
1538
1556
1492
1497
824300
1497
1511
1527
1511
1518
771800
1518
1510
1517
1483
1489
692200
1489
1494
1497
1476
1479
632900
1479
1457
1464
1391
1418
1149300
1418
1426
1446
1412
1413
655000
1413
1405
1418
1383
1406
1025700
1406
1402
1423
1390
1392
657400
1392
1376
1397
1353
1388
1563400
1388
1396
1427
1383
1388
774900
1388
1376
1431
1368
1422
877300
1422
1441
1454
1417
1425
714300
1425
1425
1454
1415
1437
505900
1437
1439
1458
1428
1453
640100
1453
1451
1466
1425
1426
580900
1426
1440
1450
1402
1432
716800
1432
1422
1442
1410
1412
590000
1412
1410
1422
1395
1401
398100
1401
1385
1413
1385
1399
697200
1399
1400
1412
1371
1394
744100
1394
1411
1447
1400
1432
1233100
1432
1440
1472
1421
1453
1259300
1453
1454
1466
1421
1457
869000
1457
1481
1493
1458
1459
415700
1459
1464
1477
1450
1457
463500
1457
1470
1481
1455
1468
587800
1468
1467
1489
1463
1478
409900
1478
1463
1476
1448
1465
554100
1465
1453
1477
1445
1473
428700
1473
1488
1525
1488
1516
819400
1516
1522
1535
1498
1521
614300
1521
1537
1565
1529
1556
1225500
1556
1559
1599
1549
1596
1000600
1596
1584
1634
1581
1614
1073400
1614
1593
1615
1584
1594
809800
1594
1605
1622
1590
1595
780400
1595
1595
1613
1592
1602
546400
1602
1611
1619
1596
1607
627200
1607
1602
1637
1597
1621
901600
1621
1614
1669
1612
1657
1382000
1657
1647
1660
1639
1650
894700
1650
1675
1697
1652
1687
1739700
1687
1679
1725
1672
1715
1374800
1715
1699
1705
1673
1673
853700
1673
1685
1685
1642
1675
866800
1675
1689
1709
1678
1700
1272800
1700
1679
1707
1663
1701
817000
1701
1710
1728
1701
1719
777900
1719
1706
1719
1696
1711
629800
1711
1713
1733
1707
1727
806000
1727
1735
1771
1721
1766
844400
1766
1770
1794
1750
1756
781300
1756
1756
1756
1741
1749
705000
1749
1761
1772
1745
1750
583200
1750
1769
1793
1761
1791
1762800
1791
1800
1815
1765
1772
722600
1772
1790
1809
1746
1753
1509400
1753
1736
1744
1712
1737
796000
1737
1853
1863
1784
1789
2326200
1789
1800
1834
1790
1810
878500
1810
1797
1797
1751
1755
1114900
1755
1762
1802
1748
1795
945700
1795
1773
1815
1767
1813
1171200
1813
1797
1821
1786
1812
844900
1812
1816
1842
1798
1832
875900
1832
1832
1856
1830
1832
854900
1832
1849
1876
1849
1867
963100
1867
1880
1920
1873
1900
1660300
1900
1907
1974
1907
1964
1748900
1964
1977
2028
1964
2025
1715600
2025
2011
2036
1999
2029
1031100
2029
2024
2049
2007
2040
2094400
2040
2046
2069
2020
2062
1108900
2062
2034
2065
2027
2060
902400
2060
2045
2064
2019
2023
1143600
2023
2032
2069
2008
2040
1039500
2040
2038
2059
2015
2053
694500
2053
2062
2103
2062
2086
1751000
2086
2079
2124
2073
2113
1408100
2113
2130
2198
2130
2183
1747900
2183
2155
2188
2148
2165
871900
2165
2138
2141
2095
2102
1376400
2102
2120
2138
2093
2099
1014800
2099
2024
2072
2011
2063
1528500
2063
2023
2082
2017
2074
1104400
2074
2068
2086
2041
2067
610400
2067
2075
2120
2064
2112
1010600
2112
2130
2142
2085
2093
1305700
2093
2089
2116
2065
2093
687000
2093
2058
2070
2043
2060
761100
2060
2048
2056
2028
2046
526000
2046
2020
2027
1979
2019
949100
2019
2032
2038
1968
1975
1231000
1975
1912
1960
1896
1936
1118700
1936
1937
1940
1871
1910
981200
1910
1934
1949
1889
1889
1090200
1889
1880
1919
1874
1899
633600
1899
1910
1922
1889
1900
777800
1900
1500
1574
1500
1500
5708000
1500
1500
1502
1385
1431
3638400
1431
1419
1438
1390
1415
1862200
1415
1401
1403
1371
1392
1884200
1392
1396
1396
1357
1379
1353500
1379
1381
1393
1355
1384
1387100
1384
1361
1371
1253
1260
3481700
1260
1248
1249
1151
1179
3406000
1179
1175
1188
1127
1155
1889900
1155
1140
1142
1119
1123
1526600
1123
1127
1134
1098
1105
1142900
1105
1102
1114
1075
1076
1056200
1076
1069
1106
1060
1104
1451200
1104
1092
1143
1088
1133
1761500
1133
1117
1125
1090
1122
1485300
1122
1124
1128
1094
1100
934500
1100
1119
1155
1112
1149
1346100
1149
1157
1193
1136
1182
1905900
1182
1175
1187
1152
1186
1196700
1186
1200
1211
1188
1205
917100
1205
1209
1237
1199
1231
1366200
1231
1240
1259
1210
1249
1273700
1249
1243
1254
1226
1228
1091500
1228
1200
1231
1200
1221
895000
1221
1205
1221
1187
1192
881400
1192
1189
1197
1139
1145
1179500
1145
1118
1175
1112
1164
1042200
1164
1171
1177
1122
1129
968100
1129
1136
1179
1133
1159
784600
1159
1162
1205
1161
1202
880700
1202
1192
1201
1154
1163
936100
1163
1152
1177
1136
1136
629600
1136
1116
1155
1108
1149
801200
1149
1162
1171
1131
1144
1120500
1144
1123
1130
1082
1088
1057500
1088
1064
1072
1024
1035
1086900
1035
991
1014
959
1000
648700
1000
1012
1039
999
1024
575000
1024
1063
1063
1041
1049
793500
1049
1020
1049
1019
1030
1200100
1030
