601
603
596
599
1607500
599
605
617
603
611
2404100
611
615
622
613
616
1595100
616
616
625
614
618
2110600
618
616
628
616
621
2077700
621
622
623
617
619
1201200
619
618
625
614
620
1435800
620
616
619
609
611
1191000
611
609
612
602
608
1269100
608
610
615
598
600
1431700
600
598
609
598
607
1341600
607
607
613
604
613
1132200
613
609
620
609
618
1377300
618
620
623
610
613
1455000
613
610
610
604
606
949600
606
606
611
602
604
1012100
604
601
607
597
605
1101600
605
604
604
594
597
1235500
597
592
598
591
591
1625700
591
592
598
587
593
1509600
593
595
597
586
588
1501100
588
553
568
548
564
5565800
564
548
553
537
548
4257600
548
565
567
552
553
3444200
553
556
562
551
557
2603200
557
544
551
541
551
2577000
551
556
558
542
544
2806800
544
547
550
535
537
2737300
537
547
548
538
540
2296900
540
546
551
541
548
1663400
548
554
567
553
563
1659000
563
563
564
555
560
1311400
560
559
564
551
553
2133000
553
550
554
547
549
2231000
549
551
552
547
549
1682900
549
555
557
543
543
1904200
543
550
555
545
548
2146100
548
545
548
541
542
2518100
542
545
545
536
541
1552400
541
532
536
528
529
2313300
529
527
528
521
523
1845400
523
529
535
523
525
1651600
525
522
525
517
523
2426300
523
527
529
524
526
1182500
526
533
538
527
531
1588100
531
539
549
537
547
1455100
547
543
546
541
546
831400
546
544
548
538
539
1243700
539
538
539
529
536
1135600
536
537
540
534
535
1015900
535
532
538
530
533
1219700
533
530
538
529
535
806700
535
540
542
532
538
1098700
538
528
528
521
524
1850600
524
521
531
516
531
1669100
531
536
555
535
550
1762600
550
537
544
534
543
1293800
543
547
553
542
546
1151900
546
552
552
544
545
1037700
545
548
548
543
543
516400
543
535
542
532
541
768500
541
544
544
538
540
845700
540
542
545
538
542
1008700
542
542
546
538
538
931700
538
536
543
533
542
927800
542
543
558
541
555
1221700
555
555
562
552
552
1178100
552
548
553
543
543
973800
543
546
556
544
553
996400
553
559
564
557
559
1041500
559
560
560
553
558
752600
558
558
567
558
565
989000
565
565
580
565
574
1388300
574
573
578
569
575
750500
575
575
586
575
580
1190200
580
578
589
574
588
1242900
588
584
593
583
591
1049700
591
591
595
586
587
1293900
587
589
595
579
595
1388400
595
590
595
585
595
889000
595
596
601
593
598
1121000
598
593
598
588
597
631200
597
595
600
593
595
665600
595
595
599
593
596
896600
596
594
599
592
599
733500
599
594
597
585
588
1473300
588
589
589
577
581
1818400
581
585
587
579
581
1629600
581
577
578
567
571
1225200
571
567
577
567
573
723400
573
574
580
565
566
1795100
566
568
570
566
566
678100
566
568
573
566
571
918600
571
568
570
562
566
1269300
566
567
568
559
562
1159700
562
563
564
557
562
874100
562
563
572
562
571
832100
571
572
575
564
567
961200
567
557
557
548
551
1405900
551
555
562
551
558
1271900
558
557
565
554
557
1236700
557
563
568
559
562
824900
562
561
562
553
557
774500
557
554
554
547
548
1423500
548
551
556
549
550
829000
550
550
554
544
546
1458000
546
548
566
542
552
2726000
552
552
552
542
546
928700
546
545
552
545
546
880100
546
549
549
538
541
1444300
541
543
543
531
531
1512600
531
535
535
524
527
1003000
527
524
530
516
519
1794500
519
518
520
502
511
2473100
511
508
519
508
510
2937300
510
506
512
503
510
1661900
510
515
517
506
507
1206500
507
505
514
502
513
1057900
513
513
514
505
507
968400
507
507
512
505
511
1015500
511
511
523
510
522
1487200
522
522
528
511
512
1310400
512
512
514
503
510
1704500
510
508
518
505
513
1374800
513
514
516
510
512
1130700
512
514
517
509
513
1062300
513
513
518
507
516
1088400
516
521
528
521
522
1036600
522
517
519
512
518
1158500
518
522
522
512
513
1189600
513
518
519
513
514
712100
514
515
518
513
514
759600
514
516
518
514
514
601300
514
513
520
510
514
892800
514
511
516
508
511
904100
511
507
514
506
512
781700
512
518
520
513
520
1331800
520
523
532
523
525
1052500
525
529
531
523
528
623300
528
530
532
525
527
520800
527
527
533
524
530
1251500
530
526
530
521
523
1525700
523
526
534
523
532
1172100
532
532
540
527
528
1682900
528
531
537
524
531
2208700
531
501
506
480
491
3809100
491
492
499
485
498
1423400
498
500
515
499
508
1417600
508
511
517
506
506
1032300
506
505
507
498
498
1209600
498
498
498
482
483
1691100
483
483
494
483
491
1102400
491
495
495
485
485
1076600
485
484
491
479
488
1465200
488
491
499
490
498
605300
498
502
504
497
501
706700
501
497
505
494
496
860000
496
497
500
495
497
905000
497
494
497
491
493
841600
493
497
497
482
482
1712100
482
484
486
481
481
888800
481
481
486
473
483
1370000
483
484
490
484
486
959800
486
492
495
480
482
1180900
482
480
482
478
478
611900
478
470
470
450
450
3777600
450
453
453
442
447
1707800
447
448
449
442
446
1169100
446
441
444
440
442
1201400
442
440
440
433
438
1403000
438
437
444
436
442
970100
442
441
445
438
443
898400
443
442
446
433
436
1426700
436
434
442
433
440
1211000
440
446
453
443
452
2457500
452
455
467
453
455
2758600
455
462
465
458
461
2147000
461
457
463
456
462
1212700
462
465
473
465
471
2550400
471
476
480
470
480
1904200
480
487
487
473
476
1506900
476
479
479
469
475
1866900
475
475
480
473
475
1471200
475
478
482
473
475
1272500
475
475
480
473
476
1644400
476
474
477
471
472
1683800
472
477
480
470
471
1743100
471
466
469
464
466
1345800
466
460
463
450
453
1836900
453
453
456
446
449
1397700
449
430
441
427
440
1834800
440
436
441
433
440
1392500
440
440
441
433
437
1653300
437
435
445
433
445
1869900
445
450
452
445
450
1709600
450
450
456
448
449
1417200
449
445
450
443
449
1168000
449
446
448
442
443
1570800
443
440
441
429
431
1513700
431
435
435
427
427
1002200
427
420
424
415
418
1800100
418
421
423
413
419
1422400
419
421
425
417
419
1226300
419
418
429
417
429
1583200
429
426
431
424
429
1031000
429
416
419
395
396
4227700
396
398
402
389
398
2715800
398
394
405
392
404
1529800
404
405
413
403
413
1091600
413
411
418
406
407
1290800
407
413
421
413
414
1412400
414
415
416
411
411
1035800
411
409
414
405
412
1151800
412
404
405
398
404
2641200
404
405
414
403
410
1074600
410
406
408
402
404
957800
404
403
405
399
399
1266300
399
398
398
393
393
868200
393
389
389
377
380
2256800
380
375
384
372
383
2088400
383
385
387
379
380
1291000
380
380
385
379
384
756700
384
387
392
383
384
1186800
384
387
393
384
393
1620100
393
393
397
388
390
1584200
390
391
391
388
390
1026200
390
393
398
391
395
1321600
395
395
396
387
387
1511200
387
381
384
376
382
1489400
382
374
377
366
367
2252200
367
369
370
363
367
1926200
367
362
364
356
362
1407700
362
364
365
352
354
1423600
354
356
366
356
359
1399900
359
361
367
361
365
1254400
365
362
363
354
354
2113500
354
351
355
348
348
1466000
348
342
349
341
343
2561200
343
341
348
341
346
1701500
346
343
346
336
336
2763700
336
330
336
321
323
2679300
323
305
316
303
312
3179900
312
313
322
312
319
1942100
319
334
342
329
331
2514600
331
332
342
331
334
2336600
334
