4267
4328
4267
4318
2104200
4318
4340
4345
4315
4339
1144100
4339
4371
4380
4317
4332
1310600
4332
4341
4349
4306
4335
1019200
4335
4300
4331
4282
4320
1154100
4320
4322
4330
4273
4303
1701900
4303
4329
4337
4265
4272
1526100
4272
4260
4272
4222
4243
1498700
4243
4235
4241
4194
4233
2131600
4233
4250
4253
4180
4189
2619400
4189
4203
4233
4190
4233
1724900
4233
4230
4255
4203
4255
1366200
4255
4278
4397
4277
4379
3102900
4379
4366
4422
4344
4401
2175500
4401
4345
4351
4242
4262
3073000
4262
4279
4286
4222
4227
2362200
4227
4212
4217
4186
4188
1645800
4188
4189
4196
4137
4145
1978500
4145
4140
4146
4102
4102
2980300
4102
4139
4148
4107
4138
1962000
4138
4137
4156
4125
4146
1856500
4146
4100
4122
4068
4090
2689200
4090
3980
4007
3845
3927
6036300
3927
4100
4214
4080
4159
6743600
4159
4201
4286
4196
4268
4044000
4268
4128
4226
4110
4225
2979800
4225
4273
4293
4207
4219
2452700
4219
4212
4272
4172
4203
2251800
4203
4247
4272
4194
4197
2033100
4197
4248
4266
4226
4247
1643100
4247
4277
4354
4268
4354
2253100
4354
4324
4373
4317
4368
1414300
4368
4383
4387
4348
4377
1513700
4377
4318
4328
4289
4320
1512900
4320
4291
4361
4288
4357
1193400
4357
4375
4426
4366
4404
1599000
4404
4404
4447
4372
4393
1723300
4393
4389
4411
4372
4382
1513200
4382
4345
4354
4240
4267
2101700
4267
4141
4158
4082
4129
2688100
4129
4094
4099
4021
4039
1660600
4039
4119
4123
4041
4041
1475300
4041
4020
4062
4007
4018
1523200
4018
4050
4056
3973
3996
1583500
3996
4050
4054
3986
4020
1745900
4020
4060
4106
4050
4083
1277300
4083
4067
4113
4057
4102
948500
4102
4102
4116
4070
4099
1216100
4099
4079
4081
4026
4039
1864100
4039
4058
4058
4020
4034
1385700
4034
4026
4028
3975
4022
1287800
4022
4013
4050
4002
4025
1635300
4025
4034
4075
4027
4069
1535400
4069
4000
4005
3908
3933
3453800
3933
3917
3965
3882
3965
1932800
3965
3992
4024
3971
4015
1871100
4015
3946
4035
3946
4033
1832300
4033
4079
4092
4026
4059
1530400
4059
4086
4092
4039
4074
1676400
4074
4059
4077
4037
4037
767000
4037
3998
4028
3958
4021
1157100
4021
4020
4045
3992
4006
1044100
4006
4037
4048
4005
4033
1116300
4033
4035
4055
3975
3975
1607300
3975
3977
4015
3968
3999
1015500
3999
3986
4074
3965
4063
1603900
4063
4071
4114
4055
4091
1069800
4091
4075
4078
4037
4043
854200
4043
4061
4111
4054
4074
1017700
4074
4093
4132
4083
4116
1352700
4116
4110
4126
4080
4101
792500
4101
4088
4136
4058
4117
1328200
4117
4145
4220
4143
4173
1524700
4173
4179
4212
4168
4186
706300
4186
4201
4241
4190
4218
1114000
4218
4248
4269
4227
4265
1055600
4265
4208
4280
4198
4269
980900
4269
4271
4278
4243
4272
1149500
4272
4279
4329
4279
4326
1753200
4326
4310
4340
4292
4333
1083000
4333
4332
4332
4279
4309
970200
4309
4301
4308
4258
4282
1256500
4282
4260
4279
4063
4110
3878300
4110
4090
4180
4080
4113
2610400
4113
4100
4119
4088
4114
1838300
4114
4113
4159
4103
4159
1672500
4159
4149
4218
4136
4204
1313300
4204
4211
4246
4189
4193
1174700
4193
4180
4274
4176
4235
1584400
4235
4231
4295
4230
4282
1262800
4282
4270
4308
4260
4298
1206900
4298
4318
4321
4278
4307
948800
4307
4314
4322
4291
4305
773600
4305
4275
4307
4252
4252
1420300
4252
4234
4255
4200
4215
1259000
4215
4200
4214
4173
4196
945300
4196
4201
4216
4156
4173
790700
4173
4170
4185
4141
4160
706800
4160
4100
4105
4039
4077
1423900
4077
4147
4147
4091
4120
2364000
4120
4131
4142
4076
4118
1170900
4118
4152
4179
4145
4153
856500
4153
4141
4147
4100
4123
1189500
4123
4126
4149
4110
4117
833300
4117
4148
4175
4134
4135
1095100
4135
4103
4143
4095
4110
1666300
4110
4092
4144
4085
4133
796500
4133
4167
4184
4133
4133
1076700
4133
4142
4189
4136
4158
832900
4158
4130
4158
4122
4136
860700
4136
4160
4165
4099
4156
1314200
4156
4130
4137
4075
4136
994700
4136
4030
4097
4007
4064
2356800
4064
4039
4054
3971
4043
2274300
4043
4059
4070
4004
4007
1393500
4007
3973
4003
3942
3984
1942900
3984
4010
4032
3942
3955
1347500
3955
3933
3958
3889
3954
1566400
3954
3966
3983
3913
3943
1136000
3943
3950
3980
3933
3977
1030700
3977
3997
4057
3965
4031
1491700
4031
4071
4090
4015
4025
1629600
4025
4005
4013
3956
4006
1332700
4006
3993
4022
3987
3997
1022500
3997
3998
4025
3987
4001
729600
4001
4020
4057
4012
4041
1318400
4041
4050
4057
3998
4052
976800
4052
4075
4104
4069
4069
1221300
4069
4041
4059
4006
4038
1056300
4038
4053
4055
4011
4022
994000
4022
4026
4062
4011
4047
1064200
4047
4064
4102
4043
4093
1086800
4093
4121
4147
4102
4141
1160400
4141
4149
4155
4128
4137
730800
4137
4116
4123
4073
4123
1085100
4123
4085
4108
4081
4092
1029500
4092
4113
4138
4094
4112
868100
4112
4150
4167
4126
4136
854100
4136
4166
4171
4136
4147
779700
4147
4160
4172
4144
4162
690200
4162
4158
4198
4158
4183
1010200
4183
4200
4237
4186
4187
1541900
4187
4225
4230
4198
4218
906400
4218
4214
4217
4182
4190
1009000
4190
4170
4281
4115
4270
2449500
4270
4228
4248
4139
4139
1865900
4139
4120
4195
4119
4180
971900
4180
4200
4289
4191
4273
2115100
4273
4249
4270
4237
4237
1217300
4237
4223
4308
4216
4263
1807200
4263
4207
4220
4155
4172
1494600
4172
4184
4205
4180
4198
824900
4198
4209
4222
4147
4164
947000
4164
4105
4152
4078
4139
1028000
4139
4153
4201
4133
4180
1074400
4180
4186
4208
4171
4185
718500
4185
4199
4217
4173
4178
896200
4178
4180
4209
4164
4188
875400
4188
4201
4207
4146
4156
890800
4156
4199
4214
4135
4140
853900
4140
4170
4188
4148
4158
750200
4158
4179
4202
4161
4164
893300
4164
4177
4190
4160
4167
819100
4167
4179
4184
4144
4153
1004900
4153
4158
4165
4125
4126
1162000
4126
4135
4146
4078
4104
785100
4104
4104
4119
4088
4104
699200
4104
4083
4093
4058
4074
1163500
4074
4049
4068
4032
4032
1275000
4032
4014
4060
4003
4048
1107900
4048
4028
4075
4022
4056
746600
4056
4057
4071
4028
4034
1057500
4034
4033
4035
3977
3998
1574400
3998
4020
4079
4012
4054
1297300
4054
4079
4097
4056
4069
1371700
4069
4080
4145
4076
4110
2380400
4110
4180
4213
4154
4163
1901100
4163
4194
4235
4183
4227
1534100
4227
4250
4337
4244
4316
2746000
4316
4325
4359
4305
4345
1671100
4345
4222
4328
4217
4318
1499100
4318
4308
4374
4296
4335
1351000
4335
4348
4387
4322
4387
1744100
4387
4368
4416
4362
4389
1342500
4389
4390
4407
4370
4399
1356800
4399
4389
4435
4366
4367
1538100
4367
4403
4458
4403
4437
2050000
4437
4397
4471
4395
4458
1780300
4458
4428
4487
4404
4446
1352300
4446
4459
4472
4382
4414
1328100
4414
4283
4367
4282
4356
1918100
4356
4291
4338
4239
4293
2263900
4293
4252
4297
4218
4268
1315400
4268
4260
4340
4256
4336
1040700
4336
4366
4378
4323
4350
1061200
4350
4373
4373
4305
4318
1113100
4318
4264
4325
4251
4318
977800
4318
4301
4301
4186
4224
1760900
4224
4200
4200
4094
4111
1608100
4111
4150
4160
4045
4087
1464400
4087
4010
4048
3987
4010
1599800
4010
4077
4091
3983
4022
1424000
4022
4063
4083
3982
3994
1157300
3994
3970
4017
3960
3984
1258200
3984
3983
4134
3891
3989
3198000
3989
4017
4070
3994
4031
1812800
4031
4061
4184
4050
4158
2319000
4158
4134
4297
4133
4267
2549000
4267
4250
4312
4246
4272
1270200
4272
4260
4327
4222
4248
1564300
4248
4327
4344
4296
4309
1243900
4309
4309
4329
4293
4309
939800
4309
4269
4327
4269
4322
693700
4322
4248
4291
4206
4284
1148300
4284
4299
4307
4257
4270
947100
4270
4265
4270
4204
4253
845300
4253
4275
4316
4266
4298
1145900
4298
4278
4291
4252
4286
883700
4286
4259
4327
4245
4320
1152300
4320
4279
4325
4263
4313
995600
4313
4303
4322
4270
4322
883600
4322
4320
4326
4271
4308
1110300
4308
4336
4349
4310
4322
1663200
4322
4345
4414
4344
4410
1845400
4410
4436
4441
4331
4354
1570400
4354
4374
4411
4315
4317
2778400
4317
4353
4407
4328
4351
1274400
4351
4379
4394
4313
4324
1301900
4324
4250
4299
4224
4282
1097500
4282
4282
4310
4231
4270
1582500
4270
4285
4292
4256
4268
1204800
4268
4202
4243
4183
4229
915900
4229
4239
4239
4148
4189
1086600
4189
4211
4280
4199
4246
1409600
4246
4281
4292
4227
4251
1024800
4251
4252
4291
4215
4246
1570600
4246
4237
4240
4185
4192
1066900
4192
4182
4193
4158
4174
1199200
4174
4208
4216
4125
4148
1546700
4148
4130
4133
4051
4072
1280400
4072
4075
4092
3990
4024
1953400
4024
3903
3927
3817
3877
2048000
3877
3894
3922
3821
3877
1262500
3877
4000
4006
3941
3962
1509800
3962
3941
3975
3935
3956
1004700
3956
