3840
3900
3835
3875
1678300
3875
3900
3900
3845
3870
816600
3870
3910
3960
3910
3940
1151100
3940
3925
3925
3870
3880
1011800
3880
3820
3910
3820
3910
666300
3910
3915
3945
3890
3905
820400
3905
3915
3930
3855
3870
637200
3870
3730
3800
3665
3795
2077200
3795
3745
3780
3720
3775
1087300
3775
3820
3820
3710
3735
1284700
3735
3755
3800
3710
3795
1015700
3795
3795
3815
3775
3805
662600
3805
3805
3840
3780
3830
838000
3830
3815
3875
3800
3825
755100
3825
3805
3870
3800
3845
904400
3845
3850
3860
3775
3790
990900
3790
3660
3720
3650
3675
1596900
3675
3665
3675
3620
3640
1302000
3640
3605
3695
3590
3650
1292900
3650
3600
3675
3590
3645
927500
3645
3635
3745
3600
3725
2428700
3725
3600
3650
3580
3630
1717700
3630
3470
3590
3315
3465
3193600
3465
3625
3675
3560
3565
1995900
3565
3580
3630
3545
3600
1540200
3600
3490
3595
3470
3590
1417700
3590
3635
3635
3455
3460
1486700
3460
3475
3510
3415
3455
930000
3455
3485
3505
3440
3450
838000
3450
3480
3490
3445
3465
800100
3465
3490
3550
3455
3540
797400
3540
3520
3520
3435
3470
940600
3470
3490
3545
3480
3520
646800
3520
3485
3485
3430
3465
727700
3465
3470
3590
3460
3550
1092500
3550
3585
3605
3565
3595
570300
3595
3630
3735
3625
3675
1201900
3675
3665
3725
3650
3660
1032100
3660
3630
3655
3570
3630
961000
3630
3560
3585
3510
3545
1009500
3545
3505
3520
3440
3475
750000
3475
3520
3595
3515
3555
1015900
3555
3530
3555
3495
3525
737400
3525
3570
3570
3510
3545
485900
3545
3585
3590
3515
3555
1334100
3555
3610
3670
3575
3635
960300
3635
3585
3595
3505
3530
1224100
3530
3530
3540
3420
3440
2077200
3440
3420
3420
3300
3375
1479300
3375
3385
3390
3340
3355
912400
3355
3325
3340
3300
3320
668300
3320
3275
3325
3255
3305
765800
3305
3310
3390
3305
3360
1074700
3360
3230
3265
3190
3215
1411600
3215
3185
3205
3155
3205
804300
3205
3245
3285
3235
3275
829500
3275
3205
3285
3200
3285
939400
3285
3355
3360
3260
3280
846100
3280
3305
3315
3280
3305
838300
3305
3305
3330
3280
3290
558100
3290
3240
3315
3235
3305
590700
3305
3305
3310
3270
3295
498300
3295
3300
3335
3270
3325
760200
3325
3335
3390
3335
3370
1102500
3370
3355
3460
3340
3400
1363600
3400
3400
3535
3390
3515
1886500
3515
3550
3595
3520
3525
1210400
3525
3495
3535
3460
3525
611400
3525
3555
3650
3550
3595
1199800
3595
3600
3620
3570
3595
501300
3595
3595
3620
3575
3615
709900
3615
3680
3690
3630
3655
969800
3655
3675
3710
3650
3660
846700
3660
3645
3695
3635
3675
784100
3675
3685
3745
3665
3720
763500
3720
3665
3730
3400
3480
3827400
3480
3480
3580
3475
3545
1841100
3545
3570
3650
3560
3585
1213100
3585
3595
3610
3560
3590
716600
3590
3555
3620
3555
3600
576800
3600
3620
3630
3570
3605
683100
3605
3685
3750
3675
3685
1513900
3685
3665
3700
3640
3690
709900
3690
3695
3740
3660
3705
1068200
3705
3915
3970
3900
3930
2954000
3930
3900
3970
3900
3965
1071600
3965
3960
3990
3930
3980
727300
3980
3990
4000
3940
3950
871600
3950
3925
3995
3925
3970
634100
3970
3980
4040
3975
4010
792200
4010
4030
4080
4020
4070
807000
4070
4060
4090
4025
4075
628600
4075
4090
4115
4050
4095
710000
4095
4060
4115
4060
4110
936000
4110
4105
4110
4040
4060
1051000
4060
4150
4205
4115
4170
1979100
4170
4170
4190
4125
4145
601400
4145
4145
4190
4115
4165
764500
4165
4085
4120
4050
4085
898300
4085
4100
4110
4040
4095
1269800
4095
4030
4090
3965
4070
1071600
4070
4100
4140
4085
4090
906200
4090
4075
4100
3975
4005
1176300
4005
3970
3985
3915
3955
843400
3955
3960
4000
3945
3990
766400
3990
3960
4000
3945
3985
792100
3985
3970
4030
3945
4020
506700
4020
4065
4065
3990
3995
514200
3995
4085
4155
4020
4035
1074900
4035
3995
4040
3960
4000
570800
4000
4015
4085
4005
4075
797700
4075
4060
4070
3965
3990
599900
3990
3955
4045
3950
3960
745500
3960
3945
3975
3885
3965
727300
3965
3945
3985
3910
3940
409100
3940
3900
3930
3875
3925
948900
3925
3945
4010
3900
3900
676400
3900
3865
3880
3750
3840
1040400
3840
3825
3840
3780
3815
604900
3815
3785
3820
3770
3810
619900
3810
3825
3875
3795
3860
567400
3860
3840
3885
3785
3790
498000
3790
3810
3825
3730
3770
649100
3770
3790
3805
3760
3790
472200
3790
3815
3860
3770
3795
564700
3795
3805
3825
3770
3795
501000
3795
3810
3825
3720
3790
706500
3790
3830
3910
3825
3835
671800
3835
3805
3820
3750
3805
512400
3805
3825
3825
3725
3780
723900
3780
3820
3855
3780
3825
659200
3825
3810
3920
3780
3875
722600
3875
3925
3930
3830
3850
607000
3850
3875
3885
3770
3775
886900
3775
3775
3805
3710
3765
937300
3765
3755
3780
3685
3730
853700
3730
3745
3760
3700
3725
561200
3725
3755
3780
3730
3745
576200
3745
3785
3860
3780
3800
929500
3800
3825
3915
3825
3905
875700
3905
3905
3935
3895
3905
604600
3905
3915
3970
3895
3905
780000
3905
3915
3940
3860
3910
504500
3910
3905
3940
3855
3885
605700
3885
3860
3895
3825
3860
599500
3860
3845
3885
3830
3835
527200
3835
3835
3915
3835
3890
595100
3890
3955
4060
3730
3950
2376400
3950
3930
3950
3810
3865
989800
3865
3870
3965
3865
3930
841400
3930
3860
3860
3765
3770
744200
3770
3785
3800
3735
3780
442500
3780
3790
3830
3750
3760
338100
3760
3720
3740
3660
3730
635000
3730
3740
3785
3730
3755
441200
3755
3755
3815
3745
3790
593300
3790
3790
3865
3780
3805
680700
3805
3785
3850
3780
3800
575500
3800
3805
3855
3795
3795
608700
3795
3825
3855
3800
3810
431000
3810
3855
3955
3855
3935
755800
3935
3985
4045
3925
3925
677900
3925
3915
3930
3890
3915
531300
3915
3945
3975
3880
3895
578300
3895
3860
3940
3825
3880
599100
3880
3900
3905
3860
3890
334600
3890
3910
3970
3905
3940
528900
3940
3915
4005
3915
3980
883100
3980
3995
4025
3970
4000
783000
4000
3965
4050
3950
4040
968200
4040
4020
4110
4015
4085
711400
4085
4085
4150
4085
4120
731600
4120
4115
4145
4060
4090
754700
4090
4130
4270
4125
4200
1244000
4200
4235
4280
4225
4270
1026100
4270
4270
4410
4265
4395
1086000
4395
4440
4490
4405
4435
955800
4435
4480
4520
4470
4505
1006900
4505
4530
4565
4515
4555
999700
4555
4530
4535
4475
4495
991400
4495
4370
4415
4365
4380
1447200
4380
4365
4380
4290
4325
1236400
4325
4325
4360
4290
4305
899600
4305
4305
4365
4270
4305
740400
4305
4345
4390
4325
4340
728900
4340
4370
4440
4350
4375
950400
4375
4430
4485
4370
4385
927100
4385
4315
4340
4235
4315
838700
4315
4300
4455
4295
4410
1241900
4410
4500
4525
4415
4445
885300
4445
4305
4370
4305
4350
856800
4350
4285
4305
4250
4295
869000
4295
4255
4285
4210
4245
676500
4245
4225
4340
4220
4335
687600
4335
4390
4520
4390
4470
877100
4470
4495
4525
4370
4400
968000
4400
4340
4430
4330
4430
770700
4430
4380
4450
4365
4380
871200
4380
4325
4345
4160
4175
1275400
4175
4200
4310
4185
4260
1135100
4260
4120
4185
4110
4135
726100
4135
4160
4175
4075
4125
852500
4125
4145
4175
4125
4130
420500
4130
4125
4175
4110
4140
720200
4140
4150
4170
4085
4130
1307600
4130
3880
4130
3815
4110
2125800
4110
4390
4415
4175
4230
1836300
4230
4175
4220
4090
4110
960300
4110
4130
4200
4120
4135
717000
4135
4140
4170
3940
3960
1096600
3960
4080
4125
4010
4035
869000
4035
4015
4025
3950
3975
637800
3975
3970
4025
3950
4005
777000
4005
3905
3935
3855
3935
623800
3935
3950
3965
3880
3900
633000
3900
3885
3920
3870
3880
591200
3880
3890
3900
3795
3810
965100
3810
3800
3820
3735
3775
686600
3775
3735
3760
3720
3740
687100
3740
3640
3665
3615
3640
802900
3640
3605
3615
3485
3515
1123600
3515
3500
3505
3410
3470
1168200
3470
3515
3540
3445
3475
1106300
3475
3465
3470
3395
3400
1176100
3400
3455
3480
3430
3445
1256800
3445
3480
3510
3445
3455
1243900
3455
3510
3510
3470
3490
1008400
3490
3500
3560
3470
3485
1267200
3485
3420
3505
3415
3495
909000
3495
3485
3575
3480
3535
1490700
3535
3540
3585
3430
3455
1124800
3455
3395
3450
3385
3410
883200
3410
3390
3400
3275
3315
786400
3315
3365
3415
3330
3400
818300
3400
3430
3495
3405
3490
901500
3490
3485
3510
3435
3460
955400
3460
3505
3570
3495
3515
1064800
3515
3515
3530
3440
3450
1016900
3450
3415
3430
3380
3420
860400
3420
3365
3395
3270
3300
929700
3300
3260
3265
3080
3135
1236300
3135
2965
2990
2921
2930
1246300
2930
2947
3000
2884
2949
903800
2949
3035
3085
3015
3075
595300
3075
3035
3085
3025
3030
649600
3030
