693
708
692
708
4285200
708
718
719
706
719
3238100
719
732
734
717
725
3759900
725
729
740
725
726
4638300
726
725
728
712
721
4334200
721
720
730
715
720
5178200
720
723
729
716
729
2833400
729
728
729
720
724
2528000
724
710
712
698
709
4216700
709
715
716
694
696
4941200
696
702
703
687
689
3538700
689
679
680
670
675
5866600
675
678
689
672
688
4530800
688
681
684
667
672
3766700
672
662
670
659
664
4941300
664
662
668
656
662
3760500
662
664
670
660
668
3806100
668
675
677
664
669
4918600
669
667
676
661
661
4775500
661
671
699
668
690
5211300
690
670
682
666
678
4590100
678
670
679
655
662
5807100
662
634
643
616
635
8468700
635
646
657
629
630
6222000
630
627
640
627
629
4997500
629
609
612
600
606
5378600
606
611
614
592
594
5120900
594
596
599
586
589
4976900
589
599
609
598
604
3370400
604
607
614
601
611
2738300
611
620
631
616
629
3123100
629
622
622
609
617
2824300
617
617
622
614
617
2354000
617
611
623
610
621
3953000
621
620
630
615
628
3133000
628
636
637
629
633
2091800
633
642
646
633
642
3985700
642
642
643
623
626
5197100
626
620
620
606
609
3565700
609
599
606
594
598
3619400
598
591
598
586
596
2618400
596
604
621
604
611
4450100
611
601
607
593
594
4012500
594
602
606
589
591
3753700
591
599
608
590
593
5621100
593
602
610
598
605
3220700
605
615
616
600
608
3690200
608
603
606
590
591
5619600
591
588
599
587
597
3455200
597
601
601
589
590
5147900
590
581
587
579
582
2723600
582
577
590
576
584
1915900
584
589
601
589
600
2974900
600
574
580
562
567
4875800
567
561
572
560
572
3522100
572
579
595
578
593
3741000
593
584
590
575
587
3761000
587
593
599
587
593
3381800
593
600
600
584
587
3239400
587
584
589
576
576
2542300
576
570
576
568
574
2990300
574
571
577
565
574
3440300
574
581
597
577
589
3841300
589
580
592
580
587
3893000
587
585
603
584
601
4027500
601
596
599
585
596
3882800
596
604
604
588
591
2621900
591
586
595
582
593
2896400
593
600
611
599
609
3270000
609
611
622
610
615
2619600
615
619
622
612
615
3794700
615
618
630
616
629
5647300
629
630
636
619
620
4488800
620
627
632
612
616
4109300
616
622
628
618
618
3639100
618
626
630
621
627
4051100
627
619
640
614
638
4699000
638
643
646
630
634
4733700
634
640
643
631
637
3938900
637
619
626
609
613
3808200
613
621
623
615
619
2692300
619
623
624
609
614
2102000
614
612
628
612
623
2666300
623
626
626
616
622
2717300
622
628
636
625
626
2603100
626
626
634
624
633
2430700
633
626
626
611
624
3100600
624
628
640
628
631
4035700
631
641
659
640
655
5055600
655
653
658
650
654
2086300
654
658
659
648
652
2669400
652
646
648
636
639
2720400
639
642
644
636
640
2016500
640
632
639
624
627
2651600
627
625
633
621
626
3414400
626
626
631
622
623
2938500
623
621
622
614
621
1992100
621
622
625
613
616
2201400
616
598
605
596
601
3306700
601
607
617
601
613
12355200
613
607
623
602
615
4820000
615
621
641
617
638
3940300
638
640
646
634
638
2411700
638
633
634
625
625
2550500
625
635
641
633
634
2283600
634
629
636
626
631
3730600
631
630
632
621
631
1636300
631
638
640
631
636
2363400
636
637
646
633
642
2327400
642
640
659
638
652
5082100
652
656
657
638
641
4186400
641
633
634
621
625
2626500
625
619
629
616
617
3508400
617
610
611
591
602
5485300
602
596
598
583
584
4065800
584
561
575
556
571
5817600
571
573
576
567
568
3399500
568
558
582
555
580
3949200
580
575
575
562
564
4561300
564
565
567
559
561
5108900
561
564
567
563
564
5501100
564
560
560
549
553
4558500
553
556
556
535
540
8059300
540
538
543
533
535
4570400
535
536
537
523
526
5082800
526
534
544
532
542
4875300
542
544
550
542
545
1944000
545
552
559
550
551
2554900
551
547
553
542
551
3999200
551
555
560
551
551
2826000
551
535
535
500
504
12481000
504
506
523
502
518
7678700
518
525
533
524
526
4895600
526
531
543
528
541
3767000
541
546
558
543
550
6597300
550
569
583
568
576
6842200
576
586
613
580
586
9227000
586
596
613
593
605
6251900
605
609
610
595
599
3873100
599
609
626
606
615
4703000
615
623
631
616
627
6478000
627
625
644
597
600
10743500
600
605
616
596
614
6593800
614
616
622
602
608
3499100
608
601
607
593
594
3043500
594
574
576
555
564
5390100
564
565
567
550
560
4180200
560
558
566
555
559
3909800
559
560
564
556
560
2453000
560
560
565
556
561
4554200
561
551
554
525
537
5731900
537
538
540
531
539
4016800
539
543
544
524
530
3508000
530
521
536
516
535
3222600
535
534
543
529
537
2454800
537
534
539
533
536
1954200
536
531
538
529
535
1827800
535
529
532
523
524
2801500
524
525
525
516
518
2831100
518
523
527
519
524
2354000
524
530
543
527
537
3032400
537
541
545
532
532
3766800
532
534
554
534
552
3995500
552
552
556
543
545
3172200
545
534
537
531
533
5161200
533
528
532
520
524
3388600
524
527
528
510
511
4293900
511
509
512
503
506
4779600
506
508
516
506
512
3580600
512
507
508
497
502
3601500
502
501
516
499
511
2996300
511
515
516
508
514
2998800
514
513
516
502
505
3917300
505
512
521
508
517
3342700
517
520
526
519
525
6454300
525
524
543
524
541
4292200
541
551
551
543
547
3883500
547
560
568
552
564
5129100
564
570
578
565
570
6532200
570
570
573
561
567
4769000
567
559
564
550
559
4203300
559
558
567
555
560
3160900
560
561
571
557
557
5882200
557
553
559
547
556
3065900
556
563
570
558
563
3589500
563
564
574
556
557
3519700
557
565
572
560
568
5004000
568
567
584
567
578
4523800
578
569
574
550
553
5741500
553
554
568
553
562
3958500
562
537
549
530
537
4984100
537
537
546
534
544
5339800
544
536
542
528
534
3527100
534
530
542
530
538
2719600
538
546
547
537
542
3810200
542
545
553
539
542
2447100
542
532
537
529
535
2108000
535
525
539
524
534
1964700
534
528
532
519
520
2478400
520
524
525
506
507
3272400
507
491
499
486
492
3615000
492
491
501
485
496
4619200
496
500
504
491
496
2580400
496
499
519
498
511
11399200
511
517
522
511
518
3766500
518
518
530
516
526
3131200
526
524
527
511
522
3719600
522
516
530
514
525
2749400
525
526
534
526
532
1810600
532
536
549
521
525
3524400
525
537
545
535
542
2245700
542
545
549
540
543
1983600
543
524
526
499
512
5402100
512
500
515
497
514
4046900
514
517
533
515
528
4626100
528
522
522
512
516
3753700
516
516
528
516
526
3574100
526
523
523
489
497
6937000
497
492
509
490
509
3336100
509
493
498
489
496
3842100
496
498
503
495
500
3076100
500
501
510
498
505
3330700
505
512
522
509
518
3164700
518
518
524
516
519
2988500
519
530
536
529
532
3681500
532
531
539
526
533
4332000
533
540
549
537
543
3009600
543
543
548
526
528
3239700
528
518
518
505
510
4342500
510
508
509
498
501
4912900
501
498
503
493
494
5235900
494
481
485
471
475
4569200
475
473
476
453
463
5976200
463
465
482
465
476
6185600
476
481
493
476
489
4533900
489
481
485
473
480
8795100
480
488
493
472
473
3743100
473
453
462
450
452
7188300
452
452
453
435
437
6702300
437
436
443
430
435
8506200
435
427
429
417
421
7180200
421
397
403
394
401
6263000
401
404
411
401
407
6309600
407
418
427
414
425
6985100
425
417
427
412
422
5114600
422
