1130
1136.5
1128
1134
15474800
1134
1138
1149.5
1137
1149
17994900
1149
1154
1167.5
1153.5
1156.5
20405500
1156.5
1156.5
1162
1155
1156.5
13119400
1156.5
1150
1158.5
1150
1157.5
12324500
1157.5
1155
1157
1146.5
1148.5
13584700
1148.5
1152
1159.5
1150
1150
9583800
1150
1149
1157
1148
1154.5
9263900
1154.5
1151.5
1152.5
1147
1149.5
12801100
1149.5
1160
1162
1143.5
1145.5
19085000
1145.5
1149.5
1157
1145.5
1154
15182500
1154
1158
1165
1154.5
1163
16118500
1163
1165
1177
1164.5
1176
17415200
1176
1172
1178
1169.5
1172.5
14115300
1172.5
1170
1172
1164
1169
15258500
1169
1175
1186.5
1173.5
1182
20238200
1182
1185.5
1197
1183
1193.5
17093600
1193.5
1188.5
1189
1170.5
1176
19818500
1176
1170
1175.5
1163.5
1163.5
18367500
1163.5
1172
1178
1165
1171
12825000
1171
1169.5
1176
1167
1173
14713500
1173
1162.5
1172
1159
1169.5
15504200
1169.5
1145
1158
1132
1151
38787800
1151
1177
1177.5
1152
1152
24442500
1152
1156
1169
1154
1163.5
17457700
1163.5
1115
1128
1103.5
1127.5
40169700
1127.5
1133
1134
1117
1117.5
26306400
1117.5
1118
1119.5
1106
1111
21788700
1111
1117
1118.5
1110
1113
17332900
1113
1120.5
1126.5
1115
1115.5
15157300
1115.5
1120
1127.5
1118
1127
12954200
1127
1123
1124
1113
1117
17178100
1117
1119
1123.5
1116
1121.5
15176800
1121.5
1114
1114.5
1107
1112
16204600
1112
1109
1122
1107.5
1119.5
18498500
1119.5
1123.5
1131
1121.5
1129
14288200
1129
1131
1141
1129.5
1132.5
16284400
1132.5
1130.5
1133.5
1125
1125
14853600
1125
1120
1123.5
1115.5
1120.5
17238600
1120.5
1110
1111
1102
1105
22197100
1105
1107
1111
1103
1108.5
14141000
1108.5
1124
1124
1110.5
1112.5
14053700
1112.5
1109
1121.5
1105
1105
18312400
1105
1118.5
1122.5
1109
1113.5
17378500
1113.5
1114
1122.5
1108.5
1112
21133800
1112
1122
1131.5
1119
1130.5
14838800
1130.5
1127.5
1131
1122
1130
14685000
1130
1125
1129.5
1122
1125.5
12342200
1125.5
1125.5
1127
1118.5
1122
14701900
1122
1123
1126.5
1119.5
1123.5
16618700
1123.5
1123
1123.5
1111.5
1113
14131800
1113
1111
1120.5
1108.5
1119.5
13178400
1119.5
1120.5
1121.5
1111.5
1116
19659800
1116
1108
1111
1103
1105
32438000
1105
1104.5
1106
1095.5
1105
25660900
1105
1118
1130
1115
1130
29868100
1130
1073.5
1099.5
1073.5
1099.5
22589700
1099.5
1108.5
1113
1085
1094.5
17148000
1094.5
1101
1106.5
1094.5
1104
14944400
1104
1100
1111
1100
1103.5
11466700
1103.5
1093
1100.5
1091
1098
10907500
1098
1102
1111
1096.5
1109
14216900
1109
1107.5
1113.5
1104.5
1108.5
13321800
1108.5
1114
1118.5
1112.5
1115.5
15404000
1115.5
1113.5
1120
1111
1118
9939200
1118
1115
1129.5
1114.5
1126
18078300
1126
1127
1127.5
1120
1122
11188600
1122
1122
1123.5
1116.5
1122
10399500
1122
1125.5
1127.5
1123.5
1125
10786000
1125
1125
1129
1124
1129
9449500
1129
1127
1132
1125
1128.5
11766800
1128.5
1132
1138
1129.5
1133.5
12586000
1133.5
1133.5
1139
1133
1135.5
10925500
1135.5
1135
1139.5
1133.5
1135
10228700
1135
1138
1139
1134
1135
8443200
1135
1139.5
1148.5
1137.5
1148
13085600
1148
1145
1153
1145
1153
10846700
1153
1153
1157.5
1149.5
1155
12788700
1155
1155
1157
1138
1151.5
12606400
1151.5
1151
1151.5
1142.5
1151.5
8684800
1151.5
1148
1148.5
1127
1127.5
13632800
1127.5
1127
1130
1122
1126.5
10460000
1126.5
1117.5
1118.5
1107.5
1113
14387500
1113
1108
1109.5
1097
1099
17578300
1099
1108
1112
1104
1110.5
10195600
1110.5
1107
1113
1104
1111
11723200
1111
1111.5
1119
1109
1116
10161400
1116
1122
1135.5
1121
1125.5
13587200
1125.5
1126.5
1139
1125.5
1133.5
12863100
1133.5
1133.5
1141.5
1133
1137
8396900
1137
1142
1147.5
1141
1146
9254100
1146
1145
1148
1143.5
1144
7279600
1144
1144
1145
1136.5
1144
7712400
1144
1138.5
1145.5
1135
1138.5
9121600
1138.5
1126
1133.5
1113
1118.5
15211000
1118.5
1116.5
1120
1112
1116
10705300
1116
1116
1117.5
1101.5
1108
9391400
1108
1115
1115.5
1103
1108.5
8438700
1108.5
1100
1101
1082.5
1085
16509700
1085
1090.5
1095
1080.5
1080.5
34222800
1080.5
1077.5
1088
1068
1077
15654900
1077
1081
1099.5
1081
1098.5
9346200
1098.5
1099
1100.5
1086
1086
9521600
1086
1091
1094
1088
1091.5
9076500
1091.5
1099.5
1106
1096.5
1103
8075700
1103
1094
1103
1093
1094
10852700
1094
1100
1103
1093
1099.5
6503700
1099.5
1106
1109.5
1098.5
1101
9194000
1101
1100.5
1107
1099
1104.5
7928100
1104.5
1099
1099.5
1090
1090
12422000
1090
1095
1097
1087
1091
12768300
1091
1089
1089.5
1079
1083
10974900
1083
1085
1088
1076
1076
10896600
1076
1077
1083
1071
1081
10031400
1081
1077.5
1083.5
1074
1079
8874200
1079
1075.5
1080
1066
1078.5
12293300
1078.5
1075
1076.5
1067
1067.5
10142800
1067.5
1066
1073
1060.5
1070.5
9567100
1070.5
1074
1074
1066
1072
7107100
1072
1073
1077.5
1070
1074.5
10033800
1074.5
1077
1078
1068.5
1078
10953600
1078
1067.5
1071
1052.5
1053
15877200
1053
1055
1055.5
1038
1043
16839700
1043
1039
1049
1035.5
1045.5
11056500
1045.5
1047.5
1054
1041
1042
9851300
1042
1048.5
1057
1046.5
1051.5
12770600
1051.5
1052.5
1054.5
999.5
1003.5
39241300
1003.5
1025.5
1045
1023.5
1041.5
25303100
1041.5
1028.5
1031
1012
1020
19984700
1020
1020
1026
1016
1022
13379100
1022
1021.5
1033
1017.5
1028.5
14396300
1028.5
1030
1043.5
1026.5
1037
10779800
1037
1038.5
1043.5
1035.5
1038.5
9801800
1038.5
1040
1043
1037.5
1039.5
7965300
1039.5
1038
1042.5
1033
1034.5
10861300
1034.5
1033.5
1037
1027.5
1027.5
10083800
1027.5
1030
1033.5
1029
1032
9618800
1032
1035.5
1037.5
1033
1035
8201600
1035
1040
1045.5
1037.5
1039
10992700
1039
1033
1038.5
1030.5
1036.5
11534000
1036.5
1041.5
1056.5
1039.5
1055
12613900
1055
1063
1065
1055
1055.5
18972200
1055.5
1063
1065
1052
1064
10747000
1064
1055
1059.5
1045
1047
15969300
1047
1047
1050
1042
1043
11844200
1043
1046
1051.5
1041.5
1049
7596800
1049
1049
1055
1048
1055
7223100
1055
1055.5
1061
1052
1054
7260100
1054
1050
1050
1044.5
1045.5
7477500
1045.5
1046
1048.5
1040
1042
7916800
1042
1039
1039
1028
1030
12632900
1030
1036
1038.5
1033
1037.5
7729900
1037.5
1038.5
1043
1031
1033.5
8081600
1033.5
1030
1040
1024
1040
13010100
1040
1040
1041.5
1034
1038
7911100
1038
1038
1040
1033.5
1040
7784800
1040
1040
1043.5
1037.5
1042.5
8171300
1042.5
1044.5
1058.5
1039
1057
10986500
1057
1052
1053.5
1036
1036
11858500
1036
1037
1038
1026
1031.5
13373100
1031.5
1034.5
1039.5
1032.5
1039
8521000
1039
1051
1064.5
1051
1052.5
16774700
1052.5
1051
1055.5
1046
1052
9190700
1052
1052.5
1056.5
1048
1048
10271200
1048
1045
1045
1040
1040
10966500
1040
1041
1041
1035.5
1037
7685400
1037
1039.5
1040.5
1035.5
1040.5
10563600
1040.5
1035.5
1036.5
1030
1030
14586900
1030
1029
1031.5
1022
1027.5
10147800
1027.5
1024
1025.5
1019
1021
15897400
1021
1021
1028.5
1020.5
1025
9007900
1025
1025.5
1036.5
1024
1036.5
10004900
1036.5
1031
1035
1024.5
1028
10639200
1028
1027
1046.5
1024
1045.5
12763300
1045.5
1046.5
1060
1045.5
1060
15909200
1060
1060.5
1075.5
1058
1074
17998800
1074
1081
1090
1080.5
1086.5
14508900
1086.5
1090
1094
1084.5
1090.5
12963900
1090.5
1094.5
1105.5
1093
1105.5
20449900
1105.5
1100.5
1108.5
1095.5
1100
32277900
1100
1060
1064
1047
1054.5
27831100
1054.5
1060
1061
1051.5
1053.5
13055700
1053.5
1059.5
1063.5
1054
1063.5
14353300
1063.5
1063.5
1063.5
1051
1051.5
9582100
1051.5
1050
1059
1046
1056.5
14596300
1056.5
1049
1049.5
1033.5
1034.5
14906200
1034.5
1045
1048
1036.5
1038.5
12728900
1038.5
1033.5
1044.5
1031
1037
10780400
1037
1032
1036
1028.5
1029
12399100
1029
1030
1032
1026
1029
9763400
1029
1007.5
1013.5
1002
1007
25827100
1007
1005
1011.5
1003.5
1007
14630500
1007
1007
1007
1000.5
1000.5
13350700
1000.5
1001
1012
1000
1010.5
9875100
1010.5
1017.5
1017.5
1007
1009.5
11222100
1009.5
1009
1011
1006
1006.5
9498500
1006.5
1001
1003
998
1001.5
18437600
1001.5
999.7
1007.5
995.5
1003.5
11764800
1003.5
1000.5
1001
993.5
994
17185300
994
999.7
1001
990.4
998.3
13434500
998.3
983.3
987
974.6
979.7
19049800
979.7
986.2
995.8
982.4
990.9
13480200
990.9
996.3
1000.5
992
994.3
8593900
994.3
995.2
1012
993.3
1009
16031700
1009
1013
1027.5
1012.5
1027.5
17105100
1027.5
1026
1030.5
1018.5
1024.5
10338200
1024.5
1024.5
1029.5
1015
1027.5
12648400
1027.5
1020
1020.5
1010
1016.5
8479100
1016.5
1018
1034
1017.5
1032.5
11431200
1032.5
1028.5
1034.5
1016.5
1021
13223600
1021
1032
1034.5
1026.5
1030
10633300
1030
1020
1032.5
1017
1027
11147000
1027
1020
1029.5
1017
1029
6458600
1029
1015
1017
1005
1008.5
12967700
1008.5
1015
1028
1011.5
1022.5
11381400
1022.5
1016
1016
1006
1015.5
10113600
1015.5
1013
1015
1007.5
1010
8584700
1010
1006
1013
1003
1005.5
7511100
1005.5
941
971.9
940
950.7
140553200
950.7
945
963.7
942
954.1
51266800
954.1
950.2
964.3
950.2
961.5
31501300
961.5
965.1
978.4
962.7
978.4
23529000
978.4
985.8
988.9
967
975.7
23942000
975.7
972.2
972.4
958.3
971.5
23201500
971.5
972.2
992.4
972.1
984.7
22217300
984.7
989.8
997.8
982.3
994.3
32496100
994.3
1004
1008.5
999.6
1006.5
15178800
1006.5
1004.5
1007
994.6
994.6
13087100
994.6
984.7
997.7
982
995.2
10363000
995.2
990
993.4
972.6
973.5
19628400
973.5
973.5
976
959.1
973.3
19842500
973.3
951
958
942.4
945
23654000
945
941
946.8
912.1
915.7
28854800
915.7
920
941
920
924.4
22295600
924.4
930
937.9
922.4
937
15537100
937
940
944.4
930
932.5
22273800
932.5
930
936.2
926.2
929.9
11856300
929.9
925
937.8
920.7
927.9
13898600
927.9
922
927.8
917.2
921.5
11495500
921.5
915
922.7
900.2
901.3
17032200
901.3
899
899
874.3
882.9
23967000
882.9
848.3
852.4
835.5
838.1
25689900
838.1
841.2
865.7
840.9
856.9
17329900
856.9
890
890.7
872.2
884.8
17619900
884.8
880
888.8
878
880.3
11783600
880.3
