825
837
822
836
5848100
836
840
861
840
859
8311200
859
875
877
863
865
6647300
865
878
904
878
887
14689100
887
876
886
872
883
4636700
883
884
888
869
872
6559500
872
875
877
865
871
3872600
871
875
878
869
869
3951900
869
861
873
857
871
4187000
871
875
876
853
853
7559800
853
857
866
856
863
4470700
863
869
883
868
878
7043100
878
887
902
887
899
8484500
899
893
898
883
886
5166700
886
887
893
882
886
5071900
886
861
868
838
841
16764300
841
830
841
829
831
7359700
831
829
830
815
820
7381300
820
817
819
809
809
6768000
809
815
822
809
818
5659500
818
817
828
810
824
6194700
824
811
821
805
818
7053600
818
803
842
801
830
23188400
830
851
868
838
838
15284000
838
845
860
840
849
9712600
849
821
844
815
842
9221800
842
851
853
834
835
6892300
835
835
839
801
806
8959000
806
814
818
806
810
5862600
810
816
832
815
822
5737200
822
832
833
825
832
3624500
832
834
857
828
835
12890300
835
828
844
817
838
11406000
838
827
829
808
810
9499300
810
810
830
805
829
6021900
829
837
853
836
850
8222200
850
857
866
847
858
7944300
858
855
867
849
849
5563600
849
838
844
828
831
5906500
831
816
828
811
813
7798200
813
808
808
757
766
15097600
766
780
797
772
779
8593700
779
770
771
744
746
12263800
746
761
767
751
755
6178300
755
755
765
748
751
9953000
751
761
766
754
762
5546600
762
759
763
751
763
5506400
763
758
773
757
768
6371400
768
762
766
758
763
3976600
763
763
763
751
752
4652900
752
752
763
752
755
3687400
755
752
776
750
773
6018000
773
765
772
759
763
4817400
763
753
753
733
740
10274400
740
745
755
738
755
8183400
755
755
759
734
758
10922500
758
739
753
735
749
8956400
749
753
764
744
752
8174100
752
761
775
757
761
8137400
761
761
776
759
769
5127900
769
759
768
750
755
5863500
755
761
773
760
771
5085000
771
775
776
759
768
5298600
768
771
798
771
791
10054400
791
789
789
775
780
5481100
780
773
789
761
787
8831800
787
791
802
781
783
5769600
783
774
774
751
756
8896500
756
762
780
760
770
7383700
770
771
773
759
765
4906500
765
764
764
756
763
3869200
763
765
773
758
767
5031400
767
770
772
764
770
4677700
770
765
769
759
762
5010000
762
764
780
764
774
5776500
774
785
796
781
795
5956800
795
788
799
787
797
3677500
797
805
812
803
808
6407900
808
819
826
809
816
7249000
816
815
822
810
817
3923000
817
819
821
799
807
4571000
807
804
804
793
796
4086100
796
790
803
790
793
3302500
793
793
796
783
784
4805500
784
818
866
817
858
21056800
858
854
864
846
859
7462700
859
860
874
850
870
7784500
870
879
889
872
873
5569300
873
870
879
867
871
4691000
871
874
884
871
882
4601700
882
883
888
873
880
6802800
880
890
895
881
893
6238800
893
891
902
889
898
6919300
898
898
903
884
887
6206400
887
867
880
847
853
10150700
853
833
843
828
838
8308900
838
840
848
838
843
3711900
843
842
843
829
832
4117500
832
810
818
808
813
5505700
813
823
827
816
824
5190400
824
824
840
820
829
5000000
829
842
862
841
860
5388300
860
870
872
857
866
5145200
866
866
870
857
862
3689000
862
868
874
862
870
4091800
870
865
877
862
872
4997400
872
880
884
869
877
4413600
877
885
887
870
872
4977000
872
872
891
871
888
4426200
888
883
894
883
884
4528000
884
888
888
871
882
3843700
882
874
877
865
872
2833900
872
863
876
862
874
5009500
874
876
885
868
884
5330800
884
883
883
871
877
3606700
877
870
893
867
891
6697400
891
887
887
863
865
4964000
865
863
881
849
878
8293300
878
873
883
866
873
6200000
873
873
893
873
892
6947000
892
887
888
873
883
4912600
883
874
880
863
866
4796800
866
860
862
844
852
6288800
852
837
846
829
833
7621200
833
832
844
830
834
6641600
834
859
871
856
866
6282200
866
861
862
846
850
5033100
850
872
883
864
880
5795800
880
867
871
858
868
4189400
868
876
882
868
881
4587700
881
880
884
870
882
4020700
882
885
907
885
895
6736100
895
910
918
907
915
5967000
915
916
925
909
922
5541000
922
922
931
912
922
9062500
922
903
906
892
897
5941100
897
916
934
916
929
8082000
929
899
905
881
893
11231100
893
897
901
854
857
14646100
857
856
856
831
838
12105700
838
843
853
842
851
6256500
851
855
859
847
850
5987700
850
860
877
857
874
8457800
874
868
870
856
859
5148600
859
865
867
851
852
4378400
852
857
861
851
854
3044100
854
848
858
847
852
3739800
852
853
860
851
853
4013300
853
850
851
844
846
3060000
846
845
845
825
828
5031300
828
825
825
803
804
5153300
804
812
817
803
810
4913400
810
816
818
791
798
5205900
798
790
794
782
790
4283900
790
799
803
792
802
3655500
802
797
798
788
793
3081300
793
790
795
782
793
3175600
793
798
811
797
808
2778300
808
808
809
789
789
4635800
789
790
792
787
790
2293700
790
794
803
791
802
3189200
802
811
814
801
802
4434800
802
796
810
795
808
3239400
808
809
810
793
795
4022900
795
790
793
782
792
5006000
792
780
781
770
775
5184900
775
771
771
758
761
6089800
761
760
767
755
760
3771900
760
755
766
755
757
3770900
757
751
752
730
741
7358700
741
737
752
735
746
3490000
746
749
752
743
751
3198600
751
750
750
736
740
3407000
740
742
759
741
756
3387300
756
766
769
757
762
3996000
762
762
780
759
774
4265400
774
785
791
782
786
3879900
786
794
796
783
788
3107900
788
795
801
791
801
4361700
801
793
798
785
798
4326000
798
787
790
778
789
4077300
789
795
804
790
793
4710800
793
805
809
800
802
5193900
802
792
797
787
795
3765600
795
795
807
791
794
5508300
794
786
786
767
767
6275000
767
769
777
763
768
5986900
768
760
768
758
761
4832700
761
756
763
745
749
4567400
749
749
753
742
745
3527900
745
720
730
717
721
6026300
721
711
728
711
726
4402200
726
714
717
705
705
5173800
705
707
715
704
711
6218700
711
722
727
716
720
4336600
720
720
726
713
716
4570600
716
707
711
703
705
4982700
705
700
712
689
709
4793900
709
709
713
702
703
4500000
703
707
707
694
698
4545800
698
685
686
670
675
6657800
675
685
693
672
680
6822600
680
682
686
675
677
4593700
677
678
696
678
691
6817000
691
698
711
692
711
6338700
711
717
733
717
729
6341400
729
730
734
713
727
5026400
727
715
723
710
719
3270000
719
717
728
710
725
4423100
725
745
768
737
744
10418400
744
758
760
743
756
6382600
756
757
758
745
757
4029300
757
755
765
749
762
4076400
762
752
753
733
736
5760700
736
738
753
729
733
7634300
733
728
731
717
726
6284600
726
739
742
725
731
5215900
731
731
739
726
730
4646700
730
685
691
673
680
34662900
680
675
694
658
673
19384900
673
670
679
667
674
6317100
674
677
702
676
696
7097500
696
709
717
703
706
6738900
706
706
707
687
690
5655600
690
689
695
684
692
5758100
692
697
705
694
696
6292900
696
705
712
701
706
5102800
706
702
705
694
698
6643300
698
688
704
683
697
8047300
697
696
699
678
685
5201600
685
699
700
675
683
6061200
683
670
674
661
665
4907800
665
665
666
648
655
5272500
655
665
678
662
674
4591500
674
673
687
672
684
5243100
684
682
683
667
672
4155700
672
667
673
661
664
3381400
664
650
663
648
657
3356300
657
652
658
645
652
3304400
652
644
650
632
635
4440000
635
627
630
604
606
6198200
606
575
575
557
560
7804600
560
568
580
563
573
4592200
573
603
612
596
609
6321100
609
604
609
598
602
3916600
602
