1530
1541.5
1529.5
1537.5
6110100
1537.5
1551
1585.5
1551
1562.5
8012900
1562.5
1579.5
1581
1559
1573
5635000
1573
1582
1602.5
1581.5
1584
6586600
1584
1570
1583.5
1566.5
1583.5
5540200
1583.5
1586.5
1590
1573
1579.5
3573000
1579.5
1591
1598.5
1571.5
1574.5
3437500
1574.5
1579.5
1592
1579
1589
4046400
1589
1576
1588
1570
1586
4309200
1586
1595
1595.5
1568.5
1571.5
4888400
1571.5
1578
1582
1558
1569.5
3616500
1569.5
1568
1583
1567.5
1582
4138100
1582
1590
1598
1580
1586.5
3782500
1586.5
1587
1612
1583.5
1596
6383500
1596
1580
1589
1572
1575.5
5080400
1575.5
1578
1585
1558
1560
5366400
1560
1561.5
1577.5
1556
1566
3305000
1566
1557
1564.5
1544
1553.5
4989300
1553.5
1545
1550.5
1529.5
1529.5
5135400
1529.5
1534.5
1546
1518.5
1535.5
4651000
1535.5
1525
1560.5
1525
1549
5824600
1549
1522
1559.5
1514.5
1540.5
6102300
1540.5
1487
1505.5
1461
1505
11536300
1505
1544
1560
1512
1514.5
7788700
1514.5
1499
1515
1478.5
1513
10352900
1513
1465
1517.5
1456
1512
9452400
1512
1517.5
1546
1509.5
1515
7750900
1515
1515.5
1520.5
1481.5
1487.5
7002700
1487.5
1499
1508
1469
1476
5969700
1476
1484.5
1489
1466.5
1470.5
7590300
1470.5
1481
1506
1478.5
1505
6649000
1505
1496
1507.5
1487
1501
4120900
1501
1496
1508
1487
1498.5
4265100
1498.5
1483
1484.5
1459
1471
6612200
1471
1471
1498
1468.5
1486.5
6211600
1486.5
1490.5
1521.5
1488.5
1504.5
6519500
1504.5
1510
1532
1509.5
1517.5
4867700
1517.5
1511
1523
1496
1496.5
4509700
1496.5
1480.5
1481
1464
1474.5
7117400
1474.5
1455
1456.5
1424.5
1431.5
8836000
1431.5
1420
1422.5
1393.5
1414.5
6596100
1414.5
1431.5
1443.5
1413.5
1415
4567400
1415
1405
1409
1382.5
1392
8488600
1392
1392
1397
1384
1388.5
4908600
1388.5
1397
1408
1373.5
1377.5
7397500
1377.5
1390.5
1406.5
1387
1397.5
4973200
1397.5
1386.5
1403
1380.5
1399
3932400
1399
1390
1405.5
1388
1403
3902800
1403
1404.5
1417.5
1398
1412.5
4437400
1412.5
1414
1421
1407
1414.5
3574900
1414.5
1412
1415.5
1398.5
1406
3002100
1406
1400
1420.5
1398.5
1420.5
4090000
1420.5
1420
1435
1418
1431
4970700
1431
1401
1401.5
1371
1386
8406500
1386
1371
1386
1360
1386
4411400
1386
1392.5
1416
1391.5
1409
6120200
1409
1380.5
1399
1377
1399
4615900
1399
1414.5
1425.5
1394.5
1409.5
5314700
1409.5
1414.5
1419.5
1401.5
1406.5
3158700
1406.5
1401
1422
1400.5
1405.5
3423600
1405.5
1389.5
1403
1384.5
1398.5
3720900
1398.5
1408.5
1425
1405
1417.5
6296300
1417.5
1399.5
1408.5
1382
1404
6865800
1404
1413.5
1436
1412
1420
6554700
1420
1418.5
1433.5
1414
1429
4422000
1429
1416.5
1447.5
1412.5
1440.5
5209100
1440.5
1459.5
1472
1455.5
1458
4883500
1458
1450
1452.5
1439.5
1446
3187000
1446
1450
1464.5
1450
1458.5
3263100
1458.5
1464
1468
1452
1460
2422900
1460
1462.5
1468
1456.5
1459
2942100
1459
1456
1470
1453
1466.5
3276800
1466.5
1470
1484.5
1469
1475.5
3793400
1475.5
1480
1483
1465
1472
3334100
1472
1475
1484.5
1472.5
1478
2288400
1478
1488
1499
1486.5
1498
4475800
1498
1491
1511.5
1488.5
1509.5
4050500
1509.5
1500
1533
1496
1525
7717200
1525
1533.5
1542
1509
1521.5
5069600
1521.5
1465.5
1499
1458.5
1499
6169800
1499
1485
1489.5
1457.5
1464
6698900
1464
1466
1467
1453.5
1457.5
3975000
1457.5
1450
1471
1449.5
1462
3714900
1462
1459
1463
1442.5
1452.5
4499500
1452.5
1445
1454.5
1443.5
1448.5
3773900
1448.5
1445
1471
1444.5
1463.5
4440300
1463.5
1449
1454
1440.5
1451
3595300
1451
1435
1454.5
1433
1447.5
3560000
1447.5
1441
1463
1440.5
1457
4073600
1457
1464
1477
1462
1469
3190500
1469
1465.5
1472
1458.5
1471
3270100
1471
1476
1492
1473.5
1483.5
3980600
1483.5
1492
1492
1480
1486.5
3106500
1486.5
1484
1488
1469
1476.5
3987300
1476.5
1461.5
1464
1391
1399.5
12880700
1399.5
1390
1412
1383
1403
5707000
1403
1414
1423.5
1404
1410
3501400
1410
1404
1406.5
1389
1400
4079800
1400
1361
1373
1351
1371
7049800
1371
1392
1393.5
1362
1370
5934200
1370
1385
1401.5
1366
1386
7053800
1386
1395.5
1419.5
1395
1406.5
4126900
1406.5
1415
1419.5
1402
1407.5
2991300
1407.5
1395
1416.5
1393
1409.5
3144300
1409.5
1417.5
1443
1417
1429
5588900
1429
1429
1440.5
1420.5
1422.5
4184200
1422.5
1410.5
1414
1397.5
1409.5
3572600
1409.5
1435.5
1439
1415
1416.5
3715100
1416.5
1428
1444
1428
1429.5
3881100
1429.5
1421
1424
1411.5
1417
3197300
1417
1423
1426
1410
1425
3647900
1425
1415
1415
1397
1412
3751800
1412
1368
1394
1363.5
1385
5535900
1385
1378
1388
1367
1383.5
4467300
1383.5
1378
1384.5
1368.5
1378.5
3044300
1378.5
1353.5
1371.5
1345
1368.5
6858600
1368.5
1359.5
1368
1351
1353.5
3556400
1353.5
1346
1369
1340
1361.5
4016600
1361.5
1350
1357
1338.5
1352
4277300
1352
1352
1366.5
1342
1358.5
3670400
1358.5
1358
1360
1347
1360
3390700
1360
1348
1359.5
1340
1344
4426500
1344
1341
1341.5
1320
1330.5
4643400
1330.5
1320
1333.5
1312.5
1322.5
3278800
1322.5
1325
1340.5
1324
1329
3217800
1329
1324.5
1330.5
1312.5
1326
6400400
1326
1328
1336.5
1317
1328
3074100
1328
1341
1349.5
1331
1332
3055800
1332
1327
1327
1302
1317
4832400
1317
1324.5
1328
1312.5
1324.5
3468200
1324.5
1320
1333.5
1316.5
1327.5
3128300
1327.5
1332
1358
1331
1349.5
4303700
1349.5
1379.5
1379.5
1361.5
1368.5
4046000
1368.5
1362
1369
1355.5
1363.5
2618900
1363.5
1354
1375
1353.5
1372
4251900
1372
1349.5
1356
1340
1353
4091900
1353
1366.5
1375
1360
1362.5
2856600
1362.5
1367.5
1372
1361.5
1364
2214200
1364
1379
1387
1370.5
1373.5
3737500
1373.5
1374
1379.5
1370.5
1375.5
2288500
1375.5
1384.5
1395.5
1380.5
1386.5
3732300
1386.5
1407.5
1410.5
1386
1390
6400800
1390
1386
1396
1378
1394.5
3983000
1394.5
1370.5
1388.5
1345
1345.5
9449400
1345.5
1351
1353.5
1331
1333.5
4651300
1333.5
1334.5
1349.5
1331.5
1336
3068200
1336
1331
1348
1330.5
1344
3167800
1344
1344.5
1346.5
1341
1344.5
3259400
1344.5
1320.5
1332
1320
1327
4554800
1327
1326
1331
1314.5
1320
3486000
1320
1310
1310
1292
1294
4847200
1294
1307.5
1307.5
1295.5
1298.5
2616600
1298.5
1296
1302.5
1280
1287.5
3720500
1287.5
1272
1287.5
1266
1284.5
4005200
1284.5
1287.5
1295
1284
1287
3188800
1287
1275.5
1287
1273.5
1279
2731400
1279
1275.5
1283
1264.5
1274.5
4327700
1274.5
1264.5
1298
1260
1296.5
5647400
1296.5
1292.5
1299.5
1287
1289
3409300
1289
1277.5
1290
1264.5
1272.5
5724200
1272.5
1273
1290
1269.5
1287
3293200
1287
1325
1340.5
1305
1309
7263400
1309
1297
1306
1293
1303.5
3975600
1303.5
1301
1305
1290
1290
3935600
1290
1276
1291
1267.5
1288.5
4141900
1288.5
1282.5
1286.5
1268
1271.5
3041800
1271.5
1271
1272
1253
1259
3489000
1259
1252.5
1255
1243.5
1244
4386500
1244
1238
1259.5
1235.5
1247
3542500
1247
1230
1234.5
1225
1232
4039700
1232
1229
1241.5
1227.5
1235
2508400
1235
1230.5
1239.5
1225.5
1235.5
2161700
1235.5
1236
1246.5
1231.5
1238
3328800
1238
1242.5
1273
1241.5
1263
4697600
1263
1265
1289
1262
1287
6109000
1287
1289
1316.5
1279.5
1310
5921600
1310
1333.5
1339.5
1319.5
1322.5
4652300
1322.5
1336
1338.5
1323
1334
4543000
1334
1342
1359
1340.5
1359
7264200
1359
1331
1353
1313
1353
5331000
1353
1332
1335.5
1318
1334
4004300
1334
1363
1382
1339
1340
6941100
1340
1353.5
1367
1342.5
1364
5843200
1364
1363
1363.5
1347
1358.5
3111900
1358.5
1368
1376
1360.5
1364.5
3701000
1364.5
1342.5
1347.5
1331
1337
5351900
1337
1353
1365.5
1339.5
1341.5
4810800
1341.5
1322
1344
1320.5
1341.5
3675100
1341.5
1320
1327.5
1309
1320.5
4641500
1320.5
1322.5
1325
1302.5
1306
4349400
1306
1250
1290.5
1250
1286
7319600
1286
1272.5
1294.5
1272.5
1286.5
4891700
1286.5
1270
1273.5
1256
1268
3773100
1268
1272.5
1287.5
1272
1281
3148000
1281
1294.5
1295.5
1280
1287
2958200
1287
1280.5
1295.5
1274
1279
2831800
1279
1260
1271
1255.5
1268.5
3675900
1268.5
1262
1271
1254.5
1266
3097100
1266
1255.5
1264
1243
1247
4367000
1247
1262
1271.5
1246
1248
6074900
1248
1215
1219
1200
1212
7305800
1212
1219.5
1219.5
1187.5
1192
7359200
1192
1197.5
1220.5
1190
1190
5399700
1190
1185
1214.5
1182
1200
4638700
1200
1215
1228
1210
1224
5722900
1224
1203
1229
1202
1215.5
5530300
1215.5
1213
1235
1200.5
1228
5789600
1228
1211.5
1223
1198
1214
4340300
1214
1208
1239.5
1204.5
1229.5
4565600
1229.5
1229
1248
1212.5
1220
4368500
1220
1238.5
1241
1224
1227
3496600
1227
1228
1228.5
1207
1212
4884200
1212
1201
1208.5
1194
1204.5
4532700
1204.5
1185
1187
1166.5
1183
7245900
1183
1187
1221
1182
1209.5
6783300
1209.5
1207.5
1213.5
1197.5
1208
2983500
1208
1205.5
1209.5
1181
1186.5
5437000
1186.5
1180
1187.5
1170.5
1179.5
4402000
1179.5
1160
1178.5
1156
1178.5
3648000
1178.5
1148.5
1168
1147
1163
4374900
1163
1165.5
1181.5
1161
1178
3363000
1178
1184.5
1203
1181.5
1199
4356700
1199
1215
1227
1214
1219
4836200
1219
1216.5
1221
1198
1219.5
4614200
1219.5
1224
1236
1218
1227
5094200
1227
1211.5
1227.5
1198
1210
7355600
1210
1225.5
1262.5
1224.5
1249.5
6901000
1249.5
1239.5
1250
1230
1235
5356800
1235
1212
1233.5
1210
1228.5
4144800
1228.5
1225
1233.5
1215.5
1223.5
4333200
1223.5
1229.5
1248
1222
1240.5
5975000
1240.5
1223.5
1227.5
1208.5
1220.5
4295800
1220.5
1219
1220
1194
1204.5
4059200
1204.5
1218.5
1246
1216.5
1227
4881800
1227
1250
1266.5
1238.5
1259.5
5958600
1259.5
1250.5
1260.5
1234
1241
4389800
1241
1241
1248
1228
1232.5
3500600
1232.5
1222
1245.5
1213.5
1229.5
4162300
1229.5
1229
1239.5
1222
1233.5
4270200
1233.5
1218
1223.5
1193.5
1200.5
5890400
1200.5
1181
1193
1171
1178
5306200
1178
1129
1134
1078.5
1083
7046100
1083
1086.5
1105.5
1069.5
1085.5
6126500
1085.5
1134.5
1146.5
1122
1142.5
6164900
1142.5
1128.5
1149.5
1123.5
1135
3481500
1135
