3612
3620
3595
3613
3489200
3613
3627
3705
3613
3690
5915300
3690
3700
3718
3670
3679
4020200
3679
3693
3709
3687
3690
2388300
3690
3670
3712
3667
3712
3296100
3712
3715
3723
3686
3692
3086100
3692
3721
3732
3704
3710
2540400
3710
3722
3812
3719
3807
6277100
3807
3771
3795
3739
3791
4032600
3791
3840
3842
3761
3767
4183100
3767
3778
3787
3727
3751
3013300
3751
3775
3800
3761
3775
2429500
3775
3792
3809
3781
3794
2624300
3794
3780
3780
3730
3737
4177300
3737
3700
3701
3661
3681
5161600
3681
3700
3735
3679
3681
2987000
3681
3682
3700
3663
3665
2747200
3665
3677
3679
3634
3649
3617000
3649
3651
3670
3617
3618
3272400
3618
3651
3663
3628
3655
1969600
3655
3650
3665
3626
3648
2644900
3648
3603
3652
3596
3635
3731300
3635
3524
3584
3502
3580
9340900
3580
3623
3687
3614
3615
6456300
3615
3640
3724
3634
3720
6538000
3720
3600
3781
3595
3781
10615100
3781
3799
3857
3739
3748
8004400
3748
3735
3751
3641
3683
5057100
3683
3716
3736
3688
3699
2997200
3699
3682
3718
3668
3684
3794200
3684
3713
3772
3706
3768
3896600
3768
3744
3754
3708
3738
2915200
3738
3720
3732
3696
3729
3822900
3729
3696
3699
3656
3687
3395600
3687
3705
3761
3704
3755
3497400
3755
3778
3812
3773
3778
3288000
3778
3799
3835
3794
3819
4074900
3819
3837
3843
3780
3780
3094900
3780
3741
3758
3698
3727
4060900
3727
3675
3687
3614
3648
4794600
3648
3625
3631
3585
3608
2916000
3608
3650
3675
3618
3618
2636000
3618
3600
3641
3578
3607
3662300
3607
3646
3648
3613
3618
2822000
3618
3645
3691
3622
3636
4559300
3636
3668
3698
3645
3665
3142800
3665
3631
3665
3609
3663
2203200
3663
3637
3659
3623
3646
2205100
3646
3638
3687
3624
3676
2539800
3676
3677
3678
3615
3624
3841600
3624
3614
3625
3596
3605
2184700
3605
3600
3632
3592
3616
1915000
3616
3592
3620
3562
3619
3043000
3619
3563
3566
3467
3477
7027000
3477
3453
3482
3429
3482
3711800
3482
3504
3562
3502
3562
4695300
3562
3415
3475
3414
3475
4591500
3475
3501
3513
3456
3489
3401700
3489
3501
3513
3469
3487
2408900
3487
3471
3552
3471
3519
2877700
3519
3491
3533
3469
3514
2900300
3514
3569
3603
3566
3576
4071700
3576
3601
3605
3549
3593
3340300
3593
3590
3630
3588
3590
3068800
3590
3569
3588
3555
3571
2296800
3571
3558
3611
3530
3593
3787600
3593
3626
3629
3587
3592
2460400
3592
3575
3575
3531
3536
3071100
3536
3547
3590
3544
3576
3199400
3576
3563
3584
3551
3577
2194600
3577
3589
3612
3581
3599
2003500
3599
3583
3612
3566
3605
2821100
3605
3535
3548
3495
3524
6499500
3524
3540
3540
3498
3514
3478400
3514
3519
3553
3518
3542
3253500
3542
3562
3620
3561
3616
3463500
3616
3589
3618
3585
3616
2401000
3616
3624
3679
3622
3663
4736800
3663
3686
3704
3647
3679
3100000
3679
3710
3729
3685
3722
3871800
3722
3722
3736
3695
3717
2578800
3717
3721
3726
3667
3684
2188100
3684
3686
3698
3666
3676
1855200
3676
3667
3681
3642
3662
1977000
3662
3680
3713
3680
3692
2140000
3692
3674
3715
3543
3607
6508400
3607
3540
3576
3501
3568
4784900
3568
3595
3595
3546
3550
2842200
3550
3570
3586
3537
3559
2880600
3559
3568
3581
3553
3555
2228500
3555
3556
3570
3542
3564
2458000
3564
3564
3581
3559
3559
2118600
3559
3579
3611
3564
3580
2651100
3580
3581
3645
3581
3583
3203500
3583
3539
3548
3463
3494
6145900
3494
3490
3490
3445
3457
2983600
3457
3470
3473
3439
3449
1752400
3449
3443
3459
3426
3451
2186000
3451
3401
3415
3383
3406
3322100
3406
3405
3409
3327
3330
5916300
3330
3331
3388
3321
3365
3224800
3365
3363
3449
3354
3444
3065900
3444
3465
3482
3412
3437
5088600
3437
3410
3448
3370
3389
6743800
3389
3410
3480
3407
3466
4121300
3466
3431
3449
3415
3420
3924500
3420
3401
3427
3386
3403
2205700
3403
3440
3455
3396
3405
2472100
3405
3408
3434
3407
3421
1498000
3421
3400
3420
3387
3396
2654200
3396
3388
3399
3372
3389
2444100
3389
3374
3376
3330
3338
2919000
3338
3335
3382
3334
3341
3484200
3341
3330
3349
3307
3341
3341000
3341
3336
3376
3321
3349
3513100
3349
3300
3300
3249
3280
4875300
3280
3250
3252
3173
3184
4812400
3184
3189
3244
3172
3201
3448100
3201
3201
3211
3173
3207
2981000
3207
3221
3262
3213
3233
3562500
3233
3228
3231
3194
3225
2339000
3225
3203
3214
3165
3169
2586600
3169
3171
3174
3116
3132
3518900
3132
3100
3128
3082
3117
2279500
3117
3129
3173
3125
3135
4218300
3135
3144
3205
3139
3173
3266300
3173
3189
3213
3181
3197
2370600
3197
3217
3242
3110
3168
6740900
3168
3125
3137
3064
3117
4439500
3117
3125
3126
3097
3120
2627800
3120
3103
3133
3097
3125
3188400
3125
3142
3201
3137
3179
3552500
3179
3226
3233
3210
3218
1848300
3218
3224
3224
3181
3201
2175800
3201
3210
3231
3192
3202
2056600
3202
3170
3189
3163
3183
2022000
3183
3205
3216
3191
3204
1826700
3204
3209
3242
3199
3215
2295600
3215
3244
3250
3215
3231
2429900
3231
3225
3248
3215
3242
2013000
3242
3258
3272
3249
3255
2212400
3255
3274
3282
3251
3254
3330900
3254
3278
3295
3257
3283
2549100
3283
3283
3290
3239
3253
2943900
3253
3257
3274
3240
3266
2201800
3266
3270
3285
3161
3232
4137200
3232
3292
3368
3279
3342
5709100
3342
3342
3345
3296
3321
3775100
3321
3342
3349
3323
3337
2161100
3337
3350
3351
3312
3319
2304900
3319
3295
3297
3244
3260
2949700
3260
3282
3298
3247
3291
2223000
3291
3312
3339
3290
3303
2520500
3303
3284
3317
3261
3306
3148500
3306
3334
3350
3327
3343
2153900
3343
3340
3342
3292
3338
2457900
3338
3333
3340
3298
3309
2445900
3309
3350
3380
3331
3376
3565600
3376
3369
3374
3320
3338
2370500
3338
3344
3353
3309
3320
1834100
3320
3330
3332
3307
3320
1863400
3320
3375
3387
3342
3347
2863600
3347
3333
3350
3324
3340
2024700
3340
3323
3330
3290
3312
2887700
3312
3287
3319
3278
3301
2023200
3301
3286
3290
3258
3265
1954600
3265
3255
3259
3201
3217
2313100
3217
3200
3211
3161
3171
3131600
3171
3173
3202
3164
3166
2386100
3166
3122
3125
3071
3089
3870600
3089
3075
3089
3066
3073
2319000
3073
3075
3083
3047
3061
3069700
3061
3060
3082
3048
3059
3002000
3059
3073
3113
3066
3103
2509000
3103
3150
3165
3129
3165
4145700
3165
3168
3243
3161
3231
3769000
3231
3267
3305
3262
3269
3830500
3269
3311
3332
3301
3308
3563400
3308
3340
3370
3333
3370
4905700
3370
3372
3400
3350
3400
4612700
3400
3331
3361
3285
3316
3209500
3316
3400
3464
3382
3403
6993500
3403
3469
3498
3440
3480
6022200
3480
3410
3415
3352
3407
4823300
3407
3435
3473
3410
3418
3260600
3418
3401
3427
3377
3404
3159900
3404
3458
3487
3450
3474
4605400
3474
3450
3485
3441
3454
3108500
3454
3400
3417
3351
3372
4043500
3372
3342
3370
3333
3338
2601000
3338
3198
3279
3191
3240
5228500
3240
3205
3284
3205
3266
3502600
3266
3219
3247
3204
3226
2367100
3226
3234
3286
3232
3280
2662700
3280
3334
3343
3292
3326
2150100
3326
3340
3342
3301
3303
2154100
3303
3260
3298
3251
3291
1889600
3291
3273
3316
3262
3295
1982800
3295
3262
3265
3232
3235
2573900
3235
3025
3073
3008
3008
10981000
3008
2941.5
3027
2917
2990
7312400
2990
3003
3037
2985
3014
4127300
3014
3006
3038
2997
3006
1801600
3006
3024
3041
3008
3012
2483100
3012
3026
3056
3015
3053
3201400
3053
3045
3075
3032
3050
2932200
3050
3000
3052
2977.5
3048
4988500
3048
2950
2970
2873.5
2895.5
6276000
2895.5
2872.5
3021
2865
2947
6985400
2947
2925
2940.5
2878
2886
5831700
2886
2909
2909
2825
2829.5
5534000
2829.5
2817.5
2817.5
2710.5
2718.5
7460900
2718.5
2690
2694
2636.5
2674.5
5788000
2674.5
2624.5
2628
2583
2602
6216000
2602
2629
2708
2629
2674.5
5462200
2674.5
2644
2661.5
2612
2630.5
3102400
2630.5
2615
2629.5
2524.5
2532.5
6375900
2532.5
2515
2565.5
2510
2526.5
3510900
2526.5
2500
2552
2495
2551
3674300
2551
2521.5
2586.5
2512.5
2581.5
4764000
2581.5
2621
2625.5
2571.5
2611
3481100
2611
2629
2654
2606.5
2620
2844400
2620
2630
2630.5
2580.5
2603.5
3572600
2603.5
2603
2615
2544
2573
3817500
2573
2577
2588
2563.5
2575
2502300
2575
2565
2580
2518.5
2523
6448800
2523
2568.5
2626.5
2545.5
2607
4475400
2607
2602
2624
2554
2555.5
4189100
2555.5
2515
2539
2481
2532
4416500
2532
2524.5
2558.5
2497
2505
3733200
2505
2548.5
2553
2512.5
2527
2826200
2527
2500
2504.5
2445.5
2462
3371900
2462
2452
2455.5
2401
2402
4227600
2402
2450
2509.5
2443
2485
4967500
2485
2510
2543
2488
2530
2667300
2530
2503
2514
2477
2480.5
3851500
2480.5
2465
2493.5
2448
2465.5
2387200
2465.5
2465
2490
2455
2457.5
2541300
2457.5
2460.5
2483
2441
2458
2688600
2458
2415.5
2435
2361
2371
3736400
2371
2409
2415.5
2351
2366
5111200
2366
2316
2316
2208.5
2210.5
4156000
2210.5
2241.5
2294
2231
2272.5
3786800
2272.5
2372.5
2398
2339.5
2392.5
4017700
2392.5
2369
2391.5
2335
2360
2527800
2360
