3730
3805
3720
3805
1909600
3805
3825
3915
3820
3910
1638500
3910
3935
3935
3830
3865
1611000
3865
3865
3935
3865
3900
1192700
3900
3855
3890
3840
3875
849400
3875
3860
3885
3845
3855
1506700
3855
3885
3890
3740
3775
1842500
3775
3775
3810
3765
3795
747400
3795
3800
3835
3785
3835
1280200
3835
3875
3880
3795
3815
1585300
3815
3835
3875
3780
3815
1972700
3815
3800
3805
3750
3785
1095200
3785
3810
3870
3805
3870
1015400
3870
3840
3870
3810
3825
1128100
3825
3785
3790
3685
3710
1747700
3710
3725
3770
3715
3740
1235400
3740
3740
3775
3710
3740
850600
3740
3715
3780
3670
3680
1547300
3680
3640
3690
3605
3620
2024500
3620
3670
3720
3660
3720
1087800
3720
3695
3720
3665
3685
1108700
3685
3630
3695
3610
3670
1243600
3670
3485
3520
3410
3485
3145300
3485
3585
3595
3445
3455
1977000
3455
3455
3570
3455
3535
1932900
3535
3485
3515
3395
3430
2512200
3430
3500
3550
3445
3465
2111800
3465
3340
3405
3285
3360
3675500
3360
3400
3435
3355
3395
2437600
3395
3445
3515
3435
3460
1799300
3460
3495
3560
3485
3535
1474900
3535
3500
3500
3365
3430
2325800
3430
3390
3445
3380
3440
2270500
3440
3380
3395
3360
3390
1954900
3390
3415
3470
3405
3455
1165000
3455
3445
3470
3415
3455
1795300
3455
3495
3515
3475
3490
1564800
3490
3465
3500
3405
3405
1400100
3405
3475
3490
3395
3450
2087200
3450
3350
3355
3285
3290
2289500
3290
3255
3275
3185
3195
2663900
3195
3270
3330
3270
3290
1757200
3290
3255
3275
3205
3225
2497500
3225
3245
3245
3185
3210
1802000
3210
3185
3280
3180
3205
2806400
3205
3255
3285
3240
3265
1453900
3265
3225
3295
3215
3290
1190400
3290
3230
3270
3230
3255
1443300
3255
3230
3245
3180
3230
1214600
3230
3255
3255
3180
3200
1658100
3200
3155
3190
3125
3150
1583100
3150
3095
3200
3090
3200
1717500
3200
3200
3260
3190
3250
1870600
3250
3115
3135
2978
2995
4181500
2995
2945
2990
2920
2990
2466700
2990
3025
3120
3020
3110
1912300
3110
3040
3125
3040
3125
1720300
3125
3175
3185
3090
3125
1635000
3125
3190
3215
3160
3180
1621000
3180
3155
3230
3150
3195
1224500
3195
3150
3190
3130
3170
1418900
3170
3175
3210
3155
3200
1274700
3200
3225
3300
3200
3280
2101500
3280
3290
3300
3215
3245
2223500
3245
3245
3245
3185
3210
1163400
3210
3200
3290
3155
3270
1963700
3270
3340
3360
3305
3320
2227900
3320
3300
3300
3255
3285
1580900
3285
3310
3395
3305
3375
2182700
3375
3390
3410
3335
3350
1262300
3350
3345
3345
3275
3330
1611600
3330
3365
3430
3335
3395
1948700
3395
3405
3435
3395
3405
1396600
3405
3410
3470
3410
3435
1909900
3435
3455
3480
3440
3455
1205800
3455
3525
3560
3490
3530
1961800
3530
3490
3545
3465
3535
1936200
3535
3535
3545
3485
3530
1984500
3530
3550
3560
3480
3500
1789300
3500
3465
3525
3450
3510
1385100
3510
3505
3510
3390
3435
1872200
3435
3430
3445
3360
3390
1471400
3390
3380
3435
3360
3375
1262000
3375
3345
3375
3315
3335
1260600
3335
3320
3420
3320
3410
1617400
3410
3455
3475
3335
3405
2852700
3405
3335
3370
3300
3335
1705000
3335
3350
3385
3345
3360
1496300
3360
3340
3370
3300
3300
1735300
3300
3345
3350
3300
3300
1233800
3300
3320
3320
3295
3310
1231000
3310
3330
3360
3310
3350
1089000
3350
3360
3390
3350
3360
1122000
3360
3350
3375
3295
3295
1489300
3295
3300
3300
3170
3190
2042100
3190
3180
3245
3160
3205
1612500
3205
3235
3275
3225
3240
1276400
3240
3220
3250
3195
3215
1286700
3215
3150
3190
3130
3160
1952400
3160
3205
3210
3135
3150
2773700
3150
3140
3155
3090
3125
2179200
3125
3130
3165
3120
3140
1590500
3140
3185
3195
3110
3150
1487600
3150
3160
3180
3145
3150
1280100
3150
3150
3155
3050
3075
3385000
3075
3075
3150
3065
3075
2460300
3075
3075
3100
3050
3070
1232900
3070
3100
3110
3035
3100
2251200
3100
3065
3100
3065
3080
1181000
3080
3080
3085
3010
3020
2208400
3020
3050
3055
3000
3020
1796500
3020
3000
3010
2950
2992
1886400
2992
2921
2951
2884
2887
3232000
2887
2890
2908
2832
2901
2137300
2901
2886
2912
2881
2899
1349100
2899
2849
2864
2823
2857
2053900
2857
2840
2849
2789
2795
2407800
2795
2752
2823
2735
2817
2988600
2817
2767
2787
2722
2740
2130100
2740
2721
2722
2681
2718
3030300
2718
2744
2793
2730
2786
3357600
2786
2782
2842
2779
2795
2679200
2795
2784
2789
2735
2757
2105300
2757
2736
2771
2711
2728
1684100
2728
2728
2742
2709
2729
1378000
2729
2730
2791
2730
2781
1665400
2781
2787
2822
2766
2803
962800
2803
2838
2840
2815
2818
1463300
2818
2768
2778
2730
2769
1292200
2769
2808
2831
2776
2826
1599200
2826
2857
2909
2834
2888
2435700
2888
2916
2943
2889
2931
1578000
2931
2988
3025
2965
3015
1983400
3015
3015
3060
2999
3050
1901700
3050
3035
3070
2977
2997
2056900
2997
2941
2971
2898
2932
1505900
2932
2947
2966
2914
2918
1235800
2918
2887
2956
2887
2945
886500
2945
2970
2983
2942
2946
906000
2946
2945
2949
2894
2906
1470500
2906
2916
2965
2916
2958
1177500
2958
2980
2995
2938
2941
1230600
2941
2976
3005
2952
2992
1413300
2992
2959
2967
2910
2920
1055100
2920
2939
2950
2931
2941
809500
2941
2949
2969
2930
2953
854100
2953
2959
2990
2947
2983
970300
2983
2999
3010
2936
2957
1573800
2957
2800
2897
2790
2820
4023600
2820
2848
2869
2814
2821
1964600
2821
2800
2812
2750
2760
1519800
2760
2787
2815
2758
2813
1214500
2813
2783
2816
2750
2760
1566600
2760
2725
2784
2708
2765
2016800
2765
2792
2826
2785
2810
1079500
2810
2809
2823
2796
2820
683200
2820
2809
2843
2787
2823
1047600
2823
2814
2847
2796
2844
1039100
2844
2830
2831
2765
2767
1194200
2767
2776
2795
2760
2785
831600
2785
2782
2837
2779
2830
821900
2830
2877
2889
2853
2859
1038900
2859
2855
2894
2853
2873
1009800
2873
2896
2903
2863
2863
1109200
2863
2838
2841
2805
2817
1146800
2817
2817
2818
2770
2790
931200
2790
2790
2794
2762
2762
861100
2762
2745
2751
2721
2736
1341800
2736
2716
2771
2716
2757
1367600
2757
2741
2745
2707
2733
1117200
2733
2740
2752
2727
2740
967500
2740
2735
2738
2703
2720
1003100
2720
2724
2729
2676
2688
1130800
2688
2709
2761
2695
2743
1094200
2743
2776
2821
2745
2814
2018600
2814
2800
2844
2779
2838
1878800
2838
2908
2943
2895
2927
1925900
2927
2948
2964
2932
2944
1545700
2944
2968
3070
2963
3060
2855300
3060
3060
3075
3005
3040
1429100
3040
3040
3080
3015
3075
1047800
3075
3070
3165
3035
3130
1759100
3130
3165
3215
3155
3185
2332700
3185
3170
3180
3120
3145
1362900
3145
3145
3195
3130
3145
1348500
3145
3105
3145
3075
3110
1229300
3110
3170
3200
3130
3140
1846100
3140
3120
3150
3095
3120
1549100
3120
3075
3075
3000
3015
1697800
3015
3025
3045
2967
2968
1529100
2968
2842
2888
2841
2862
2108500
2862
2848
2862
2836
2852
2758000
2852
2831
2849
2811
2820
1264200
2820
2782
2821
2781
2821
2430700
2821
2846
2848
2793
2808
1731800
2808
2822
2843
2798
2805
1130500
2805
2750
2756
2710
2713
1702100
2713
2709
2736
2691
2726
791100
2726
2700
2720
2661
2662
1452200
2662
2701
2701
2663
2675
1351400
2675
2589
2600
2551
2560
2037600
2560
2569
2591
2532
2561
1593300
2561
2561
2608
2545
2546
1143500
2546
2562
2619
2551
2596
1573200
2596
2620
2699
2615
2681
2448600
2681
2281
2395
2270
2290
6234500
2290
2300
2316
2220
2290
3785700
2290
2254
2286
2230
2280
1930900
2280
2316
2343
2303
2321
1902600
2321
2308
2386
2297
2311
2172000
2311
2380
2380
2301
2307
1927700
2307
2330
2357
2312
2320
1448400
2320
2301
2333
2289
2333
919500
2333
2310
2318
2272
2307
2021000
2307
2317
2362
2312
2352
1460000
2352
2322
2330
2288
2290
1881900
2290
2313
2333
2276
2285
2156300
2285
2260
2295
2251
2295
1070300
2295
2228
2242
2185
2242
2438200
2242
2208
2264
2195
2259
1437900
2259
2264
2279
2246
2264
923600
2264
2270
2286
2248
2280
1189200
2280
2286
2300
2274
2295
1471100
2295
2293
2304
2250
2270
1505500
2270
2301
2339
2288
2323
1751700
2323
2341
2352
2320
2335
2984800
2335
2381
2395
2365
2374
1392200
2374
2390
2390
2312
2312
1848700
2312
2267
2281
2243
2263
1498900
2263
2252
2259
2212
2238
1506400
2238
2255
2270
2241
2261
1303800
2261
2211
2260
2202
2249
1490700
2249
2236
2236
2169
2179
1805700
2179
2207
2301
2205
2270
2688900
2270
2294
2378
2290
2376
2442100
2376
2362
2376
2303
2306
2632700
2306
2320
2373
2319
2324
1490900
2324
2288
2316
2266
2274
1680100
2274
2293
2338
2281
2286
1611200
2286
2250
2254
2170
2182
2178500
2182
2151
2200
2149
2155
2806700
2155
2062
2074
2017
2028
2640600
2028
1983
2041
1971
2009
2246600
2009
2090
2149
2072
2137
2299200
2137
2120
2174
2110
2159
1391700
2159
