2301
2358
2295
2357
1839700
2357
2392
2396
2348
2363
1818700
2363
2363
2365
2336
2341
1524300
2341
2350
2362
2348
2353
1150100
2353
2344
2346
2292
2308
1574100
2308
2296
2302
2231
2239
2260500
2239
2255
2281
2251
2264
1609300
2264
2253
2253
2204
2211
2095600
2211
2245
2261
2190
2204
3396600
2204
2237
2268
2225
2242
3035100
2242
2247
2250
2200
2213
1524200
2213
2209
2224
2208
2217
1255600
2217
2232
2273
2225
2273
1755400
2273
2270
2285
2241
2247
1543000
2247
2229
2261
2223
2243
1422200
2243
2243
2246
2181
2186
1987600
2186
2176
2222
2168
2196
1835600
2196
2180
2191
2152
2156
1876100
2156
2140
2155
2117
2117
2120800
2117
2131
2176
2131
2167
1886500
2167
2167
2176
2137
2154
1278600
2154
2115
2128
2094
2107
1542700
2107
2011
2045
1958
1998
3514500
1998
2050
2083
2008
2009
2526500
2009
2024
2057
2005
2017
2342400
2017
2093
2106
2028
2077
6905900
2077
2108
2120
2053
2062
3129800
2062
2046
2070
2017
2040
1736100
2040
2076
2117
2075
2106
1899500
2106
2084
2104
2058
2085
2179800
2085
2110
2156
2107
2154
1338600
2154
2143
2165
2133
2144
1642100
2144
2149
2200
2147
2183
2365800
2183
2163
2176
2142
2167
2627400
2167
2170
2176
2159
2170
1284700
2170
2207
2216
2186
2205
1723000
2205
2220
2222
2162
2189
1856300
2189
2190
2222
2182
2182
1718800
2182
2164
2169
2132
2140
1627900
2140
2082
2090
2052
2063
2238200
2063
2046
2046
2014
2021
1236100
2021
2073
2104
2063
2085
1681500
2085
2073
2104
2060
2081
1843000
2081
2100
2104
2053
2063
1635900
2063
2074
2103
2054
2062
2057200
2062
2103
2110
2082
2092
1120700
2092
2098
2104
2081
2096
1708900
2096
2096
2106
2073
2096
1440100
2096
2097
2125
2088
2121
1744400
2121
2117
2118
2057
2072
2551800
2072
2051
2059
2011
2015
1864900
2015
1973
1980
1947
1965
3415400
1965
1968
1999
1958
1991
2493800
1991
1922
1952
1898
1905
3374100
1905
1869
1884
1830
1884
3562200
1884
1891
1925
1891
1914
2704400
1914
1865
1887
1861
1887
1922400
1887
1916
1929
1884
1899
2509000
1899
1917
1921
1881
1896
2198100
1896
1896
1910
1889
1889
1035700
1889
1850
1862
1831
1848
2454600
1848
1867
1887
1866
1876
2261300
1876
1903
1907
1872
1882
2261700
1882
1882
1893
1861
1865
2175400
1865
1861
1870
1846
1860
1761600
1860
1860
1895
1850
1872
1655300
1872
1879
1896
1866
1867
1565500
1867
1869
1875
1855
1859
1253700
1859
1881
1908
1872
1898
2010100
1898
1906
1908
1879
1891
1023300
1891
1891
1911
1886
1899
1462800
1899
1890
1899
1862
1894
1602500
1894
1900
1912
1885
1891
1256300
1891
1885
1933
1879
1930
2668600
1930
1919
1919
1880
1897
1508500
1897
1913
1950
1894
1945
1711400
1945
1924
1926
1889
1910
1753100
1910
1916
1929
1906
1918
1180400
1918
1919
1921
1898
1908
1627300
1908
1897
1924
1878
1919
1440200
1919
1933
1941
1911
1923
1285100
1923
1921
1921
1879
1913
1251500
1913
1929
1930
1911
1915
1699700
1915
1914
1921
1849
1849
2488400
1849
1849
1857
1812
1834
2252700
1834
1818
1868
1767
1811
5883100
1811
1774
1830
1772
1825
2492900
1825
1830
1861
1825
1845
2932900
1845
1832
1862
1831
1849
1676800
1849
1848
1878
1838
1872
1645100
1872
1882
1903
1868
1897
2257500
1897
1904
1910
1880
1881
1460900
1881
1877
1880
1854
1856
1318900
1856
1853
1881
1838
1847
1673700
1847
1839
1848
1803
1825
2045500
1825
1822
1828
1803
1824
1186400
1824
1818
1839
1806
1822
1135100
1822
1815
1817
1787
1799
1382700
1799
1771
1777
1756
1763
1780700
1763
1754
1773
1743
1765
3474500
1765
1750
1772
1742
1763
1930600
1763
1780
1816
1776
1803
2149100
1803
1816
1831
1811
1821
2038000
1821
1823
1854
1823
1850
2449000
1850
1852
1859
1831
1834
2026100
1834
1820
1828
1805
1809
2979500
1809
1807
1848
1805
1823
1829600
1823
1838
1846
1790
1803
2202200
1803
1825
1828
1800
1813
2078900
1813
1806
1811
1759
1788
2991500
1788
1800
1805
1778
1802
2380700
1802
1802
1819
1797
1804
1709600
1804
1792
1805
1756
1758
2040200
1758
1756
1787
1734
1781
1775500
1781
1774
1797
1770
1773
1222000
1773
1747
1756
1734
1750
2058300
1750
1758
1769
1734
1736
1317400
1736
1724
1756
1717
1751
1210500
1751
1756
1768
1743
1763
1738600
1763
1750
1776
1750
1765
1874800
1765
1756
1766
1734
1763
2966000
1763
1767
1813
1752
1752
2297100
1752
1760
1764
1718
1735
2324500
1735
1724
1724
1699
1708
1380700
1708
1700
1708
1674
1684
1393300
1684
1677
1720
1673
1715
1998300
1715
1720
1770
1718
1755
1573300
1755
1770
1797
1752
1784
2142800
1784
1775
1797
1761
1783
2104700
1783
1796
1798
1751
1758
1712500
1758
1782
1820
1778
1814
2091800
1814
1831
1853
1824
1849
1665800
1849
1880
1897
1868
1875
1755000
1875
1885
1914
1881
1906
1666500
1906
1895
1899
1839
1855
2075000
1855
1832
1840
1820
1830
1254900
1830
1880
1886
1847
1872
1926600
1872
1878
1895
1860
1891
1692000
1891
1911
1923
1895
1908
1673600
1908
1911
1919
1886
1916
1294700
1916
1914
1920
1905
1916
846000
1916
1906
1909
1879
1882
1836100
1882
1896
1912
1890
1904
1552100
1904
1926
1982
1923
1964
3366300
1964
1957
1957
1917
1934
1878200
1934
1942
1948
1905
1907
1937200
1907
1893
1935
1890
1929
1646500
1929
2070
2126
2030
2110
5245900
2110
2090
2105
2038
2100
3309000
2100
2107
2107
2030
2034
2576800
2034
2027
2043
1984
1988
1821500
1988
1998
2060
1998
2057
1719300
2057
2057
2063
2031
2050
1622300
2050
2018
2033
1994
2017
2234900
2017
2091
2098
2037
2066
2042700
2066
2054
2059
2004
2009
2406100
2009
1991
2031
1981
2026
1698100
2026
2040
2083
2037
2079
1600600
2079
2079
2100
2061
2086
2009300
2086
2093
2099
2029
2030
2283300
2030
2050
2073
2047
2067
1921900
2067
2072
2093
2070
2085
1565100
2085
2095
2132
2095
2120
1538000
2120
2150
2156
2120
2142
1730100
2142
2121
2142
2106
2127
1967700
2127
2143
2146
2106
2110
869600
2110
2086
2102
2064
2066
2257700
2066
2071
2078
2047
2048
1631000
2048
2030
2048
2012
2018
1915300
2018
2000
2015
1975
2013
1524600
2013
2003
2027
1996
2012
1154200
2012
2020
2059
2006
2057
1840900
2057
2056
2056
2004
2037
1713300
2037
2043
2081
2039
2063
1794400
2063
2093
2129
2080
2128
2915600
2128
2120
2149
2108
2132
2097100
2132
2177
2178
2134
2142
2389800
2142
2142
2142
2094
2100
1913600
2100
2116
2130
2107
2123
2770700
2123
2137
2153
2123
2147
2378600
2147
2155
2171
2133
2167
2742500
2167
2156
2157
2118
2119
1973100
2119
2141
2149
2128
2135
1860900
2135
2147
2159
2141
2152
1706800
2152
2172
2176
2123
2157
1866600
2157
2157
2163
2137
2146
1603700
2146
2167
2170
2143
2155
2164700
2155
2150
2159
2131
2144
1939500
2144
2145
2149
2058
2064
2517800
2064
2093
2098
2054
2071
1039900
2071
1990
2000
1951
1980
2388900
1980
1950
1994
1947
1979
2436300
1979
1959
1979
1945
1967
1657100
1967
1957
1996
1952
1995
1316000
1995
2035
2065
2013
2045
1655600
2045
2038
2059
2023
2024
1580600
2024
1993
2037
1990
2028
1209000
2028
1998
2071
1992
2063
1880300
2063
2048
2070
2023
2032
3285700
2032
2033
2044
2005
2026
1727600
2026
1976
2004
1945
1952
2153500
1952
1918
1925
1867
1889
3037800
1889
1912
1923
1857
1864
2258400
1864
1847
1915
1845
1907
2000500
1907
1941
1968
1915
1967
2035700
1967
1955
1985
1937
1973
1941100
1973
1965
2017
1960
2008
2049400
2008
1977
1986
1953
1979
1904100
1979
1982
2001
1974
1995
1517500
1995
1996
2020
1974
1988
1798100
1988
2042
2081
2011
2065
2700700
2065
1930
1930
1855
1870
5819600
1870
1871
1885
1826
1876
2219700
1876
1818
1841
1801
1835
2161700
1835
1852
1856
1837
1854
1591600
1854
1824
1856
1820
1849
1561600
1849
1831
1842
1805
1811
1592100
1811
1805
1825
1803
1811
1059900
1811
1785
1814
1781
1814
1772200
1814
1778
1817
1776
1808
1932200
1808
1822
1826
1780
1784
1512300
1784
1819
1826
1797
1817
1824800
1817
1832
1832
1787
1789
1650400
1789
1805
1809
1785
1800
2184400
1800
1812
1823
1796
1799
1591200
1799
1795
1801
1768
1780
3896600
1780
1805
1842
1791
1828
2086900
1828
1819
1836
1783
1788
2202400
1788
1759
1763
1735
1751
1482300
1751
1740
1743
1703
1720
2073600
1720
1760
1770
1731
1752
2038700
1752
1733
1740
1717
1725
1488200
1725
1723
1730
1705
1711
2043100
1711
1685
1732
1684
1719
2663900
1719
1726
1762
1724
1748
1612700
1748
1708
1721
1673
1681
3291100
1681
1690
1713
1680
1704
1785900
1704
1687
1704
1680
1685
1373300
1685
1677
1686
1642
1651
2205100
1651
1634
1666
1622
1628
2646600
1628
1637
1658
1618
1625
2391600
1625
1566
1567
1530
1533
1345800
1533
1545
1573
1524
1557
1598200
1557
1619
1642
1602
1634
1475100
1634
1621
1642
1616
1635
1038000
1635
