9820
9890
9680
9820
755200
9820
9900
9980
9740
9970
732400
9970
10060
10090
9880
9940
552900
9940
9910
10000
9640
9770
558700
9770
9620
9690
9490
9580
380900
9580
9570
9600
9390
9410
427000
9410
9520
9540
9340
9430
284600
9430
9370
9570
9300
9540
341500
9540
9400
9690
9400
9660
404000
9660
10100
10330
10030
10130
1244200
10130
10350
10370
9970
10030
564900
10030
9920
9930
9760
9800
362600
9800
9880
9890
9730
9840
407500
9840
9840
9910
9700
9760
309000
9760
9630
9940
9610
9920
681900
9920
9800
9860
9540
9600
572600
9600
9700
9940
9670
9870
460500
9870
9830
9850
9560
9610
442100
9610
9690
9720
9460
9480
470200
9480
9780
9920
9330
9590
1332000
9590
9610
9630
9340
9370
728900
9370
9070
9090
8980
9030
514400
9030
8580
8680
8270
8580
808700
8580
9030
9090
8400
8400
756200
8400
8370
8590
8310
8510
830100
8510
8160
8220
8020
8160
727000
8160
8310
8330
8030
8050
609600
8050
8800
8910
8590
8760
1790900
8760
9030
9310
9000
9150
953100
9150
9200
9490
9120
9460
808800
9460
9540
9630
9410
9610
565900
9610
9520
9610
9400
9580
468000
9580
9580
9790
9560
9630
441700
9630
9570
9620
9370
9450
401900
9450
9490
9520
9350
9440
243600
9440
9560
9660
9520
9600
325700
9600
9750
10020
9750
9890
598100
9890
9850
10130
9850
10040
669200
10040
10020
10160
9930
10050
828600
10050
9750
9790
9610
9720
603200
9720
9670
9760
9490
9550
372600
9550
9730
9980
9730
9890
370000
9890
9800
10050
9780
9900
515800
9900
10090
10390
10040
10380
780900
10380
10390
10480
10120
10240
741900
10240
10560
10570
10010
10300
971500
10300
10370
10700
10310
10660
661600
10660
10380
10520
10120
10320
720400
10320
10340
10380
10100
10250
408100
10250
10270
10270
9930
10000
518000
10000
9910
9930
9690
9800
513200
9800
9940
10030
9850
9900
527400
9900
10050
10330
10010
10290
585900
10290
9840
9910
9640
9690
789000
9690
9460
9580
9270
9580
623400
9580
9850
9960
9810
9940
643600
9940
9640
9640
9350
9470
790400
9470
9480
9500
9170
9410
883100
9410
9620
9850
9590
9760
483600
9760
9800
9980
9760
9870
275500
9870
9620
9630
9440
9590
643100
9590
9620
9630
9160
9190
557000
9190
9300
9350
9110
9220
395600
9220
9160
9300
9100
9190
457300
9190
9110
9290
9070
9240
332200
9240
9240
9480
9120
9390
402000
9390
9520
9590
9360
9360
321200
9360
9340
9360
9200
9280
248200
9280
9400
9620
9400
9530
279200
9530
9590
9610
9490
9560
182800
9560
9520
9680
9490
9510
248000
9510
9620
9660
9370
9450
484600
9450
9370
9370
9110
9210
559600
9210
8860
8870
8580
8770
912300
8770
8850
8860
8640
8690
342400
8690
8690
8740
8610
8660
473700
8660
8550
8590
8500
8530
360200
8530
8830
9040
8710
8770
711200
8770
8950
9070
8780
9010
676300
9010
8940
9090
8870
9020
267300
9020
9240
9260
9130
9160
281900
9160
9220
9430
9180
9420
478100
9420
9370
9510
9330
9470
413500
9470
9900
10120
9500
9520
1424600
9520
9660
9790
9480
9740
505700
9740
9800
10020
9780
9920
552700
9920
9850
9910
9760
9880
313000
9880
9850
9970
9790
9880
275100
9880
9880
9910
9720
9770
249600
9770
9880
9980
9820
9940
309400
9940
9890
9970
9520
9610
575000
9610
9490
9530
9330
9470
396900
9470
9570
9600
9410
9450
248000
9450
9390
9510
9380
9460
277900
9460
9460
9510
9370
9490
261700
9490
9280
9310
9070
9160
785100
9160
9160
9160
8990
9080
438600
9080
9010
9070
8940
9050
389700
9050
8900
9110
8870
9050
405300
9050
9190
9310
9150
9260
535800
9260
9230
9240
9040
9080
431800
9080
9230
9290
9190
9250
265400
9250
9230
9440
9230
9430
352000
9430
9430
9560
9390
9470
377000
9470
9490
9510
9330
9400
286600
9400
9320
9340
9130
9160
473300
9160
9150
9230
9080
9090
222700
9090
9090
9110
8990
9030
328200
9030
9060
9190
9060
9100
362000
9100
9050
9150
9000
9010
315800
9010
8900
8900
8610
8620
558800
8620
8570
8580
8290
8400
516300
8400
8380
8420
8180
8270
532200
8270
8260
8410
8160
8370
448800
8370
8520
8720
8330
8470
507700
8470
8300
8380
8200
8330
295900
8330
8360
8410
8200
8230
298200
8230
8080
8300
8020
8280
430400
8280
8350
8430
8190
8250
462600
8250
8210
8540
8100
8500
650100
8500
8250
8280
7750
7800
1468400
7800
7860
8140
7840
7880
734300
7880
7880
7920
7770
7900
321000
7900
7790
7820
7500
7570
491800
7570
7530
7710
7490
7580
363500
7580
7650
7850
7600
7790
456200
7790
7790
7970
7750
7970
247900
7970
8090
8150
7920
7990
402000
7990
7890
7970
7750
7890
279300
7890
7770
7790
7610
7710
514500
7710
7770
7950
7710
7790
511800
7790
7810
7970
7780
7900
287500
7900
8050
8140
7980
7990
309000
7990
8230
8420
8190
8310
660200
8310
8160
8270
7980
8110
537600
8110
8030
8050
7920
8010
253900
8010
8030
8180
7970
8120
208200
8120
7970
8010
7730
7940
655600
7940
8050
8110
7990
8010
339900
8010
8080
8190
7990
8010
597800
8010
7930
7990
7930
7950
266200
7950
7950
8200
7950
8150
466100
8150
8030
8240
7990
8200
808100
8200
8450
8670
8410
8510
1021800
8510
8760
8900
8590
8720
1055100
8720
8670
8670
8290
8350
563100
8350
8220
8370
8140
8340
338100
8340
8250
8470
8180
8420
433000
8420
8420
8590
8390
8460
397300
8460
8340
8350
8090
8130
657400
8130
7890
7900
7640
7660
616800
7660
7760
7900
7720
7880
298700
7880
7810
7920
7770
7900
260900
7900
7630
7950
7560
7920
413900
7920
7820
7820
7630
7690
541200
7690
7690
7710
7560
7570
315300
7570
7500
7610
7430
7590
401400
7590
7650
7910
7640
7830
377300
7830
7860
7880
7770
7790
238900
7790
7870
7920
7820
7920
185100
7920
8040
8160
8020
8090
304700
8090
8200
8230
7960
7980
303800
7980
8000
8300
7990
8170
423200
8170
8300
8320
8220
8290
276900
8290
8170
8460
8100
8410
443700
8410
8420
8450
8290
8320
269700
8320
8360
8430
8260
8300
304700
8300
8310
8370
8160
8170
372100
8170
8020
8040
7750
7910
626700
7910
7510
7540
7230
7280
897300
7280
7270
7270
7040
7080
722600
7080
7210
7330
7130
7260
535000
7260
7200
7200
6870
6950
514100
6950
6770
6950
6610
6750
574100
6750
6870
7110
6870
7080
920500
7080
6950
7100
6870
7090
515000
7090
7380
7420
7280
7310
604800
7310
7140
7150
6980
7050
840500
7050
6930
7000
6860
6920
894300
6920
6990
7070
6870
6900
670300
6900
6850
6990
6800
6990
439700
6990
6890
6890
6660
6680
653100
6680
6760
6820
6610
6640
842800
6640
6690
7120
6690
6940
800400
6940
6860
6960
6750
6910
562900
6910
6980
7030
6900
6930
370800
6930
7010
7050
6720
6730
670700
6730
6610
6670
6380
6400
952200
6400
6170
6210
6030
6040
893800
6040
6100
6250
5940
6180
1046800
6180
5810
6120
5800
6110
967700
6110
6120
6440
6060
6410
823500
6410
6350
6440
6210
6350
565700
6350
6290
6390
6230
6390
366400
6390
6630
6740
6590
6740
808400
6740
6670
6680
6370
6390
603000
6390
6300
6440
6250
6410
400000
6410
6350
6630
6290
6600
491600
6600
6420
6450
6150
6170
665200
6170
6270
6300
6060
6190
592600
6190
5890
5900
5740
5760
716900
5760
5910
6010
5720
5790
779400
5790
5790
5970
5750
5840
562300
5840
5640
6080
5630
5970
1152000
5970
6070
6480
5690
6150
1804700
6150
6100
6240
5890
6060
975800
6060
6120
6630
6110
6550
987800
6550
6450
6600
6310
6350
838200
6350
6250
6310
6040
6070
699200
6070
6080
6330
6020
6200
683700
6200
6320
6370
6140
6180
550200
6180
6120
6150
5930
5980
647800
5980
5860
6010
5810
5950
480100
5950
5750
5780
5590
5620
873100
5620
5720
5830
5680
5750
522300
5750
5700
5860
5670
5750
386100
5750
5580
5590
5410
5410
687400
5410
5490
5710
5470
5610
535400
5610
5390
5410
5270
5290
670600
5290
5270
5680
5270
5650
811600
5650
5650
5730
5550
5720
597400
5720
5740
5850
5620
5660
574200
5660
5740
5790
5540
5650
626500
5650
5610
5690
5520
5680
1005300
5680
5800
5920
5710
5720
497500
5720
5700
5700
5620
5680
408500
5680
5900
6130
5890
6040
823900
6040
5990
6140
5860
5880
593100
5880
5700
5730
5560
5570
668900
5570
5500
5510
5240
5320
749100
5320
5390
5430
5140
5180
637800
5180
5060
5140
5010
5060
444800
5060
5060
5120
4940
4995
443000
4995
5150
5220
5000
5150
703500
5150
5200
5260
5110
5200
506000
5200
5120
5130
4840
4945
857700
4945
4955
5120
4940
5060
469500
5060
4930
4975
4830
4890
851300
4890
4825
4915
4695
4855
630000
4855
4750
4805
4555
4610
736600
4610
4595
4720
4540
4595
678900
4595
4370
4470
4310
4320
470300
4320
4410
4515
4305
4420
470800
4420
4700
4770
4510
4590
641500
4590
4580
4720
4580
4605
481700
4605
