838
844
833
843
1428400
843
853
862
852
859
1245600
859
864
875
860
864
1311100
864
862
868
860
864
1169800
864
864
886
864
881
2237900
881
882
889
869
870
1826900
870
870
877
866
868
845300
868
867
870
860
865
903000
865
858
859
848
849
1430900
849
858
866
849
852
1715300
852
857
864
854
863
1316300
863
861
864
850
853
972300
853
856
875
856
873
1612700
873
878
880
874
877
1611500
877
877
877
859
863
1302300
863
870
875
860
864
1479400
864
861
870
856
861
1100500
861
855
861
838
845
1481800
845
841
850
833
834
1702300
834
842
851
835
849
1296900
849
845
847
830
837
1338600
837
822
823
811
815
1599400
815
791
792
750
772
3075300
772
794
794
764
766
2007100
766
765
777
761
772
1351700
772
742
756
737
755
2489700
755
844
850
802
805
5305600
805
816
844
814
820
3390100
820
821
829
816
819
1665000
819
820
837
817
830
1339600
830
838
848
834
845
957000
845
842
848
834
837
1506000
837
837
842
830
836
1251200
836
825
828
809
815
1546200
815
813
820
811
817
743300
817
822
831
814
814
1170000
814
829
837
824
831
1420400
831
827
834
821
822
1241600
822
820
820
801
807
1426500
807
786
788
777
783
1702700
783
774
776
762
769
1000400
769
779
791
777
779
1074000
779
774
781
767
774
1076500
774
776
776
764
768
1251700
768
776
790
766
771
2184000
771
784
789
778
786
1016700
786
783
789
777
788
1004900
788
780
786
777
781
964100
781
777
781
762
780
1129400
780
785
786
770
772
1284900
772
766
768
756
766
1001600
766
764
778
764
776
1583300
776
774
781
769
780
1499100
780
748
751
736
739
2888300
739
726
729
710
729
1932500
729
739
758
737
756
1800800
756
729
739
725
739
2162300
739
748
751
732
741
1337700
741
754
769
754
764
1648500
764
768
770
762
763
1297200
763
750
760
748
759
1414100
759
762
765
757
763
1701100
763
777
783
768
778
1949700
778
772
778
768
773
1596100
773
765
779
765
775
1232000
775
769
785
768
783
1437500
783
788
790
780
786
1327500
786
786
788
777
786
1870400
786
794
803
793
800
1502500
800
803
803
796
801
828300
801
802
807
798
799
1319900
799
803
814
798
808
1737300
808
816
825
813
820
1751300
820
815
817
808
813
1295500
813
815
818
810
813
859300
813
813
818
810
816
1277600
816
807
813
804
812
986000
812
816
820
813
814
1115200
814
820
821
809
820
1585900
820
823
823
814
821
1031800
821
825
825
815
819
941900
819
817
817
810
816
894200
816
819
827
816
819
1534700
819
821
833
821
830
1397400
830
830
833
822
832
1280700
832
839
858
832
855
2863900
855
775
800
764
799
3578800
799
788
796
777
782
2181400
782
778
791
776
790
1892100
790
793
795
786
787
1537000
787
795
803
792
800
1387500
800
797
802
793
796
971000
796
798
798
786
787
972000
787
779
781
765
769
2540000
769
765
767
755
758
1561600
758
750
757
748
754
1337700
754
757
764
753
762
1132000
762
760
760
747
751
1030700
751
732
735
726
729
1578400
729
737
741
724
725
1988900
725
724
739
722
735
1818000
735
749
755
745
752
1257900
752
756
759
750
752
926400
752
751
759
747
750
1092200
750
748
752
744
747
1096900
747
747
752
742
744
1334000
744
747
751
740
749
722700
749
755
761
747
749
1198000
749
748
753
746
747
899700
747
745
747
739
740
926700
740
747
747
727
730
1320300
730
739
744
721
723
1311600
723
730
733
715
718
1502600
718
723
727
709
725
1355000
725
723
725
716
721
1167100
721
706
719
705
719
2062800
719
717
733
717
723
1719900
723
708
724
706
722
1160300
722
724
732
721
731
1472100
731
721
726
719
723
1272800
723
729
731
720
728
1318200
728
723
727
707
709
1514000
709
694
697
679
688
2967500
688
684
692
681
686
1444300
686
684
685
672
676
1264400
676
677
688
677
686
1576400
686
686
697
686
694
942500
694
699
707
697
697
1250400
697
689
691
676
687
1602300
687
677
687
675
686
1678600
686
691
698
688
694
1233700
694
700
711
696
705
1717000
705
715
718
706
706
1147500
706
709
714
705
711
1112600
711
721
721
707
712
1534500
712
709
721
708
720
1243000
720
730
732
715
722
828500
722
726
727
718
723
1063100
723
729
732
723
727
1341500
727
728
731
725
731
1224800
731
735
739
730
733
1510600
733
739
742
730
734
1664100
734
738
739
728
737
1051100
737
737
744
732
736
1339400
736
738
738
731
737
930100
737
737
740
731
732
833700
732
735
747
735
746
1035100
746
749
762
748
752
1830900
752
758
768
748
764
1933100
764
774
777
728
743
3408600
743
728
729
719
724
2138600
724
725
741
725
741
1325400
741
737
741
726
729
1322700
729
720
732
716
729
1668700
729
732
742
731
737
1008000
737
740
742
734
738
1078100
738
740
747
734
746
1362200
746
747
760
744
760
1260800
760
753
753
740
743
1742100
743
744
744
731
736
1873200
736
736
755
735
749
1183500
749
754
757
749
752
973000
752
753
763
752
759
1061100
759
769
769
756
761
1205100
761
756
765
756
762
1161100
762
763
764
739
740
1808100
740
733
735
721
723
1866400
723
718
729
715
722
1626900
722
715
719
712
712
1028600
712
704
706
699
704
1058200
704
702
705
697
700
1184100
700
702
713
701
706
1553000
706
714
716
705
707
1756100
707
714
719
703
705
1353200
705
712
721
710
719
1810000
719
724
741
721
739
1854600
739
753
753
742
743
1329700
743
744
747
733
738
1388400
738
744
757
741
751
1865900
751
750
757
737
754
1476200
754
743
749
741
745
1408700
745
736
748
735
744
1472000
744
750
759
746
749
1259100
749
754
758
747
755
1292600
755
759
767
756
766
2203900
766
762
763
748
753
1691600
753
747
762
747
760
1631500
760
745
752
741
744
1819500
744
729
732
708
711
2480100
711
711
714
702
704
1997400
704
680
688
677
681
2371400
681
672
685
670
685
2299100
685
676
679
669
674
1769500
674
670
683
667
681
1689100
681
685
697
681
695
2392200
695
696
701
691
698
1830000
698
692
695
683
685
2072400
685
671
676
664
671
2571500
671
670
673
661
665
2373800
665
674
677
661
666
1865200
666
649
650
637
640
1880500
640
644
645
631
636
1908100
636
637
646
634
636
1649300
636
629
643
626
641
2994400
641
640
653
637
649
1632500
649
650
660
646
655
1923600
655
657
673
652
669
2247200
669
661
675
657
671
2028300
671
672
687
667
674
3136400
674
674
678
665
669
1913400
669
676
682
671
675
1788000
675
683
689
679
679
1928200
679
639
644
617
631
3303000
631
626
631
613
619
2567100
619
614
629
610
624
1662400
624
620
624
610
613
1939000
613
611
618
601
606
2863100
606
600
607
597
604
2733900
604
602
604
595
602
2719700
602
593
601
587
600
2452800
600
599
603
589
592
1834500
592
583
593
582
588
2471400
588
598
601
590
596
2257000
596
598
600
590
599
2076100
599
604
608
595
595
1456900
595
598
604
595
600
2058700
600
609
616
603
612
1425000
612
618
620
600
602
1909000
602
597
599
591
596
1539700
596
590
590
581
586
1963400
586
586
594
583
590
1449400
590
578
583
572
582
1297200
582
586
587
567
572
2056900
572
581
588
577
582
1980000
582
589
597
588
594
2458200
594
585
587
575
579
2306200
579
582
585
572
572
1768200
572
555
559
547
555
2446300
555
556
558
546
552
2068600
552
552
557
536
539
1746300
539
529
535
518
521
2273300
521
507
515
502
508
2060400
508
512
522
511
520
1687400
520
534
541
531
538
2174000
538
540
551
539
542
2166800
542
