1034
1041
1021
1034
3397000
2068
1037
1052
1033
1051
3070000
2102
1052
1052
1034
1044
2610000
2088
1045
1057
1043
1049
2156000
2098
1044
1046
1033
1044
2135000
2088
1046
1054
1043
1050
3125000
2100
1060
1071
1054
1056
2749000
2112
1056
1060
1053
1058
1424000
2116
1059
1073
1058
1071
2461000
2142
1080
1083
1047
1051
2889000
2102
1050
1053
1037
1040
2695000
2080
1035
1038
1027
1029
2292000
2058
1034
1051
1034
1049
1913000
2098
1044
1056
1043
1055
1640000
2110
1051
1054
1046
1050
1672000
2100
1051
1058
1048
1052
2127000
2104
1059
1061
1052
1054
1384000
2108
1050
1059
1046
1048
2009000
2096
1046
1046
1025
1025
2632000
2050
1031
1053
1029
1050
1961000
2100
1038
1047
1033
1044
1519000
2088
1032
1035
1010
1011
2407000
2022
973
979
945
961
4435000
1922
976
984
951
953
3492000
1906
950
959
946
948
3068000
1896
918
928
915
928
3142000
1856
937
945
916
917
3982000
1834
915
919
896
903
2631000
1806
913
915
903
905
1942000
1810
911
920
907
915
2033000
1830
929
940
924
940
1145000
1880
939
943
932
941
1562000
1882
940
945
931
934
2011000
1868
923
926
917
923
1799000
1846
924
933
923
930
1650000
1860
940
944
934
940
1158000
1880
955
956
945
949
1672000
1898
935
940
919
919
3527000
1838
915
916
900
902
1961000
1804
887
887
874
877
2774000
1754
874
878
871
875
1274000
1752
888
894
876
876
1769000
1752
873
877
867
872
2273000
1744
887
889
874
878
1996000
1756
891
910
885
893
3178000
1786
912
914
906
911
1841000
1822
902
912
901
911
1225000
1822
902
912
902
906
1267000
1812
901
903
889
898
1463000
1796
904
904
892
894
1866000
1788
890
893
878
882
1172000
1764
879
889
878
884
2538000
1768
891
891
874
882
2086000
1764
867
872
850
852
3198000
1704
848
858
838
858
1977000
1716
861
882
856
881
2379000
1762
866
866
848
858
2135000
1716
864
880
854
864
2184000
1728
870
876
859
873
1453000
1746
873
876
863
863
1143000
1726
851
855
840
853
2248000
1706
854
861
849
857
1889000
1714
865
879
863
870
1865000
1740
865
870
861
862
1943000
1724
867
871
861
866
1354000
1732
867
877
862
871
1854000
1742
871
872
864
866
1366000
1732
866
866
858
863
1448000
1726
869
878
868
876
1940000
1752
879
886
876
883
1187000
1766
881
892
878
881
1958000
1762
886
903
885
898
2328000
1796
904
914
901
906
1777000
1812
902
905
897
898
1363000
1796
900
902
893
895
1039000
1790
903
912
900
910
1704000
1820
903
905
892
903
1920000
1806
907
918
904
917
1841000
1834
920
921
909
916
1405000
1832
911
917
907
914
1154000
1828
921
921
912
915
1041000
1830
917
917
908
915
1347000
1830
914
925
911
919
1182000
1838
914
915
901
909
1821000
1818
900
915
896
912
1488000
1824
909
914
903
908
1412000
1816
900
906
890
894
2185000
1788
901
919
899
917
2654000
1834
910
910
899
904
2277000
1808
908
914
906
911
1737000
1822
912
924
908
923
1752000
1846
925
928
917
919
1392000
1838
925
925
911
917
1291000
1834
911
912
900
906
1694000
1812
906
911
896
904
1601000
1808
904
905
896
898
1860000
1796
898
903
889
901
1236000
1802
901
904
893
901
1379000
1802
890
896
885
888
2142000
1776
888
889
877
888
5054000
1776
882
901
880
890
2215000
1780
895
907
892
905
1672000
1810
909
916
909
915
1454000
1830
917
934
916
932
1828000
1864
938
941
930
930
1555000
1860
930
937
919
920
2206000
1840
924
938
922
937
1676000
1874
943
948
929
931
1698000
1862
933
939
931
932
938000
1864
925
925
899
902
2779000
1804
902
907
893
897
3654000
1794
895
896
880
887
2247000
1774
880
881
858
861
2279000
1722
861
861
840
849
2567000
1698
848
852
843
846
2023000
1692
846
851
839
850
2498000
1700
859
863
853
858
1649000
1716
847
865
843
862
1533000
1724
858
867
851
862
1603000
1724
857
863
851
861
1391000
1722
866
873
857
868
1985000
1736
862
864
840
842
1552000
1684
842
844
813
822
2586000
1644
816
836
816
830
1488000
1660
829
832
819
824
1124000
1648
827
829
818
819
2630000
1638
824
829
820
829
1264000
1658
832
842
832
836
1596000
1672
826
826
812
820
1546000
1640
818
826
813
816
1634000
1632
831
834
821
829
2438000
1658
827
840
822
835
1152000
1670
840
846
837
838
1002000
1676
836
838
832
836
1080000
1672
830
839
824
831
1610000
1662
825
836
825
832
837000
1664
841
851
838
847
1108000
1694
849
853
844
852
1176000
1704
861
865
855
860
1734000
1720
856
860
852
859
1412000
1718
856
860
852
855
1547000
1710
856
865
849
859
2050000
1718
855
870
855
870
1300000
1740
867
881
867
873
2189000
1746
871
871
859
867
1183000
1734
861
871
859
867
1160000
1734
867
875
863
874
736000
1748
870
875
864
867
1321000
1734
869
869
859
869
1178000
1738
872
877
857
867
1975000
1734
843
846
815
822
2911000
1644
826
841
824
841
1427000
1682
845
856
832
840
1353000
1680
832
846
830
844
1541000
1688
853
861
850
859
1163000
1718
863
868
855
856
1327000
1712
857
862
853
859
1699000
1718
864
871
859
871
1338000
1742
878
888
877
881
1600000
1762
882
886
873
877
938000
1754
882
884
875
880
864000
1760
880
888
875
875
1315000
1750
882
889
879
884
1323000
1768
889
889
876
879
1386000
1758
874
874
865
867
1552000
1734
867
867
851
857
1374000
1714
864
872
856
866
1277000
1732
863
865
852
863
1670000
1726
860
870
848
851
2473000
1702
848
854
843
852
1305000
1704
849
861
849
859
1220000
1718
860
863
855
862
1209000
1724
860
866
855
864
1476000
1728
862
875
857
858
1754000
1716
866
876
862
876
2347000
1752
874
904
873
900
2105000
1800
915
918
907
911
1462000
1822
908
914
903
909
1510000
1818
919
930
914
923
2534000
1846
937
937
915
919
2153000
1838
1806
1809
1776
1806
964300
1806
1799
1802
1768
1780
1162700
1780
1805
1827
1794
1825
1205700
1825
1828
1840
1819
1828
705500
1828
1837
1851
1827
1831
957800
1831
1831
1846
1824
1831
749200
1831
1850
1856
1832
1841
858300
1841
1833
1849
1830
1833
741000
1833
1826
1831
1805
1809
830500
1809
1820
1830
1803
1809
693100
1809
1762
1780
1733
1743
1053600
1743
1740
1745
1720
1729
1126000
1729
1704
1715
1637
1655
1714400
1655
1655
1681
1647
1672
897900
1672
1659
1673
1647
1653
1441400
1653
1662
1673
1646
1648
773300
1648
1629
1629
1606
1625
970000
1625
1617
1639
1607
1638
732000
1638
1624
1624
1582
1586
904600
1586
1585
1598
1570
1584
1103900
1584
1539
1551
1532
1538
889300
1538
1542
1562
1537
1546
1066800
1546
1546
1588
1543
1565
882300
1565
1560
1588
1552
1581
883100
1581
1594
1601
1570
1599
1026700
1599
1585
1603
1577
1595
723100
1595
1590
1618
1575
1612
983600
1612
1591
1602
1572
1593
649700
1593
1607
1627
1605
1622
580200
1622
1627
1635
1603
1610
730700
1610
1640
1654
1629
1638
655400
1638
1653
1663
1633
1646
786600
1646
1643
1725
1641
1723
1021100
1723
1673
1676
1628
1674
1130200
1674
1678
1729
1677
1725
843400
1725
1713
1755
1697
1754
972400
1754
1759
1780
1749
1774
796400
1774
1775
1788
1762
1770
781500
1770
1751
1789
1745
1783
771500
1783
1723
1780
1723
1775
752500
1775
1787
1802
1773
1799
651100
1799
1803
1832
1801
1830
767100
1830
1825
1826
1783
1814
875000
1814
1838
1839
1799
1806
1276500
1806
1827
1839
1816
1829
943200
1829
1837
1850
1827
1828
1235300
1828
1846
1855
1824
1850
609500
1850
1860
1869
1811
1812
1013800
1812
1789
1832
1786
1824
795600
1824
1820
1838
1818
1822
1215800
1822
1840
1846
1806
1836
1159100
1836
1796
1817
1782
1788
953600
1788
1801
1814
1776
1787
1176500
1787
1788
1798
1767
1791
1609000
1791
1814
1830
1804
1813
981800
1813
1809
1828
1770
1772
1877200
1772
1772
1782
1765
1766
638900
1766
1740
1744
1719
1720
896600
1720
1723
1724
1691
1695
826500
1695
1674
1683
1630
1638
993800
1638
1648
1656
1631
1645
1513300
1645
1600
1605
1548
1550
849300
1550
1559
1575
1538
1567
950400
1567
1615
1620
1587
1607
1270000
1607
1598
1625
1595
1617
646300
1617
