2548
2552
2526
2552
1152400
2552
2580
2609
2570
2596
1655400
2596
2615
2621
2557
2562
1638100
2562
2559
2565
2531
2565
1113600
2565
2550
2559
2535
2558
919200
2558
2551
2560
2509
2513
1032200
2513
2544
2563
2537
2558
950300
2558
2555
2568
2542
2562
540500
2562
2554
2570
2540
2563
794200
2563
2590
2590
2541
2547
974600
2547
2551
2563
2541
2546
682800
2546
2543
2551
2526
2536
680400
2536
2542
2558
2536
2551
759500
2551
2521
2548
2521
2533
845900
2533
2501
2525
2497
2510
760800
2510
2510
2540
2502
2516
1214300
2516
2515
2529
2504
2507
654100
2507
2485
2492
2465
2466
976000
2466
2465
2473
2428
2430
996400
2430
2436
2463
2422
2463
828300
2463
2447
2469
2433
2461
814300
2461
2421
2439
2405
2406
807700
2406
2332
2340
2227
2268
1531100
2268
2306
2348
2282
2284
1376000
2284
2275
2298
2269
2284
1016100
2284
2201
2238
2201
2231
1013600
2231
2250
2258
2201
2202
1283300
2202
2249
2268
2151
2160
1109200
2160
2189
2214
2183
2191
845700
2191
2185
2240
2183
2219
767100
2219
2250
2281
2236
2280
729800
2280
2282
2301
2272
2288
691200
2288
2275
2289
2248
2255
565100
2255
2230
2240
2216
2236
690600
2236
2235
2255
2224
2254
509700
2254
2276
2280
2258
2269
544900
2269
2290
2297
2267
2282
618000
2282
2285
2308
2251
2251
848400
2251
2244
2244
2206
2214
570400
2214
2150
2166
2132
2142
1377700
2142
2135
2167
2134
2160
784500
2160
2186
2194
2151
2152
1138800
2152
2141
2182
2139
2162
1181400
2162
2183
2194
2157
2169
756800
2169
2196
2236
2173
2187
1552300
2187
2227
2230
2204
2215
556700
2215
2215
2229
2196
2229
759900
2229
2213
2233
2209
2216
750400
2216
2206
2228
2182
2224
762300
2224
2241
2241
2206
2211
1102200
2211
2200
2204
2158
2178
498900
2178
2178
2206
2167
2202
1000500
2202
2210
2226
2194
2225
1346700
2225
2176
2208
2141
2148
1840200
2148
2134
2177
2128
2177
1099400
2177
2199
2251
2184
2251
1132400
2251
2193
2199
2153
2176
1318800
2176
2195
2219
2164
2183
1031200
2183
2208
2214
2182
2198
475600
2198
2188
2203
2175
2175
380300
2175
2151
2166
2138
2162
895800
2162
2173
2205
2158
2202
1008800
2202
2227
2256
2216
2249
985900
2249
2251
2269
2247
2259
1048300
2259
2260
2269
2241
2263
517700
2263
2262
2279
2243
2262
547900
2262
2277
2277
2245
2254
639500
2254
2245
2246
2217
2230
593600
2230
2239
2256
2232
2244
557500
2244
2240
2257
2233
2257
526400
2257
2252
2262
2241
2258
576500
2258
2279
2312
2277
2305
752100
2305
2326
2343
2314
2322
999700
2322
2315
2333
2310
2315
745300
2315
2335
2349
2320
2324
635500
2324
2344
2344
2312
2333
614500
2333
2328
2336
2315
2333
646200
2333
2337
2346
2320
2336
678400
2336
2357
2374
2339
2358
874200
2358
2346
2350
2308
2345
809800
2345
2358
2359
2319
2329
472900
2329
2350
2359
2327
2356
546500
2356
2356
2369
2348
2364
779400
2364
2363
2363
2334
2349
668000
2349
2360
2364
2343
2345
509700
2345
2345
2357
2333
2354
677500
2354
2425
2446
2385
2402
911900
2402
2400
2412
2365
2406
715400
2406
2380
2392
2371
2380
1005900
2380
2377
2379
2364
2366
837100
2366
2370
2370
2343
2364
725100
2364
2357
2369
2349
2349
419800
2349
2347
2360
2344
2359
417800
2359
2382
2392
2349
2369
941100
2369
2354
2366
2344
2363
666000
2363
2369
2377
2345
2366
713400
2366
2360
2363
2337
2363
486900
2363
2354
2375
2350
2361
645500
2361
2315
2327
2308
2323
917700
2323
2325
2347
2296
2342
1984200
2342
2335
2354
2319
2342
790700
2342
2365
2399
2352
2388
575300
2388
2404
2417
2400
2416
601700
2416
2420
2454
2415
2449
769400
2449
2464
2475
2452
2466
852900
2466
2482
2499
2473
2486
1229500
2486
2471
2506
2471
2496
711500
2496
2518
2529
2484
2491
688700
2491
2492
2510
2480
2486
436300
2486
2486
2494
2464
2473
891500
2473
2485
2495
2442
2469
1257900
2469
2468
2507
2455
2502
821900
2502
2499
2515
2465
2470
1207300
2470
2461
2487
2442
2472
813400
2472
2459
2478
2453
2468
510500
2468
2457
2458
2431
2449
655800
2449
2451
2479
2443
2471
532500
2471
2443
2468
2433
2460
557000
2460
2473
2509
2448
2497
781100
2497
2485
2490
2450
2468
698000
2468
2477
2502
2467
2479
892300
2479
2462
2463
2367
2368
870900
2368
2382
2397
2345
2365
861000
2365
2341
2377
2333
2367
762500
2367
2355
2376
2334
2347
755800
2347
2342
2369
2336
2345
667800
2345
2348
2368
2338
2356
492600
2356
2378
2406
2373
2395
816900
2395
2357
2369
2327
2344
568400
2344
2336
2349
2323
2324
618400
2324
2349
2371
2329
2359
640200
2359
2347
2393
2341
2373
605400
2373
2380
2411
2378
2390
555200
2390
2378
2385
2365
2366
414300
2366
2357
2367
2335
2356
526600
2356
2343
2373
2342
2369
441400
2369
2369
2389
2365
2380
359400
2380
2400
2409
2376
2403
426800
2403
2428
2434
2411
2422
580000
2422
2425
2438
2419
2436
418800
2436
2416
2434
2412
2421
315000
2421
2425
2451
2411
2437
834000
2437
2435
2457
2430
2447
579600
2447
2444
2476
2439
2444
543400
2444
2439
2443
2405
2421
578600
2421
2415
2440
2408
2424
469500
2424
2431
2457
2425
2445
419400
2445
2436
2442
2404
2406
617500
2406
2404
2413
2389
2396
602300
2396
2496
2518
2471
2480
1264100
2480
2462
2468
2399
2402
846400
2402
2409
2454
2401
2450
674200
2450
2455
2466
2428
2441
432900
2441
2416
2433
2401
2419
656800
2419
2445
2451
2424
2433
480800
2433
2426
2436
2402
2410
422500
2410
2385
2393
2366
2374
569300
2374
2376
2388
2359
2383
674200
2383
2390
2415
2390
2411
765000
2411
2415
2433
2411
2429
528400
2429
2433
2445
2414
2423
626200
2423
2450
2467
2428
2430
744800
2430
2428
2446
2428
2433
525600
2433
2472
2506
2465
2505
944000
2505
2497
2513
2488
2493
694600
2493
2493
2521
2482
2519
799400
2519
2540
2548
2515
2519
799000
2519
2506
2509
2473
2495
690500
2495
2492
2512
2479
2491
666400
2491
2485
2516
2485
2515
608900
2515
2510
2527
2499
2521
695300
2521
2530
2542
2520
2541
567800
2541
2536
2542
2513
2539
469400
2539
2550
2579
2538
2541
761700
2541
2565
2568
2537
2553
1096700
2553
2563
2625
2560
2617
925600
2617
2653
2668
2643
2655
789000
2655
2664
2664
2631
2637
690800
2637
2667
2676
2634
2635
1296500
2635
2662
2675
2652
2666
773000
2666
2608
2638
2592
2631
994600
2631
2624
2658
2624
2635
903500
2635
2645
2664
2624
2642
1061200
2642
2664
2675
2648
2655
622400
2655
2672
2691
2665
2667
1157500
2667
2655
2674
2643
2656
695700
2656
2662
2668
2639
2643
835700
2643
2629
2650
2619
2636
720000
2636
2621
2629
2598
2608
877500
2608
2614
2639
2604
2612
799000
2612
2562
2590
2539
2562
1100900
2562
2531
2550
2527
2542
875800
2542
2564
2602
2551
2552
1274200
2552
2528
2571
2528
2566
856900
2566
2588
2617
2576
2593
710800
2593
2597
2618
2588
2594
862200
2594
2572
2595
2551
2590
799300
2590
2575
2612
2562
2612
676200
2612
2604
2605
2558
2562
856800
2562
2570
2581
2541
2556
1063900
2556
2506
2518
2480
2484
697600
2484
2501
2515
2471
2480
798600
2480
2486
2514
2474
2477
538600
2477
2468
2521
2465
2490
2419300
2490
2504
2547
2493
2535
1123900
2535
2529
2539
2515
2522
543000
2522
2534
2552
2502
2532
840900
2532
2520
2550
2513
2540
744000
2540
2542
2576
2537
2567
549900
2567
2575
2582
2534
2545
692200
2545
2597
2617
2579
2589
666500
2589
2610
2619
2575
2588
670800
2588
2576
2606
2564
2591
613300
2591
2542
2550
2490
2517
664100
2517
2490
2569
2490
2561
783400
2561
2548
2593
2533
2581
1023800
2581
2565
2592
2555
2559
1153200
2559
2562
2600
2558
2558
1054500
2558
2546
2613
2541
2596
1050300
2596
2530
2561
2524
2548
686600
2548
2575
2597
2565
2591
559600
2591
2600
2617
2594
2597
720800
2597
2616
2635
2601
2628
615800
2628
2650
2654
2627
2638
609800
2638
2658
2660
2622
2627
859100
2627
2638
2651
2617
2626
2276100
2626
2635
2653
2601
2635
864400
2635
2612
2612
2557
2557
1148100
2557
2519
2562
2512
2556
861400
2556
2527
2532
2476
2500
1006900
2500
2493
2515
2480
2506
767500
2506
2465
2478
2457
2472
759900
2472
2478
2481
2429
2430
921300
2430
2436
2454
2424
2446
1102200
2446
2470
2478
2455
2469
785100
2469
2482
2489
2446
2456
1641000
2456
2461
2466
2441
2449
600900
2449
2455
2455
2411
2414
893400
2414
2419
2426
2392
2410
1037600
2410
2392
2401
2325
2333
944100
2333
2345
2354
2294
2311
1467400
2311
2235
2247
2185
2192
818000
2192
2192
2226
2174
2216
908000
2216
2266
2323
2249
2296
822200
2296
2288
2302
2282
2297
573900
2297
