4210
4320
4205
4320
1160300
4320
4340
4385
4315
4380
942600
4380
4415
4470
4375
4465
968700
4465
4470
4530
4465
4520
764000
4520
4525
4545
4515
4540
796800
4540
4540
4555
4525
4540
1380400
4540
4540
4575
4525
4530
793100
4530
4545
4600
4535
4585
685700
4585
4610
4660
4575
4640
818600
4640
4670
4695
4625
4640
1195300
4640
4625
4640
4460
4490
956400
4490
4500
4525
4475
4500
535300
4500
4515
4665
4515
4665
673800
4665
4665
4685
4605
4660
894600
4660
4695
4720
4620
4635
642900
4635
4765
4825
4725
4770
1653400
4770
4820
4820
4655
4665
981500
4665
4625
4660
4570
4580
942000
4580
4555
4585
4485
4495
1150100
4495
4510
4570
4490
4565
773300
4565
4495
4570
4475
4510
937500
4510
4395
4425
4350
4360
1272100
4360
4430
4500
4165
4250
2703000
4250
4320
4430
4275
4280
1184200
4280
4300
4410
4285
4355
1168800
4355
4215
4240
4135
4185
1531800
4185
4255
4345
4225
4265
1317000
4265
4250
4290
4190
4265
983700
4265
4280
4375
4275
4370
784700
4370
4370
4485
4370
4480
629700
4480
4525
4705
4510
4695
679100
4695
4695
4730
4660
4725
762400
4725
4725
4765
4685
4715
814100
4715
4685
4735
4660
4695
710600
4695
4725
4785
4725
4750
519200
4750
4755
4815
4715
4755
606700
4755
4750
4755
4660
4685
934000
4685
4675
4780
4665
4730
789000
4730
4750
4800
4745
4790
1113900
4790
4700
4735
4655
4715
1314000
4715
4690
4720
4640
4685
432500
4685
4760
4845
4755
4830
687600
4830
4840
4960
4820
4890
1074000
4890
4890
4900
4775
4795
1068000
4795
4795
4860
4725
4750
1506500
4750
4875
4875
4700
4735
662300
4735
4765
4785
4720
4780
739400
4780
4730
4740
4685
4730
553600
4730
4720
4765
4685
4750
750900
4750
4770
4770
4655
4690
1025400
4690
4650
4690
4610
4665
520200
4665
4580
4615
4570
4615
786100
4615
4615
4775
4615
4765
905200
4765
4635
4680
4515
4530
1343200
4530
4490
4495
4400
4495
670400
4495
4550
4600
4515
4600
682600
4600
4490
4540
4435
4490
922600
4490
4605
4650
4555
4605
721900
4605
4650
4685
4625
4675
548600
4675
4650
4705
4645
4645
346900
4645
4585
4610
4540
4590
553100
4590
4610
4665
4595
4650
561400
4650
4710
4830
4700
4810
729300
4810
4815
4860
4790
4815
757900
4815
4835
5000
4835
4985
914100
4985
4990
5110
4960
5070
788500
5070
4980
4990
4820
4875
742800
4875
4895
4940
4860
4910
540500
4910
4935
4940
4845
4880
672100
4880
4910
4915
4865
4890
294900
4890
4835
4875
4800
4865
668200
4865
4870
4925
4860
4905
773000
4905
4880
4910
4845
4850
900600
4850
4850
4955
4820
4930
809800
4930
4960
4985
4895
4975
527500
4975
5160
5240
5140
5190
1001400
5190
5220
5240
5150
5210
656600
5210
5200
5250
5170
5210
508700
5210
5270
5360
5270
5290
917900
5290
5100
5250
5100
5230
818900
5230
5250
5440
5160
5380
1227400
5380
5600
5700
5540
5670
1308500
5670
5660
5740
5620
5720
873400
5720
5740
5780
5740
5770
575400
5770
5820
5870
5790
5850
674500
5850
5830
5880
5680
5790
845800
5790
5770
5920
5710
5860
576000
5860
5860
5880
5790
5830
494900
5830
5860
5910
5800
5840
488400
5840
5870
5940
5860
5870
518000
5870
5840
5860
5770
5790
687000
5790
5890
5980
5810
5810
725400
5810
5860
5880
5710
5730
557100
5730
5670
5830
5660
5710
714600
5710
5690
5770
5650
5770
718700
5770
5790
5860
5720
5830
584800
5830
5840
5850
5700
5720
474500
5720
5720
5780
5690
5730
485100
5730
5560
5660
5530
5630
717900
5630
5710
5780
5640
5680
2684600
5680
5610
5720
5590
5650
543300
5650
5710
5800
5690
5780
529500
5780
5830
5950
5790
5880
1073300
5880
5860
5960
5830
5940
706100
5940
5980
6040
5930
5960
758800
5960
5990
6020
5900
5980
1067600
5980
5960
6050
5920
6030
418000
6030
6030
6040
5950
5950
683200
5950
6000
6030
5950
5990
474300
5990
5930
5980
5900
5920
608300
5920
5970
5990
5920
5940
605200
5940
6000
6000
5910
5920
461900
5920
5850
5900
5800
5810
617600
5810
5810
5880
5750
5870
579200
5870
5820
5950
5800
5930
513700
5930
5830
5840
5730
5770
692200
5770
5750
5760
5700
5730
411000
5730
5670
5750
5620
5730
557100
5730
5710
5770
5700
5740
645400
5740
5700
5730
5650
5690
648800
5690
5790
5870
5740
5760
754300
5760
5720
5740
5550
5570
516100
5570
5370
5460
5340
5380
945500
5380
5340
5380
5280
5350
672500
5350
5430
5490
5390
5440
1006300
5440
5400
5470
5370
5420
927800
5420
5420
5490
5420
5450
680700
5450
5500
5510
5410
5420
679600
5420
5330
5360
5230
5310
658200
5310
5350
5390
5230
5250
821900
5250
5290
5400
5250
5360
851900
5360
5430
5490
5400
5410
679400
5410
5450
5470
5330
5330
672800
5330
5360
5360
5280
5290
663800
5290
5310
5350
5220
5300
649900
5300
5330
5380
5290
5320
532000
5320
5420
5450
5260
5290
561000
5290
5300
5300
5230
5270
360600
5270
5340
5350
5310
5340
361700
5340
5340
5340
5250
5290
401500
5290
5250
5280
5190
5230
682500
5230
5190
5260
5170
5220
456900
5220
5150
5360
5150
5350
701700
5350
5450
5590
5400
5490
857100
5490
5500
5600
5480
5550
528600
5550
5550
5550
5370
5400
612500
5400
5390
5410
5340
5380
370300
5380
5390
5410
5320
5340
446900
5340
5330
5340
5280
5310
332400
5310
5370
5370
5220
5240
607400
5240
5170
5180
5000
5000
597700
5000
5090
5130
5070
5100
508800
5100
5110
5240
5100
5190
527300
5190
5130
5240
5070
5220
627000
5220
5280
5330
5120
5150
505700
5150
5170
5250
5140
5170
384600
5170
5150
5250
5100
5230
471400
5230
5320
5390
5260
5300
430400
5300
5270
5350
5260
5320
439400
5320
5370
5410
5330
5400
346400
5400
5350
5360
5260
5310
406000
5310
5320
5340
5290
5310
414400
5310
5360
5370
5290
5300
318200
5300
5400
5480
5380
5420
506000
5420
5300
5310
5220
5310
716400
5310
5390
5420
5240
5240
562500
5240
5230
5300
5150
5270
564100
5270
5310
5460
5290
5360
571100
5360
5360
5440
5280
5380
538500
5380
5390
5460
5320
5410
504300
5410
5380
5470
5350
5450
544600
5450
5500
5580
5490
5570
518500
5570
5590
5620
5530
5610
486500
5610
5710
5770
5520
5560
567700
5560
5650
5700
5560
5680
1372200
5680
5780
5940
5750
5900
721900
5900
6000
6000
5740
5830
812800
5830
5830
5870
5730
5810
1211400
5810
5910
5920
5780
5880
999100
5880
5880
5900
5800
5890
689300
5890
5870
5900
5820
5880
572700
5880
5860
6050
5840
5940
852900
5940
6050
6070
5940
6020
884200
6020
6070
6080
5840
5840
863700
5840
5850
5860
5700
5770
1099400
5770
5730
5860
5730
5790
820800
5790
5780
5800
5640
5670
1012500
5670
5550
5620
5470
5530
1097300
5530
5400
5470
5390
5420
758400
5420
5410
5500
5400
5430
575300
5430
5260
5290
5210
5250
731500
5250
5150
5290
5150
5260
1058800
5260
5210
5270
5200
5250
805400
5250
5250
5300
5210
5300
844200
5300
5380
5490
5380
5430
819500
5430
5420
5440
5380
5400
656200
5400
5300
5410
5290
5390
827600
5390
5330
5370
5260
5330
593900
5330
5300
5300
5160
5210
732000
5210
5260
5290
5190
5260
751000
5260
5160
5180
4985
5010
659600
5010
4985
5020
4870
4925
799200
4925
4925
4965
4875
4895
563600
4895
4855
4935
4825
4915
1424600
4915
4910
4985
4840
4975
681200
4975
4995
5180
4980
5180
972800
5180
5260
5390
5230
5290
1259900
5290
5210
5320
5160
5290
690700
5290
5330
5350
5240
5260
557900
5260
5280
5340
5230
5250
718200
5250
5340
5440
5330
5420
429700
5420
5400
5450
5340
5360
513800
5360
5290
5350
5220
5260
369100
5260
5110
5130
4935
4960
626400
4960
4965
5020
4945
4980
499700
4980
4920
5040
4920
5030
423500
5030
5010
5080
4985
4985
423000
4985
4960
4990
4905
4920
384900
4920
4875
4875
4750
4755
409400
4755
4670
4720
4640
4710
609100
4710
4750
4840
4720
4800
1143100
4800
4775
4875
4765
4865
592900
4865
4935
5040
4890
5040
653600
5040
4960
4990
4910
4920
737700
4920
4945
4975
4810
4815
528600
4815
4805
4920
4775
4890
1012100
4890
4930
5060
4905
5020
485500
5020
5020
5030
4860
4885
627700
4885
4815
4840
4715
4730
580200
4730
4720
4785
4675
4780
955400
4780
4810
4925
4795
4920
678000
4920
4850
4870
4780
4840
663600
4840
4830
4880
4785
4795
639600
4795
4930
5210
4900
5200
1231000
5200
5240
5330
5200
5280
878800
5280
5240
5280
5100
5110
1385700
5110
5110
5200
5080
5200
468600
5200
5100
5140
5050
5100
638600
5100
5070
5100
4960
5060
675000
5060
4980
5010
4780
4815
724900
4815
4855
4895
4655
4660
937300
4660
4590
4590
4390
4405
686500
4405
4440
4480
4355
4455
705900
4455
4585
4700
4560
4655
808500
4655
4690
4690
4600
4680
542800
4680
