2133.5
2156
2131
2156
7168800
2156
2170
2173
2159
2170
4755700
2170
2189
2205
2180
2192.5
5566900
2192.5
2190
2199.5
2189
2195
3931900
2195
2197.5
2234.5
2196
2231
5599100
2231
2240
2244.5
2209.5
2227
4931800
2227
2250
2254
2239
2241.5
3573300
2241.5
2223
2229.5
2210.5
2211.5
6163300
2211.5
2208.5
2210
2194
2208
4998300
2208
2230
2230
2177
2182.5
5863300
2182.5
2197
2232
2188
2228.5
5999000
2228.5
2228
2233.5
2214
2233
3622800
2233
2233
2235
2218
2223
3917700
2223
2219
2246
2212
2225
5322400
2225
2220
2234
2210
2229.5
4107200
2229.5
2215
2217.5
2184
2184.5
5402600
2184.5
2183
2205
2175
2197.5
3822000
2197.5
2189
2194.5
2157.5
2163.5
5427100
2163.5
2156.5
2168.5
2137.5
2139
5487400
2139
2140.5
2179
2140.5
2174.5
4320900
2174.5
2197.5
2199
2163.5
2183
7424700
2183
2140
2156
2110.5
2151
8537900
2151
2073.5
2090
2025
2065
13097900
2065
2145
2167.5
2069
2070
8764200
2070
2075
2092
2051.5
2081
6642900
2081
2020
2046.5
2006
2046.5
7231600
2046.5
2072.5
2077
2006
2011.5
5923600
2011.5
2011
2027.5
1985.5
1996
4647500
1996
1990.5
2000
1982
1994.5
4938500
1994.5
2018
2028.5
2002.5
2005.5
3973400
2005.5
2030
2071.5
2022.5
2071
3515600
2071
2058
2066
2038
2063
4208200
2063
2058
2063
2033
2038.5
3645200
2038.5
2014.5
2018
1996.5
2014
4834900
2014
2018.5
2047.5
2015.5
2045
3091100
2045
2060
2074.5
2056.5
2069.5
3496800
2069.5
2088
2116
2082
2090.5
4343000
2090.5
2080
2095.5
2066
2066
5934100
2066
2042.5
2057.5
2032
2051.5
6335900
2051.5
2001.5
2014
1990.5
2002.5
8273100
2002.5
1983
1987
1962
1973.5
4416400
1973.5
1998
2010.5
1977.5
1981.5
4255000
1981.5
1975
1991.5
1969.5
1971
4190800
1971
1984
1988.5
1958.5
1965.5
3186600
1965.5
1972.5
1998
1940
1949.5
6852300
1949.5
1990
2029.5
1988.5
2024
5141200
2024
2004.5
2014.5
1996
2012.5
3395700
2012.5
2003
2019
1997
2004
4059200
2004
1998.5
2021
1988.5
2012
5388900
2012
2013.5
2017
2006.5
2011.5
5660100
2011.5
2017.5
2018
1988
2009
5132200
2009
2000.5
2051
1993
2048.5
5166300
2048.5
2045.5
2082
2043
2065.5
8351300
2065.5
2000
2011.5
1983.5
2004
9622500
2004
1980.5
1989
1965
1988.5
5926800
1988.5
2010
2077.5
1995.5
2075
6771800
2075
2019
2039.5
1996
2039
6076800
2039
2053
2062
2030.5
2051.5
4569100
2051.5
2066
2072
2052.5
2066.5
4437400
2066.5
2063
2083
2051.5
2052
2475300
2052
2025
2060
2015.5
2049
5000400
2049
2039.5
2042
2006.5
2025.5
6481600
2025.5
2035
2057.5
2029.5
2050.5
4003800
2050.5
2059
2074.5
2052.5
2062
4336800
2062
2053.5
2064
2042
2051
3151700
2051
2050
2094.5
2049.5
2088
3801800
2088
2100
2117.5
2098.5
2103.5
4213400
2103.5
2102
2116
2093
2108.5
3925300
2108.5
2120
2132
2108.5
2117
3967000
2117
2117
2118
2101.5
2113
3163900
2113
2113
2118.5
2097.5
2112.5
2397400
2112.5
2120
2125.5
2102
2124
4440600
2124
2140
2167
2140
2150.5
5062700
2150.5
2153
2158
2124
2139.5
4086600
2139.5
2142
2166.5
2138.5
2162.5
3254100
2162.5
2165
2182.5
2152.5
2181.5
3883900
2181.5
2159.5
2195
2157.5
2187
5071400
2187
2185.5
2186
2167
2176
4813300
2176
2185
2197.5
2171
2194
3869900
2194
2185
2200
2178.5
2200
3136900
2200
2200
2229
2050
2144
10956000
2144
2155
2160
2090
2146.5
6117200
2146.5
2120.5
2140.5
2074
2083
7933400
2083
2058.5
2064.5
2025
2033.5
8654300
2033.5
2030
2040
2012
2033.5
5523900
2033.5
2048.5
2052
2022.5
2029
6721000
2029
2029
2039.5
2024
2031
4386000
2031
2033.5
2039
2022
2022
5066100
2022
2025.5
2040
2025
2030
4273700
2030
2044.5
2072.5
2041.5
2069.5
5415700
2069.5
2070
2126.5
2070
2121.5
6895500
2121.5
2123
2142.5
2108.5
2134.5
4670000
2134.5
2138
2161.5
2134.5
2144.5
5168300
2144.5
2131.5
2133
2103
2119
4613500
2119
2119
2125.5
2091.5
2097
3672600
2097
2088
2097
2075.5
2093
3072800
2093
2086
2089
2072.5
2073
2017500
2073
2063.5
2073.5
2048
2060
3288900
2060
2010
2030.5
2005.5
2024.5
4197800
2024.5
2033
2056
2028
2046
11897400
2046
2041
2062.5
2022.5
2054
4105800
2054
2074.5
2114
2074
2105.5
4983000
2105.5
2125
2139.5
2118.5
2135.5
5577300
2135.5
2140.5
2178
2138
2172.5
7126000
2172.5
2183
2200
2182.5
2189
4788300
2189
2171
2190.5
2161
2162.5
4864500
2162.5
2160
2179.5
2144
2161
2861100
2161
2174
2192.5
2159.5
2167
3485800
2167
2168
2175.5
2154
2160.5
2099800
2160.5
2141.5
2147
2127
2127
3842600
2127
2137.5
2140
2122.5
2134.5
3864400
2134.5
2133.5
2133.5
2105
2112
2456500
2112
2101
2119.5
2065
2068.5
4578300
2068.5
2057
2063
2003
2034.5
8090600
2034.5
2025.5
2049
2007.5
2013.5
3787600
2013.5
2000
2013
1987
2004
4339400
2004
2035
2040.5
1998
2005
3001300
2005
2000
2015
1990
2005
3533600
2005
2000.5
2011.5
1971.5
1992.5
4123200
1992.5
1970
1985.5
1967
1979.5
3607800
1979.5
1974.5
2012
1967.5
2007.5
4257200
2007.5
2020
2020
1978
1982
4042900
1982
1988.5
1992
1945
1959.5
5213800
1959.5
1962.5
1992
1955
1983
2918900
1983
1986
1991
1951
1952.5
3699800
1952.5
1961.5
1978.5
1952.5
1967.5
3945900
1967.5
1962.5
1985.5
1953.5
1979
3481000
1979
1998
2023.5
1994
1995.5
3777100
1995.5
1986.5
1989
1951
1955.5
4189700
1955.5
1951
1964.5
1940
1940
3833700
1940
1940
1967.5
1932
1957
4854900
1957
1955
1985.5
1954.5
1970.5
3173600
1970.5
1984
1992.5
1975
1989
2873500
1989
1988.5
2002.5
1976
1981.5
2917200
1981.5
1983.5
1986.5
1953
1967
3431500
1967
1947
1964.5
1943.5
1943.5
3448900
1943.5
1950
1956
1942
1950.5
2346000
1950.5
1950.5
1981
1943.5
1976.5
3412300
1976.5
1993.5
2008
1990.5
2000
3938600
2000
2010
2029.5
1998
2018
3388300
2018
2007
2022
2001
2009
2237700
2009
1997
2004.5
1974.5
1980
4946300
1980
2013
2036.5
2000
2029.5
4128400
2029.5
2024.5
2036
2000.5
2007
4010700
2007
2021
2034.5
1938.5
1955
8175900
1955
1964.5
1985.5
1953
1963
3950600
1963
1958
1981.5
1952
1980.5
2516100
1980.5
2002
2004
1973
1977.5
2912300
1977.5
1971
1980
1962.5
1965.5
2479100
1965.5
1970
1970
1950.5
1951.5
3840600
1951.5
1945
1945.5
1911
1927.5
4352400
1927.5
1928
1938
1918
1936
2929100
1936
1926
1931
1893
1896
4318200
1896
1875
1900
1854
1899
5044700
1899
1903
1922.5
1896
1921.5
3165100
1921.5
1904.5
1915
1891
1897.5
3697400
1897.5
1885
1886.5
1871
1875
4627400
1875
1875.5
1930
1874
1927.5
3979600
1927.5
1931
1938
1916
1919
2097400
1919
1938
1943.5
1917
1919.5
3065300
1919.5
1922.5
1946.5
1917
1944
3784900
1944
1960
1972.5
1952
1954.5
4000700
1954.5
1956
1981
1956
1965
3401200
1965
1975
1975
1942
1945
5376600
1945
1935
1956
1930
1943.5
5261300
1943.5
1940
1951.5
1935
1941
2412300
1941
1942.5
1943
1927
1934
3048100
1934
1937.5
1953
1931
1945.5
4178300
1945.5
1944
1958
1940
1943.5
3178400
1943.5
1945
1952
1928
1943.5
3572200
1943.5
1936
1959.5
1931.5
1950
2967100
1950
1959
1960
1947
1953.5
2886400
1953.5
1955
1955.5
1934
1943.5
4493100
1943.5
1959
1995
1956
1984
4602700
1984
2006
2018
2001
2013
6409300
2013
2001.5
2034.5
1999
2031
5985900
2031
2065
2096.5
2060.5
2092.5
6987300
2092.5
2100
2111.5
2092.5
2105
5437100
2105
2120
2143.5
2117
2138.5
6663800
2138.5
2128
2151
2120
2150.5
6225500
2150.5
2101
2115
2076.5
2104
6303300
2104
2069
2084.5
2054.5
2059.5
6043000
2059.5
2078.5
2110
2070.5
2080
6823000
2080
2082.5
2245
2077
2225
19032900
2225
2271.5
2302.5
2233
2239.5
11997500
2239.5
2244
2266.5
2209
2211
6659700
2211
2234
2268.5
2225.5
2261.5
8016300
2261.5
2250
2291.5
2249.5
2272.5
6144800
2272.5
2246.5
2254
2222.5
2241.5
6561800
2241.5
2236
2250.5
2223
2247.5
4404500
2247.5
2159
2223.5
2159
2187.5
7538000
2187.5
2179
2203
2160.5
2174
6227900
2174
2143
2164
2128.5
2152.5
4176700
2152.5
2141
2180.5
2139.5
2180.5
3840000
2180.5
2195
2197.5
2156.5
2172.5
4796400
2172.5
2175
2191.5
2153.5
2157
3904400
2157
2131
2150
2126.5
2144.5
3913800
2144.5
2131.5
2161
2120
2151
2924600
2151
2140
2140
2087
2087
5069600
2087
2091.5
2108.5
2053.5
2071
6081200
2071
2002
2033.5
1997
2011
6931700
2011
2011
2028
1992.5
2016
4865500
2016
2032.5
2058.5
2030
2045.5
3818300
2045.5
2024
2080
2021.5
2052.5
5926600
2052.5
2063
2095
2058.5
2095
4902300
2095
2102
2108
2054.5
2062.5
3800200
2062.5
2096.5
2118
2030
2099
7319300
2099
2093
2095
2011
2020
6452600
2020
2035
2102
2031
2088
4445800
2088
2071
2082.5
2020
2030
5965700
2030
2072
2093
2063.5
2070.5
3939700
2070.5
2070
2083
2061
2062
3202800
2062
2050
2087
2047.5
2080
2687800
2080
2030.5
2036.5
2005.5
2024
4251600
2024
2010
2029
2007
2015.5
3818700
2015.5
2013
2017
1993
2014
3658400
2014
2031.5
2040.5
2012.5
2017
3603400
2017
2032.5
2064
2018
2024
3269300
2024
2018.5
2055.5
2013.5
2054
3442900
2054
2015
2029
1996
2009
4832600
2009
2026.5
2026.5
2004.5
2021
3719900
2021
2012.5
2035.5
2009
2029.5
4230500
2029.5
2030.5
2037.5
2004.5
2015.5
5481600
2015.5
2010
2015.5
1973
1991.5
7557600
1991.5
2005
2025.5
1995
1995.5
9664900
1995.5
1992
2021.5
1990.5
2016
8211600
2016
2049.5
2075.5
2048
2065
5186200
2065
2068
2073.5
2018
2018
5400800
2018
2000
2067
1999
2065
7885800
2065
2051
2057
2015.5
2022.5
5820200
2022.5
2020.5
2031.5
2010
2027
4175200
2027
2000
2004.5
1968.5
1988.5
5759200
1988.5
1988.5
1993.5
1965.5
1993
5272000
1993
1989
2011.5
1984
2009.5
5251700
2009.5
2020
2032
2007
2013
5000500
2013
2008
2027
1987.5
1996
6181900
1996
1996
2026.5
1993
1996.5
3344200
1996.5
1977.5
1994.5
1965.5
1970.5
4062400
1970.5
1965
1977
1939
1967
4551900
1967
1960
1972.5
1916.5
1923.5
5568800
1923.5
1911
1918.5
1863
1877
6313500
1877
1790
1792
1750
1757
5300400
1757
1772
1794.5
1740
1767
4006200
1767
1847
1870
1830
1865
4288300
1865
1837
1879.5
1833
1867
3934300
1867
