4600
4730
4600
4730
869100
4730
4800
4805
4740
4780
655800
4780
4870
4905
4825
4870
866000
4870
4850
4850
4765
4780
655400
4780
4735
4815
4720
4810
596500
4810
4805
4815
4745
4750
816600
4750
4765
4805
4730
4755
609100
4755
4755
4795
4750
4790
418000
4790
4755
4780
4720
4730
717000
4730
4795
4795
4665
4680
988600
4680
4635
4660
4565
4640
941000
4640
4630
4635
4565
4590
476600
4590
4585
4630
4570
4630
647300
4630
4595
4655
4590
4610
596800
4610
4600
4625
4565
4605
731600
4605
4610
4630
4570
4580
829600
4580
4565
4605
4525
4575
564200
4575
4530
4555
4475
4485
666600
4485
4465
4495
4410
4410
927600
4410
4460
4595
4445
4570
758000
4570
4530
4695
4520
4605
1039800
4605
4470
4485
4330
4355
1096100
4355
4150
4185
4010
4115
1692200
4115
4255
4315
4110
4120
1260400
4120
4100
4145
4080
4110
906300
4110
3970
4020
3945
3995
1344500
3995
4065
4070
3910
3930
1016100
3930
3905
3950
3830
3860
965600
3860
3895
3920
3865
3895
836200
3895
3930
3990
3930
3975
779200
3975
3990
4110
3985
4100
649000
4100
4045
4080
4020
4055
531800
4055
4080
4125
4060
4090
937200
4090
4045
4060
3980
4000
677800
4000
3995
4030
3985
4025
606300
4025
4095
4145
4085
4135
791900
4135
4150
4190
4100
4120
811400
4120
4075
4125
3995
3995
952800
3995
3945
3955
3880
3895
832500
3895
3790
3815
3750
3780
1222100
3780
3775
3775
3705
3730
527000
3730
3770
3810
3730
3740
735700
3740
3725
3725
3655
3695
947800
3695
3730
3735
3660
3685
919200
3685
3720
3810
3685
3705
1511200
3705
3775
3830
3765
3805
471400
3805
3770
3795
3755
3790
455600
3790
3740
3785
3730
3755
535000
3755
3755
3770
3690
3760
680400
3760
3795
3795
3720
3725
972600
3725
3690
3695
3615
3635
741500
3635
3625
3685
3615
3675
753600
3675
3670
3705
3650
3685
798400
3685
3545
3560
3445
3465
1744200
3465
3420
3470
3405
3470
919800
3470
3495
3600
3485
3590
1039200
3590
3490
3535
3465
3535
944300
3535
3570
3605
3510
3545
850400
3545
3575
3615
3545
3605
740500
3605
3585
3625
3565
3565
386800
3565
3505
3530
3470
3515
792100
3515
3515
3540
3500
3510
656500
3510
3550
3610
3530
3585
786000
3585
3595
3635
3590
3610
936300
3610
3580
3595
3545
3580
615000
3580
3555
3635
3545
3620
801200
3620
3645
3695
3630
3645
614600
3645
3645
3650
3585
3595
426500
3595
3640
3685
3620
3670
711500
3670
3700
3715
3655
3695
559000
3695
3685
3710
3645
3670
536200
3670
3670
3725
3650
3715
697200
3715
3760
3835
3750
3790
676800
3790
3820
3840
3780
3795
748200
3795
3825
3855
3805
3835
543500
3835
3870
3905
3840
3895
645400
3895
3870
3885
3825
3885
527300
3885
3945
3955
3880
3915
794800
3915
3985
3985
3825
3935
1340200
3935
3835
4060
3835
4045
922500
4045
4100
4120
4040
4115
947600
4115
4125
4125
4000
4060
603600
4060
4030
4085
4030
4060
779900
4060
4035
4040
3935
3935
1121300
3935
3945
4080
3935
4065
766200
4065
4065
4100
4050
4085
642400
4085
4070
4105
4045
4095
454600
4095
4120
4130
4085
4090
479500
4090
4105
4115
4040
4055
522700
4055
4100
4165
4075
4150
607500
4150
4150
4155
4115
4140
534900
4140
4135
4150
4110
4130
355300
4130
4170
4170
4135
4155
352000
4155
4110
4135
4030
4035
698200
4035
4055
4060
3945
3960
613800
3960
3945
4000
3910
3925
543000
3925
3880
3895
3780
3790
631800
3790
3800
3825
3755
3785
463800
3785
3685
3725
3680
3695
669600
3695
3735
3775
3700
3760
913200
3760
3715
3785
3705
3765
586800
3765
3885
3915
3855
3885
626700
3885
3890
3910
3850
3890
548200
3890
3890
3945
3870
3925
571600
3925
3965
4030
3965
4015
649100
4015
4025
4060
3985
3995
1082000
3995
3990
4015
3945
3985
294900
3985
4015
4040
3970
3995
488200
3995
3990
4030
3985
4020
394900
4020
3975
3990
3915
3915
619200
3915
3955
3960
3905
3940
686900
3940
3910
3920
3890
3910
320200
3910
3880
3925
3815
3815
586500
3815
3825
3845
3755
3835
667500
3835
3795
3835
3770
3790
575800
3790
3750
3755
3715
3745
484100
3745
3770
3780
3725
3735
570400
3735
3680
3730
3630
3720
728900
3720
3715
3750
3645
3700
633000
3700
3680
3700
3645
3670
723800
3670
3665
3720
3625
3710
744500
3710
3685
3715
3600
3605
539000
3605
3625
3640
3535
3575
641100
3575
3570
3635
3540
3575
573500
3575
3595
3605
3525
3545
632600
3545
3565
3660
3560
3650
606900
3650
3635
3670
3610
3660
392600
3660
3715
3750
3705
3710
605200
3710
3685
3705
3580
3640
595700
3640
3660
3685
3645
3650
572600
3650
3695
3735
3670
3710
690900
3710
3720
3785
3710
3755
470000
3755
3790
3795
3740
3760
412500
3760
3790
3820
3765
3790
362000
3790
3820
3825
3725
3750
714200
3750
3710
3740
3680
3690
464900
3690
3750
3785
3720
3750
378900
3750
3785
3825
3750
3765
392100
3765
3805
3835
3790
3835
394500
3835
3850
3890
3820
3885
524700
3885
3850
3875
3830
3845
340800
3845
3840
3870
3785
3805
721100
3805
3750
3880
3715
3860
1039600
3860
3875
3920
3830
3850
629200
3850
3860
3880
3835
3845
610800
3845
3840
3900
3840
3850
555900
3850
3835
3905
3825
3900
335400
3900
3880
3920
3865
3875
511600
3875
3855
3855
3810
3825
437900
3825
3845
3845
3745
3755
699600
3755
3740
3740
3610
3620
701900
3620
3670
3720
3640
3720
594200
3720
3750
3775
3680
3705
396500
3705
3645
3685
3605
3675
525800
3675
3685
3725
3675
3710
367400
3710
3710
3720
3685
3705
387000
3705
3675
3680
3615
3660
508800
3660
3705
3780
3695
3780
399100
3780
3805
3810
3745
3750
372000
3750
3790
3790
3735
3760
333500
3760
3775
3800
3765
3795
352000
3795
3850
3880
3810
3815
520700
3815
3835
3850
3790
3830
492000
3830
3880
3880
3800
3805
475000
3805
3780
3825
3760
3790
537500
3790
3795
3800
3755
3760
318400
3760
3765
3765
3710
3730
362100
3730
3720
3740
3690
3720
444800
3720
3735
3755
3700
3710
439200
3710
3685
3695
3635
3665
494200
3665
3665
3710
3655
3670
492000
3670
3665
3720
3665
3690
523700
3690
3700
3715
3650
3690
361000
3690
3730
3805
3725
3795
468900
3795
3875
3885
3845
3880
1253800
3880
3880
4000
3865
3970
859900
3970
4075
4165
4045
4090
981500
4090
4130
4135
4080
4105
912700
4105
4135
4230
4110
4195
1515100
4195
4195
4200
4160
4200
1124800
4200
4160
4200
4115
4195
1097100
4195
4160
4215
4155
4185
932000
4185
4230
4305
4195
4290
1138700
4290
4320
4360
4275
4335
717500
4335
4380
4440
4370
4390
1004800
4390
4365
4395
4290
4325
700400
4325
4395
4405
4360
4390
891800
4390
4345
4425
4335
4400
740400
4400
4380
4385
4325
4370
691600
4370
4385
4410
4335
4380
696000
4380
4225
4230
4095
4125
1046700
4125
4055
4155
4055
4155
1161200
4155
4095
4130
4050
4115
790700
4115
4095
4200
4090
4195
694800
4195
4195
4235
4150
4175
626100
4175
4165
4190
4140
4140
468600
4140
4070
4110
4020
4110
583600
4110
4090
4160
4055
4125
465800
4125
4065
4065
3980
3990
667800
3990
4040
4040
3945
4000
655500
4000
3905
3910
3820
3835
680500
3835
3860
3900
3805
3870
747800
3870
3915
3990
3905
3950
578700
3950
3940
4035
3920
3995
759300
3995
4020
4115
3975
4085
848600
4085
3980
4040
3870
3890
869600
3890
3925
4010
3880
4000
1136600
4000
3970
3985
3890
3905
641900
3905
3965
4075
3905
4075
673300
4075
4095
4125
3935
3955
801000
3955
4060
4085
4035
4055
537000
4055
4060
4080
4000
4030
646300
4030
3990
4055
3955
4050
319300
4050
3945
3965
3855
3925
545400
3925
3895
3950
3885
3930
445300
3930
3900
3965
3885
3955
378800
3955
3945
3970
3920
3925
376500
3925
3925
3970
3920
3965
372300
3965
3945
4015
3925
4010
356700
4010
3870
3900
3820
3870
508400
3870
3885
3890
3760
3770
845000
3770
3730
3820
3710
3800
558900
3800
3850
3910
3830
3875
543500
3875
3880
3885
3820
3875
454000
3875
3910
3940
3890
3910
346100
3910
3910
3970
3905
3920
943100
3920
3945
3975
3925
3935
643900
3935
3915
3935
3775
3775
644400
3775
3725
3765
3690
3750
566700
3750
3715
3730
3645
3685
781100
3685
3700
3710
3650
3695
520900
3695
3645
3670
3625
3660
638800
3660
3660
3670
3555
3565
701300
3565
3600
3660
3590
3640
1241200
3640
3665
3705
3640
3685
613100
3685
3630
3690
3520
3525
1698600
3525
3525
3565
3460
3465
827200
3465
3440
3475
3420
3435
650000
3435
3435
3440
3365
3395
498800
3395
3365
3390
3240
3260
909200
3260
3275
3285
3155
3165
994900
3165
3065
3110
3050
3080
1031800
3080
3105
3150
3020
3080
822900
3080
3195
3250
3170
3220
967100
3220
3195
3265
3180
3245
581300
3245
