1935.5
1988.5
1931.5
1988.5
6014000
1988.5
1993
2006
1980
1992.5
4287600
1992.5
2016
2043.5
1997.5
2005.5
5534600
2005.5
2001
2013
1998
2004
3758900
2004
1995
2019.5
1992.5
2019.5
3454700
2019.5
2018.5
2020
1988
2000
4484900
2000
2020
2033
2010.5
2021
2707200
2021
2019.5
2019.5
1994
1995.5
3052100
1995.5
1984
1988.5
1968
1972
3421200
1972
1987.5
1987.5
1934.5
1940
5013500
1940
1949
1974
1938
1973
3624400
1973
1965
1968
1931
1941
3335600
1941
1946
1958.5
1939.5
1947
2598100
1947
1935
1954
1934
1939.5
3198100
1939.5
1930
1966.5
1930
1963
4114000
1963
1956
1958.5
1925.5
1928
4652100
1928
1920.5
1956.5
1912.5
1953
3372500
1953
1944.5
1952
1923
1929.5
4060600
1929.5
1908
1921.5
1878
1879
6104600
1879
1899
1932.5
1894
1929.5
3812100
1929.5
1921
1939.5
1904.5
1935.5
3654700
1935.5
1880.5
1911
1878.5
1905
4728400
1905
1831
1838
1778.5
1818
8161000
1818
1874.5
1897
1801.5
1802.5
6947800
1802.5
1805
1882.5
1804.5
1808.5
9315200
1808.5
1753
1830
1747
1820
8107700
1820
1830
1836
1793.5
1801.5
6157800
1801.5
1788
1803
1768
1776.5
4344700
1776.5
1788.5
1797
1772
1776
3266300
1776
1788
1795
1767.5
1770
5579500
1770
1792
1851
1785
1847
4124900
1847
1826.5
1828.5
1805
1822
3311400
1822
1829.5
1841
1818.5
1828.5
4418600
1828.5
1818
1835
1812
1831.5
4264000
1831.5
1848
1879
1837.5
1876.5
4659300
1876.5
1902
1910.5
1893.5
1906
4202300
1906
1916
1934
1907.5
1916
4434100
1916
1892
1924.5
1888
1889
3946300
1889
1870
1873
1850.5
1859.5
4230800
1859.5
1834.5
1843.5
1815
1818.5
5098600
1818.5
1799
1807
1787
1793.5
2602000
1793.5
1817.5
1830
1804
1806
3190400
1806
1800
1811.5
1791
1794
3023500
1794
1791.5
1797
1761
1771
4041900
1771
1780
1803
1757.5
1768
6012300
1768
1803.5
1832.5
1797.5
1830
3690500
1830
1821
1829
1795.5
1806
3695100
1806
1787.5
1805
1782.5
1791
3403500
1791
1780
1791
1762
1789
3337000
1789
1790.5
1790.5
1779.5
1780.5
3469000
1780.5
1771.5
1776
1751
1768
3197800
1768
1758
1786.5
1754.5
1785
3070300
1785
1780.5
1795.5
1770.5
1785
4270400
1785
1740
1745
1722.5
1731
5516700
1731
1720
1731
1706
1731
3972000
1731
1751
1788
1739
1788
5165200
1788
1734
1754.5
1721.5
1753.5
5380600
1753.5
1774
1780
1744
1759
3245000
1759
1781.5
1792
1772
1791
3120800
1791
1785
1796
1779
1779
2119000
1779
1760
1772.5
1747.5
1770.5
2697900
1770.5
1784
1786.5
1768.5
1775.5
2894700
1775.5
1781
1796.5
1774.5
1788
3595200
1788
1782.5
1804
1778
1794.5
3508500
1794.5
1784.5
1793.5
1768.5
1787
2425600
1787
1778
1819.5
1777
1811
3164900
1811
1827
1844
1821
1838
3834800
1838
1840
1841.5
1821.5
1824.5
3418500
1824.5
1836
1850
1833
1844.5
3094400
1844.5
1840
1854
1836
1851
2323500
1851
1847
1854.5
1839.5
1851.5
2799500
1851.5
1855
1861
1844.5
1858
3184100
1858
1876
1894
1873
1881.5
4565700
1881.5
1885
1918.5
1885
1914
3984400
1914
1908.5
1948
1906
1938
3292700
1938
1944
1962.5
1932.5
1962
3318000
1962
1947.5
1966
1946
1959.5
2614200
1959.5
1962
1962.5
1939.5
1951
2898700
1951
1960.5
1969.5
1941
1969.5
4117200
1969.5
1963
1978.5
1954
1976
2714900
1976
1972.5
1977
1952
1963
2442300
1963
1962
1963
1912
1929
3883500
1929
1924
1996
1911
1995.5
8172600
1995.5
1995
1999.5
1947
1948.5
5299900
1948.5
1941.5
1953
1925.5
1925.5
3486400
1925.5
1925.5
1937
1917
1926.5
3808700
1926.5
1923
1926.5
1911
1922.5
2701200
1922.5
1919
1946.5
1918
1941
2585200
1941
1937.5
1939
1927.5
1932
3055100
1932
1946
1957
1935
1956
2987100
1956
1960
1968
1954.5
1967.5
2849800
1967.5
1965
1969
1946.5
1967.5
2209400
1967.5
1967.5
1976.5
1960
1971.5
1670700
1971.5
1946
1949
1923
1924.5
4965800
1924.5
1924.5
1935
1907.5
1909.5
2791700
1909.5
1901
1910.5
1891.5
1896.5
2815600
1896.5
1883.5
1887.5
1858
1863
3071800
1863
1859.5
1868.5
1844
1853.5
2231600
1853.5
1829
1832.5
1810
1813
3624700
1813
1829
1843
1815
1827.5
8822700
1827.5
1812
1842
1805.5
1832
3312800
1832
1853.5
1887
1852
1884.5
2680000
1884.5
1885
1885.5
1865.5
1868.5
2652400
1868.5
1884
1910.5
1883.5
1906
3847200
1906
1920.5
1930
1916
1930
2853500
1930
1916.5
1939.5
1910
1911
4047100
1911
1908
1923.5
1892.5
1911.5
1815700
1911.5
1923
1925
1903
1905.5
2291600
1905.5
1910
1921.5
1903.5
1909.5
1836400
1909.5
1903
1908.5
1890
1899
3032200
1899
1911
1911.5
1894.5
1910
3885300
1910
1901
1904.5
1881
1890.5
2487300
1890.5
1894.5
1911.5
1874
1881.5
4207500
1881.5
1877.5
1878
1826.5
1854
3391200
1854
1845
1858
1828.5
1831
3132700
1831
1810
1831.5
1806
1826.5
3247300
1826.5
1830.5
1842.5
1812
1814
3050800
1814
1801
1813
1788.5
1806.5
3869700
1806.5
1830
1833.5
1790.5
1808.5
3887900
1808.5
1803.5
1820.5
1799
1815.5
3221200
1815.5
1806
1821
1792
1820
3361500
1820
1814
1830
1793.5
1795.5
2577700
1795.5
1801
1804
1772.5
1789
4222500
1789
1796.5
1828
1796.5
1822.5
3266900
1822.5
1821
1825
1778
1785.5
4640300
1785.5
1794.5
1823.5
1789
1815.5
3649600
1815.5
1815
1826
1805.5
1823.5
1985600
1823.5
1840
1863
1839
1841
3805100
1841
1838
1842.5
1821.5
1837.5
3733000
1837.5
1834
1839.5
1821
1821
2633900
1821
1830.5
1840
1820.5
1836.5
2383900
1836.5
1835.5
1864.5
1830.5
1849.5
3434100
1849.5
1868
1869
1850.5
1851
2027400
1851
1860
1879.5
1854.5
1867.5
2616600
1867.5
1863
1863
1821.5
1828
3482800
1828
1808
1818
1798
1799
4108500
1799
1799
1805.5
1794
1799
3327700
1799
1806.5
1835.5
1805
1835
3526500
1835
1849
1853
1843
1851.5
2694300
1851.5
1865.5
1884.5
1859.5
1874
3560600
1874
1865
1879.5
1863.5
1869
2183700
1869
1851.5
1861
1832
1835
4038700
1835
1848.5
1880
1843.5
1877
2895300
1877
1861
1874.5
1849
1858
3765300
1858
1856.5
1897
1853.5
1884
5856100
1884
1892
1904
1862
1864.5
3251800
1864.5
1861.5
1877
1849.5
1876.5
2521700
1876.5
1896.5
1897.5
1877.5
1879.5
3173500
1879.5
1873.5
1878.5
1860.5
1873.5
2217500
1873.5
1877.5
1878
1837
1840.5
3516700
1840.5
1832
1839
1800.5
1803.5
3098800
1803.5
1815
1821.5
1804
1814.5
3274200
1814.5
1820
1830
1797
1802
2980900
1802
1787
1800.5
1775
1798.5
3155100
1798.5
1815
1821
1811
1817.5
3216100
1817.5
1818
1820
1801.5
1806.5
2594600
1806.5
1802
1805.5
1791
1794
3494100
1794
1796
1822
1794.5
1822
3213200
1822
1827.5
1828
1804.5
1809.5
2515300
1809.5
1825
1832
1814
1817.5
2014100
1817.5
1820
1834
1816
1831
2374100
1831
1840.5
1849.5
1825.5
1825.5
3451800
1825.5
1826
1839
1819
1832
2898300
1832
1838
1839
1805.5
1807.5
4341500
1807.5
1805.5
1813
1797.5
1803.5
3464600
1803.5
1800.5
1801.5
1781
1787
3626100
1787
1786
1786.5
1765.5
1771
4395300
1771
1770
1780
1766.5
1773.5
3724400
1773.5
1778.5
1783.5
1767
1768.5
2863000
1768.5
1766
1775.5
1748
1766.5
4506900
1766.5
1757
1770.5
1754.5
1760
3477200
1760
1763.5
1769.5
1750
1756
4428700
1756
1763
1764.5
1741
1757
4088500
1757
1760
1793
1755
1793
4486400
1793
1798.5
1812.5
1794.5
1812.5
5888100
1812.5
1817.5
1863.5
1815.5
1856
6461500
1856
1880
1888
1875.5
1876.5
5083700
1876.5
1883.5
1886
1873
1875.5
4786600
1875.5
1885
1928.5
1885
1922.5
8220700
1922.5
1923
1948.5
1920
1947
6860400
1947
1911
1923.5
1889
1906.5
6130800
1906.5
1881
1903.5
1873.5
1876.5
5507100
1876.5
1891
1909
1881.5
1894.5
4709800
1894.5
1900
1911.5
1886
1908.5
3697500
1908.5
1925
1945
1925
1930.5
5621900
1930.5
1918.5
1926
1891.5
1905.5
4660500
1905.5
1923
1928
1913
1917.5
4611300
1917.5
1902.5
1929.5
1902.5
1916
5012100
1916
1904.5
1914
1885.5
1904.5
5554200
1904.5
1918.5
1925
1901.5
1909
4295800
1909
1847.5
1857
1824
1831.5
6108500
1831.5
1830
1840.5
1810.5
1822
6149000
1822
1816
1820.5
1792.5
1796
4029900
1796
1794
1799.5
1786
1797.5
4360300
1797.5
1811.5
1815.5
1794.5
1808
3923400
1808
1808
1813
1778
1779
3900800
1779
1764
1770
1754
1767
4094600
1767
1757
1786.5
1747
1785.5
5003500
1785.5
1770.5
1771
1724.5
1725
5624200
1725
1744
1752.5
1710.5
1725
4792500
1725
1681
1691
1670
1674
6229400
1674
1700
1705.5
1658.5
1670.5
5799300
1670.5
1676
1694.5
1671
1679.5
3460100
1679.5
1680
1710
1679
1702
9479200
1702
1717
1720
1702.5
1713.5
4356200
1713.5
1718.5
1719.5
1685
1691
5626400
1691
1691
1731.5
1685.5
1730
5987600
1730
1715
1723
1704.5
1712.5
4303400
1712.5
1724
1765
1721.5
1758
3546200
1758
1751.5
1769.5
1727
1736.5
4223100
1736.5
1767
1773
1759
1763.5
3798300
1763.5
1762
1768.5
1756
1759
3203000
1759
1759
1783.5
1756.5
1782
3332000
1782
1752
1753
1718
1738.5
3700600
1738.5
1718
1742.5
1716
1735
2964600
1735
1736
1737
1716.5
1731
3321800
1731
1734
1751.5
1731
1747.5
4332600
1747.5
1745
1747
1721.5
1734
2935300
1734
1716
1750
1712.5
1750
3191700
1750
1710
1710.5
1676.5
1694.5
5560800
1694.5
1700
1703.5
1689
1693.5
2639200
1693.5
1693.5
1719.5
1688.5
1719.5
3475600
1719.5
1711
1731.5
1708.5
1724.5
3451100
1724.5
1722.5
1727.5
1698.5
1717
2685100
1717
1734.5
1744
1730
1732.5
2044000
1732.5
1731
1752.5
1728
1743.5
5281400
1743.5
1765
1787.5
1759.5
1774
3951300
1774
1790
1796
1723.5
1726.5
5731300
1726.5
1700.5
1710
1692.5
1703.5
4414800
1703.5
1688.5
1689.5
1656
1664.5
4906200
1664.5
1672.5
1682.5
1665.5
1678
3806600
1678
1650
1667
1645
1658.5
3818000
1658.5
1660.5
1661.5
1629
1636
4376600
1636
1644
1671.5
1637.5
1667
4763800
1667
1687
1708.5
1684
1687.5
4077200
1687.5
1670
1689
1665
1673
5312000
1673
1665
1691.5
1663
1665.5
2742100
1665.5
1646
1660.5
1638.5
1638.5
3623000
1638.5
1637
1637.5
1612.5
1613.5
4153800
1613.5
1606.5
1613.5
1565
1573
5305700
1573
1576
1581.5
1537.5
1547.5
6393300
1547.5
1489.5
1494.5
1460
1465
4803200
1465
1474
1499
1464.5
1487.5
3846100
1487.5
1546.5
1569.5
1527.5
1560.5
4162300
1560.5
1543
1576
1536
1561.5
3201100
1561.5
