2063
2102
2062
2102
1489900
2102
2112
2112
2045
2086
1849000
2086
2098
2108
2067
2074
1773800
2074
2074
2083
2061
2063
1261100
2063
2066
2075
2042
2074
1023400
2074
2074
2079
2052
2061
1216900
2061
2061
2087
2058
2084
1083000
2084
2077
2089
2068
2077
742200
2077
2063
2064
2039
2051
1027800
2051
2084
2093
2034
2037
1704800
2037
2036
2055
2031
2048
1210300
2048
2044
2053
2019
2039
1026200
2039
2039
2061
2034
2058
1031200
2058
2050
2105
2048
2094
1358300
2094
2084
2090
2037
2038
1212600
2038
2046
2058
2033
2042
1131000
2042
2040
2053
2029
2032
905100
2032
2024
2031
1999
2012
1126700
2012
2000
2009
1984
1986
1517500
1986
1984
2025
1974
2021
1296900
2021
2021
2103
2011
2089
2298700
2089
2052
2052
1973
1980
1594000
1980
1900
1900
1823
1872
2324200
1872
1909
2003
1909
1912
2397400
1912
1959
1984
1943
1975
1658200
1975
1895
1928
1887
1912
2099800
1912
1920
1946
1885
1888
1401500
1888
1888
1908
1867
1895
1457800
1895
1939
1947
1913
1938
1017800
1938
1950
1973
1943
1952
877700
1952
1967
2007
1957
2004
831000
2004
2001
2024
1987
2018
839000
2018
2015
2041
2002
2012
1222000
2012
2009
2025
1994
2017
1057500
2017
2026
2033
2012
2024
806000
2024
2024
2055
2020
2042
863300
2042
2057
2057
2027
2052
932200
2052
2042
2075
2040
2061
1282900
2061
2058
2058
2003
2014
1210700
2014
1964
1965
1912
1945
1922400
1945
1931
1978
1931
1957
858800
1957
1983
2026
1972
2014
1161700
2014
2002
2021
1988
1999
1296600
1999
2017
2017
1971
1978
1303600
1978
1989
2019
1952
1957
1896800
1957
1982
2001
1973
1994
973900
1994
1993
1997
1979
1997
869900
1997
1980
1989
1936
1951
1315000
1951
2050
2103
2041
2095
2806900
2095
2094
2142
2086
2102
1978900
2102
2097
2099
2030
2060
1207500
2060
2030
2033
1992
2005
1307400
2005
1982
2015
1969
2013
1688200
2013
1972
2026
1970
1982
2268500
1982
1960
1978
1926
1978
1930500
1978
2008
2050
1996
2050
1433400
2050
2008
2074
1996
2071
1818000
2071
2099
2122
2089
2120
2091900
2120
2140
2170
2122
2168
1352300
2168
2164
2211
2163
2179
1421300
2179
2149
2216
2143
2209
1576700
2209
2220
2269
2212
2260
1512600
2260
2300
2312
2268
2273
1363800
2273
2278
2315
2269
2283
1435900
2283
2285
2320
2279
2313
1255600
2313
2267
2298
2255
2266
1656700
2266
2264
2280
2176
2183
1801900
2183
2167
2192
2159
2183
1147100
2183
2197
2197
2159
2170
977500
2170
2174
2195
2167
2180
671600
2180
2178
2193
2164
2181
859400
2181
2182
2248
2182
2236
1110900
2236
2256
2274
2240
2244
1246200
2244
2248
2284
2241
2258
714700
2258
2243
2252
2232
2237
786000
2237
2243
2245
2224
2234
863900
2234
2209
2251
2202
2236
708600
2236
2240
2243
2216
2234
805700
2234
2244
2282
2236
2275
1044200
2275
2288
2321
2278
2315
1026700
2315
2340
2343
2288
2314
1161800
2314
2314
2329
2303
2316
1101100
2316
2297
2300
2237
2243
1294000
2243
2243
2246
2220
2235
979500
2235
2235
2250
2219
2242
987800
2242
2301
2390
2293
2369
2402000
2369
2346
2351
2295
2311
1347700
2311
2295
2304
2275
2297
1135400
2297
2297
2316
2277
2281
936800
2281
2281
2284
2253
2256
863700
2256
2225
2225
2183
2210
1710700
2210
2230
2244
2213
2235
1296300
2235
2240
2258
2227
2249
1052100
2249
2217
2254
2214
2246
1068500
2246
2260
2270
2217
2248
1292600
2248
2248
2259
2233
2237
614300
2237
2261
2280
2243
2247
899200
2247
2238
2238
2205
2214
779400
2214
2181
2214
2178
2181
1048000
2181
2206
2243
2198
2211
1335200
2211
2190
2218
2177
2195
837400
2195
2223
2243
2214
2219
812900
2219
2250
2250
2221
2238
713600
2238
2250
2270
2241
2264
758500
2264
2279
2280
2256
2274
848700
2274
2324
2356
2298
2319
2740100
2319
2331
2359
2324
2352
994500
2352
2369
2422
2357
2392
1607600
2392
2389
2421
2376
2405
886300
2405
2405
2413
2360
2361
1310500
2361
2393
2419
2380
2400
1884600
2400
2405
2411
2374
2379
1099400
2379
2355
2362
2314
2318
1721400
2318
2308
2350
2307
2335
1211900
2335
2310
2333
2308
2318
1111900
2318
2315
2328
2303
2321
608100
2321
2337
2354
2328
2339
1300300
2339
2380
2383
2334
2346
1673600
2346
2348
2354
2314
2350
1248400
2350
2359
2359
2319
2335
2100000
2335
2350
2355
2315
2334
1300100
2334
2326
2327
2204
2209
1318200
2209
2222
2247
2171
2191
1312500
2191
2170
2212
2169
2204
1004900
2204
2205
2211
2149
2170
1104100
2170
2194
2220
2182
2201
1213800
2201
2191
2198
2171
2177
821100
2177
2172
2187
2150
2159
1491300
2159
2139
2169
2127
2137
1066500
2137
2134
2163
2120
2147
915300
2147
2178
2181
2143
2157
1301000
2157
2179
2211
2179
2205
983200
2205
2237
2254
2225
2230
1150900
2230
2242
2251
2213
2217
1153400
2217
2221
2229
2195
2224
804200
2224
2225
2238
2223
2234
706100
2234
2254
2256
2223
2226
603600
2226
2240
2246
2225
2229
555600
2229
2245
2247
2219
2235
795700
2235
2229
2252
2226
2244
768800
2244
2230
2239
2196
2231
834300
2231
2222
2237
2189
2216
1598500
2216
2210
2244
2208
2239
888200
2239
2225
2259
2213
2231
597500
2231
2234
2244
2221
2227
571800
2227
2236
2276
2236
2272
509500
2272
2272
2300
2261
2297
672300
2297
2312
2350
2308
2319
1069200
2319
2329
2345
2285
2293
1032700
2293
2353
2430
2290
2321
2113900
2321
2321
2361
2309
2344
1182800
2344
2360
2378
2340
2371
1048500
2371
2364
2370
2334
2339
1054400
2339
2320
2320
2256
2284
1395600
2284
2292
2348
2286
2344
1103500
2344
2344
2352
2336
2344
665800
2344
2345
2382
2336
2375
988900
2375
2382
2413
2378
2410
774200
2410
2410
2446
2396
2441
888000
2441
2441
2454
2422
2426
1051100
2426
2438
2452
2424
2445
918500
2445
2445
2470
2433
2456
1075500
2456
2452
2456
2413
2417
1250200
2417
2435
2453
2416
2440
2794300
2440
2449
2459
2428
2455
1531800
2455
2479
2495
2473
2490
803300
2490
2490
2495
2466
2482
1011200
2482
2470
2475
2451
2459
915800
2459
2441
2442
2418
2435
900900
2435
2435
2488
2435
2483
1154600
2483
2483
2509
2465
2500
973800
2500
2524
2554
2518
2546
1180300
2546
2500
2596
2487
2578
1330400
2578
2572
2632
2566
2624
1020000
2624
2643
2653
2553
2569
1988000
2569
2588
2694
2588
2677
2336100
2677
2710
2730
2683
2690
1365400
2690
2690
2691
2640
2669
1610700
2669
2690
2703
2664
2689
1970800
2689
2671
2711
2658
2698
1139800
2698
2688
2746
2687
2746
1039900
2746
2791
2848
2777
2782
1731100
2782
2821
2861
2793
2804
1703200
2804
2794
2794
2701
2736
2006300
2736
2681
2688
2611
2628
3671400
2628
2652
2690
2640
2673
1749600
2673
2642
2655
2547
2557
2222000
2557
2513
2531
2463
2463
2798700
2463
2383
2469
2373
2455
2793000
2455
2485
2558
2473
2552
2369700
2552
2481
2530
2462
2520
1861500
2520
2470
2515
2443
2483
1553100
2483
2501
2523
2485
2487
1261100
2487
2479
2504
2453
2503
1228600
2503
2553
2592
2527
2585
1498300
2585
2580
2624
2571
2618
1303100
2618
2579
2596
2335
2460
3864500
2460
2445
2539
2428
2494
1729300
2494
2484
2487
2403
2426
1583000
2426
2453
2479
2414
2465
1328300
2465
2402
2448
2384
2426
1539400
2426
2436
2453
2412
2429
1464300
2429
2407
2447
2401
2424
1196000
2424
2406
2441
2389
2423
2463700
2423
2403
2435
2389
2430
1579700
2430
2414
2489
2393
2469
1360300
2469
2457
2467
2398
2437
1455000
2437
2423
2442
2377
2378
1272500
2378
2385
2483
2372
2461
1277300
2461
2467
2489
2411
2421
1489100
2421
2445
2489
2437
2459
1069600
2459
2700
2700
2591
2632
2607000
2632
2632
2697
2632
2692
1516100
2692
2662
2664
2574
2608
1183500
2608
2600
2612
2496
2510
1439700
2510
2500
2578
2491
2569
1135200
2569
2569
2595
2516
2537
894300
2537
2488
2514
2443
2466
1221900
2466
2464
2486
2425
2434
1110900
2434
2373
2394
2331
2349
1247700
2349
2372
2426
2367
2419
981900
2419
2439
2461
2407
2420
891900
2420
2451
2478
2423
2460
1031400
2460
2483
2507
2471
2479
1082900
2479
2503
2510
2452
2461
936900
2461
2479
2496
2443
2447
1210500
2447
2459
2502
2432
2490
872100
2490
2523
2538
2436
2441
896500
2441
2400
2418
2373
2388
1010900
2388
2381
2404
2336
2355
971600
2355
2338
2385
2302
2380
1307500
2380
2328
2339
2281
2292
868200
2292
2279
2303
2269
2280
1057500
2280
2308
2325
2284
2317
1091600
2317
2308
2330
2278
2300
1053700
2300
2280
2327
2264
2287
1625800
2287
2299
2306
2246
2297
928000
2297
2276
2276
2224
2255
1455600
2255
2232
2252
2209
2246
1286600
2246
2217
2242
2173
2181
923600
2181
2183
2192
2126
2144
1094500
2144
2077
2094
2033
2084
1056900
2084
2107
2164
2099
2140
1116300
2140
2190
2228
2151
2197
1878300
2197
2179
2186
2118
2133
1276400
2133
