1965
2002
1957
2002
1292100
2002
2015
2033
2015
2033
1181800
2033
2049
2064
2034
2063
1893600
2063
2078
2102
2061
2069
1577600
2069
2067
2093
2066
2081
1361200
2081
2077
2091
2044
2052
1308000
2052
2068
2091
2053
2057
1246400
2057
2051
2059
2026
2030
965500
2030
2006
2007
1989
1994
1191800
1994
2017
2024
1974
1974
1259400
1974
1964
1979
1944
1952
1699600
1952
1966
1978
1958
1969
774800
1969
1978
2006
1973
2002
919100
2002
1985
1987
1922
1950
2062800
1950
1935
1943
1911
1939
1445700
1939
1942
1947
1920
1922
1029800
1922
1922
1947
1906
1934
1151000
1934
1923
1931
1913
1925
1404300
1925
1925
1940
1898
1901
1303900
1901
1844
1865
1802
1831
5360100
1831
1843
1846
1788
1801
3164200
1801
1770
1799
1756
1764
1797200
1764
1711
1714
1657
1705
2304400
1705
1741
1758
1692
1694
2857600
1694
1693
1731
1683
1724
2562900
1724
1677
1682
1656
1679
2025200
1679
1706
1727
1695
1699
2065800
1699
1704
1721
1696
1706
2467000
1706
1720
1741
1706
1706
1499000
1706
1706
1719
1692
1703
1399000
1703
1717
1762
1712
1755
1076800
1755
1755
1755
1722
1741
953500
1741
1714
1714
1679
1683
2292600
1683
1667
1679
1656
1674
2019300
1674
1676
1702
1670
1699
1240800
1699
1705
1718
1703
1711
1005400
1711
1722
1726
1711
1718
1171600
1718
1714
1717
1691
1696
1421500
1696
1687
1687
1651
1665
1947400
1665
1645
1652
1630
1650
1818400
1650
1648
1665
1641
1660
1315300
1660
1681
1689
1648
1652
1646800
1652
1644
1651
1626
1639
1916400
1639
1700
1720
1680
1688
2627700
1688
1701
1708
1670
1679
1693800
1679
1703
1709
1692
1707
1454200
1707
1696
1712
1689
1712
946900
1712
1697
1704
1687
1693
1634200
1693
1685
1687
1660
1668
1451900
1668
1680
1680
1666
1667
1052500
1667
1659
1672
1656
1667
930700
1667
1666
1688
1665
1672
994600
1672
1660
1660
1622
1640
1757700
1640
1620
1635
1604
1612
1780800
1612
1586
1589
1569
1589
1458100
1589
1607
1644
1605
1640
1612500
1640
1621
1640
1599
1639
1068200
1639
1655
1665
1621
1637
1062200
1637
1647
1659
1629
1636
797300
1636
1634
1651
1604
1605
793400
1605
1598
1598
1575
1590
1316100
1590
1598
1601
1585
1596
869700
1596
1608
1646
1604
1634
1140200
1634
1630
1638
1615
1617
889300
1617
1621
1646
1612
1641
961500
1641
1630
1654
1615
1645
1051800
1645
1650
1658
1643
1643
421500
1643
1652
1658
1645
1655
776500
1655
1669
1696
1666
1684
972200
1684
1683
1705
1679
1689
880500
1689
1673
1675
1636
1640
1117500
1640
1630
1644
1621
1627
987700
1627
1630
1668
1623
1647
1117700
1647
1666
1668
1641
1653
1037500
1653
1638
1675
1638
1659
1407800
1659
1670
1696
1652
1685
1797800
1685
1680
1713
1675
1703
2002400
1703
1711
1736
1693
1716
1713100
1716
1716
1723
1702
1708
1203100
1708
1688
1688
1660
1668
862000
1668
1667
1683
1658
1673
606900
1673
1680
1685
1664
1681
627400
1681
1693
1717
1681
1705
896200
1705
1707
1741
1696
1739
1538700
1739
1741
1752
1730
1742
1316400
1742
1741
1830
1724
1822
3157000
1822
1839
1858
1800
1806
1975400
1806
1836
1846
1809
1812
1168100
1812
1798
1843
1792
1838
1425000
1838
1840
1880
1837
1841
1683700
1841
1849
1860
1836
1852
1147200
1852
1842
1849
1826
1828
1322900
1828
1843
1846
1825
1830
1318800
1830
1822
1828
1807
1808
1424600
1808
1792
1793
1773
1782
1194900
1782
1781
1793
1773
1780
1068500
1780
1775
1795
1768
1793
713600
1793
1798
1799
1761
1766
742300
1766
1730
1743
1712
1726
1134200
1726
1749
1755
1716
1720
1411000
1720
1705
1736
1699
1720
1587300
1720
1740
1777
1720
1761
1314300
1761
1761
1769
1743
1763
1051100
1763
1755
1765
1740
1745
810400
1745
1769
1779
1754
1757
900300
1757
1745
1755
1733
1738
1654900
1738
1740
1756
1720
1746
927700
1746
1769
1784
1759
1768
1422400
1768
1761
1783
1752
1777
705600
1777
1775
1805
1756
1782
1281600
1782
1781
1797
1758
1759
1406900
1759
1749
1753
1716
1720
993600
1720
1720
1735
1713
1713
985900
1713
1707
1717
1688
1711
1060200
1711
1711
1714
1675
1675
970600
1675
1660
1695
1645
1694
1345700
1694
1709
1714
1681
1697
925000
1697
1676
1740
1675
1731
1065300
1731
1729
1731
1708
1711
1032600
1711
1689
1702
1679
1689
1539100
1689
1702
1711
1686
1706
757300
1706
1698
1706
1653
1672
1266800
1672
1683
1689
1662
1679
1073100
1679
1653
1675
1653
1665
904300
1665
1658
1660
1637
1651
870600
1651
1663
1682
1656
1662
1218700
1662
1668
1688
1668
1677
863100
1677
1692
1717
1689
1692
1261500
1692
1671
1690
1658
1685
1041400
1685
1697
1702
1677
1685
713900
1685
1699
1700
1667
1669
897300
1669
1668
1719
1664
1695
1198000
1695
1707
1719
1704
1710
618200
1710
1717
1721
1706
1707
682200
1707
1700
1718
1694
1709
892700
1709
1735
1777
1735
1764
1567300
1764
1766
1797
1764
1782
1642900
1782
1782
1813
1773
1796
1101200
1796
1814
1824
1808
1818
1012800
1818
1819
1837
1817
1827
844700
1827
1827
1848
1813
1817
1697500
1817
1812
1827
1755
1759
3065100
1759
1782
1823
1754
1817
1915600
1817
1767
1786
1714
1725
3662100
1725
1725
1726
1688
1691
2126100
1691
1671
1687
1652
1679
1441800
1679
1678
1705
1673
1696
1676000
1696
1690
1711
1684
1701
1268500
1701
1691
1693
1667
1673
1114000
1673
1662
1663
1635
1642
1483000
1642
1625
1625
1605
1617
1335600
1617
1617
1629
1604
1626
845000
1626
1637
1643
1609
1618
751000
1618
1598
1645
1581
1643
1765900
1643
1649
1686
1645
1676
1271900
1676
1659
1683
1658
1680
717400
1680
1658
1675
1651
1669
664400
1669
1668
1686
1658
1676
744000
1676
1668
1679
1661
1666
803200
1666
1675
1684
1672
1672
483000
1672
1677
1702
1674
1694
737000
1694
1711
1724
1702
1708
1061100
1708
1722
1733
1720
1721
1124800
1721
1736
1741
1716
1722
1126900
1722
1694
1707
1686
1706
1555300
1706
1698
1721
1690
1695
963800
1695
1703
1703
1680
1681
933800
1681
1679
1683
1659
1671
1152300
1671
1671
1689
1668
1668
865900
1668
1650
1660
1645
1655
941100
1655
1648
1662
1642
1652
825200
1652
1648
1661
1643
1658
698000
1658
1653
1658
1634
1638
790700
1638
1644
1673
1638
1665
893900
1665
1665
1677
1654
1664
1468800
1664
1678
1729
1676
1725
886500
1725
1742
1772
1734
1767
1455900
1767
1785
1830
1782
1824
1473000
1824
1826
1846
1819
1844
1120300
1844
1843
1862
1843
1861
960900
1861
1859
1865
1840
1849
879300
1849
1849
1865
1838
1848
725900
1848
1856
1875
1842
1857
1039600
1857
1853
1855
1830
1839
726200
1839
1851
1864
1835
1841
824400
1841
1827
1844
1793
1799
1196300
1799
1830
1848
1823
1837
977300
1837
1834
1880
1832
1870
1176500
1870
1862
1868
1808
1818
1306100
1818
1830
1854
1810
1844
1115600
1844
1779
1813
1766
1771
1191500
1771
1739
1765
1734
1760
963100
1760
1735
1743
1715
1721
775000
1721
1717
1737
1717
1734
963100
1734
1769
1775
1737
1746
803300
1746
1763
1774
1747
1754
770700
1754
1725
1748
1718
1747
796600
1747
1719
1748
1718
1741
737400
1741
1722
1732
1693
1698
811400
1698
1703
1707
1658
1672
792800
1672
1622
1646
1607
1628
928800
1628
1626
1652
1616
1642
1066200
1642
1649
1658
1631
1647
901600
1647
1634
1678
1631
1675
1848000
1675
1680
1723
1665
1721
1205400
1721
1725
1763
1719
1755
890200
1755
1753
1779
1748
1777
995900
1777
1774
1786
1752
1752
816100
1752
1755
1784
1753
1776
548000
1776
1785
1789
1750
1757
1185200
1757
1774
1793
1769
1773
798300
1773
1762
1799
1759
1775
1272200
1775
1758
1775
1746
1762
902500
1762
1722
1722
1687
1702
1261500
1702
1722
1731
1699
1709
925700
1709
1685
1685
1622
1627
1393900
1627
1624
1647
1597
1645
1696600
1645
1624
1627
1592
1605
1374900
1605
1598
1615
1584
1595
1050900
1595
1571
1580
1555
1580
930000
1580
1576
1613
1568
1613
1154700
1613
1580
1590
1571
1588
862800
1588
1596
1613
1595
1606
732400
1606
1606
1617
1584
1592
843500
1592
1594
1617
1580
1586
1335600
1586
1589
1595
1558
1558
1737300
1558
1583
1606
1573
1581
1591100
1581
1558
1576
1536
1541
1256900
1541
1507
1529
1507
1527
1121700
1527
1512
1523
1502
1515
825000
1515
1518
1529
1505
1516
968200
1516
1501
1508
1485
1496
1207100
1496
1485
1491
1437
1450
1288300
1450
1433
1467
1433
1446
1562000
1446
1455
1455
1433
1439
1281100
1439
1426
1430
1375
1390
1836600
1390
1404
1416
1394
1397
954500
1397
1392
1414
1388
1402
1198400
1402
1400
1412
1385
1389
1002900
1389
1372
1392
1358
1370
1295900
1370
1352
1362
1320
1323
1331700
1323
1248
1278
1238
1265
1030900
1265
1267
1295
1258
1276
791100
1276
1336
1343
1311
1323
993900
1323
1296
1336
1276
1309
1444100
1309
