841.5
847.3
838.5
847.1
81329100
847.1
857.9
870
857.9
866.8
98933500
866.8
876
877.3
859.3
863.4
72297900
863.4
871
880.8
870.2
876.8
79009900
876.8
880
883
872.5
881.9
72964800
881.9
880.3
881.8
872
873.1
70705300
873.1
884
893
879.6
888.8
74018900
888.8
893
894.4
885.7
889.3
57019700
889.3
880
885.7
873.3
880.9
68383400
880.9
890.9
892
873.1
873.3
82881400
873.3
882.4
886.3
877.5
880.7
60658300
880.7
884.9
886.8
875.4
878.9
45863100
878.9
879
886.9
872.1
886.8
68502600
886.8
880.9
882.5
863
868.1
78301600
868.1
857.1
863
850
853.3
84490200
853.3
855.9
857.2
840.8
840.9
69823300
840.9
835.9
851.6
831.1
846
64926200
846
852.4
853.5
835.3
839.1
64132100
839.1
830.1
840.3
820.8
820.8
78224100
820.8
834.9
860.7
832.2
857
107660900
857
858.8
861
837.7
845.4
87055900
845.4
822
826.4
813.5
820.9
105771100
820.9
780
790.9
770.2
790.6
144517800
790.6
815
816.8
791.6
792
109807100
792
799.6
804.9
788.1
800.6
74104500
800.6
774
784.4
772.2
778.8
91861600
778.8
789.4
789.8
765
767.4
94359500
767.4
771.4
774
759
759.1
68891900
759.1
775
782.5
772.3
772.9
66683200
772.9
777.6
783.8
773.9
776.5
49933600
776.5
783.5
794.8
782.4
793.6
58503400
793.6
787.7
789.9
775
784.6
53865000
784.6
784.6
785
768.8
769.1
60470100
769.1
762
766.6
756.5
764.6
56499100
764.6
759
766.1
757.4
765.4
47580100
765.4
773.3
776.6
766.6
769.6
45788800
769.6
774.9
780.6
772
779.2
69317500
779.2
773.4
775.3
762.3
762.3
60220800
762.3
753.9
754.3
742.5
746.4
74672700
746.4
730
737
727.8
736.3
72159500
736.3
727
732.8
723
727.1
52308200
727.1
741
744.5
728.3
730.2
57994100
730.2
723
726.5
715.2
715.7
78487400
715.7
725.1
728.5
716.8
719.9
48683600
719.9
726
730.7
714.5
717.1
88037200
717.1
728
733.4
726
732.2
55868600
732.2
727.1
737.8
725.7
737.7
52691900
737.7
728
732.8
727
731.3
51424600
731.3
725.6
727.8
720.5
723.9
47988500
723.9
724.5
725.1
716.4
717
57976800
717
712.8
713.6
703.6
706.3
68201000
706.3
703
713
702.2
710.1
53663800
710.1
700
712.2
698.9
711.1
49723600
711.1
691
694.5
683.4
685.6
91878900
685.6
675.6
688.1
674.6
687.9
63748500
687.9
699.9
710.3
697.1
710.3
74245800
710.3
692
702.9
684.7
702.4
62294500
702.4
706.2
707.9
690.6
696.3
56648100
696.3
700
705.4
694.4
697
45401600
697
698.8
704.2
691.3
691.4
42347200
691.4
686.9
696.2
683.2
694.4
41452700
694.4
691
691.9
680.5
686.6
58054900
686.6
691.6
706.2
688.1
699.7
77603800
699.7
696
700.6
691.8
692.8
58243600
692.8
692.1
703.6
691.1
702
40170300
702
696
708.3
693.5
704.4
46298800
704.4
709
713.3
704.7
707.2
38393000
707.2
707
708.1
697.3
698.1
46851900
698.1
706
720.7
705.1
715.4
71456100
715.4
714.3
718.5
707.2
712.5
43219300
712.5
709
711
703.1
705.2
40463700
705.2
700.1
706.2
698.1
705.5
56254200
705.5
708.7
730
707.8
714.4
79902500
714.4
719
725
714.2
716.3
62119600
716.3
725
734.6
724.2
730.4
65230800
730.4
745
750.9
738.6
748.5
82250500
748.5
742.7
750.5
740
750.3
66625500
750.3
755.2
755.7
741.2
745.7
61688700
745.7
740
745.2
730.8
733.2
65845500
733.2
728
728.1
710.5
711.6
89831200
711.6
712
714.8
707
710.2
50192400
710.2
712.6
713
703.7
709
41711600
709
710.8
720.6
709
715
48832900
715
714
718.9
708.3
716.8
48623800
716.8
723.9
725.4
716.8
719
39559300
719
720
723.6
715.7
723
45608600
723
720.5
727
719.3
724.7
36020700
724.7
735
741.3
731
737.1
61991300
737.1
716.7
721.2
698
719.7
121082000
719.7
727
745
723.6
728.5
101288900
728.5
728.5
730.9
721.2
723.5
55128500
723.5
721.3
726.4
720
720.3
44345400
720.3
719
719
711
718.6
51028700
718.6
712.5
718.5
710
713
54137100
713
701.8
702.9
697
699.3
71873600
699.3
694.5
697.4
690.1
692.4
59213200
692.4
690
693.8
686.7
693
39963400
693
688
688.6
682.5
684.3
49339000
684.3
664
666.2
658.6
661
105771300
661
663
664.2
655.7
655.8
99519000
655.8
656.6
674.3
654.4
666.2
88944000
666.2
675
685.3
670.5
682.5
75033200
682.5
685
685.3
675.4
680.1
43955200
680.1
675.1
679.7
671.1
672.9
57744500
672.9
684.5
689.9
680.4
682.3
62401100
682.3
676.4
682.9
675.7
676.5
62647100
676.5
674.2
682.6
672.1
676.7
43171000
676.7
682.5
684
675
675.3
44149000
675.3
675
679.5
673.5
676.5
38140400
676.5
670
680.4
663.1
670
78968200
670
670
671.2
656
658.7
94064200
658.7
652.7
658.8
649.3
653.2
48406500
653.2
649.6
653
640
640.3
76465500
640.3
638.4
640.6
625.2
637.1
73221100
637.1
633
633.4
622.5
623.1
89856500
623.1
614
626
607.6
625.3
94957900
625.3
627.9
633
623.7
625
52671400
625
621.6
636
618.7
631
61487700
631
630.3
633.7
622.2
631
49875700
631
633.1
635.9
629.2
630.2
54366100
630.2
633.1
633.1
625.1
631.1
52247100
631.1
626.1
631.2
620.6
621.6
44892600
621.6
619.8
622.9
615
621
51705100
621
616.2
625.4
616
621.3
40377500
621.3
616.9
618
610.4
615.6
55514000
615.6
618.8
625.5
617.6
618.6
45981500
618.6
620.6
631.5
619.7
628.7
42663900
628.7
643.9
649.3
636.5
636.5
72170100
636.5
626.5
633.8
622.5
632.9
51289100
632.9
639
641.5
632.4
634
39642900
634
640
642.8
635.5
638.3
51130400
638.3
645
660.7
642.2
656.4
92387800
656.4
659
659.8
651.3
653.7
43357100
653.7
659.9
664.6
655.6
663.1
67625100
663.1
658.7
667.2
658
662.6
60125900
662.6
689
697.2
682.8
686.7
136413300
686.7
695.1
697
687
690.5
76983700
690.5
686.2
693.4
685.5
687.6
55244700
687.6
693
695.7
687.6
689.8
55793200
689.8
688
699.2
688
692
76572500
692
693.9
706.4
692.3
703.2
86783000
703.2
706.4
718.5
683.6
689.4
172490500
689.4
694.4
709.8
684
706
97490200
706
708.9
714.2
700
702.5
69172600
702.5
707
707
693.1
693.1
61167600
693.1
685
689.5
674.5
677.2
76507600
677.2
677
680.8
667.4
673.1
51513500
673.1
677
686.2
675.2
680
45205900
680
675
679.4
671.9
676.7
36616100
676.7
673.6
676.5
668.8
669.5
43991600
669.5
654
655.2
646.6
650.9
71709700
650.9
651.1
656.5
647
653.7
40081500
653.7
660
660.7
644.2
650.3
46418500
650.3
641.6
665
641
658.5
62764000
658.5
665
673.6
662.2
671
48420800
671
665.6
674.8
665.3
673.2
33478800
673.2
668
674.2
666.4
668.1
36184800
668.1
666.9
671.2
663.1
670.3
35954600
670.3
669.5
672
665.5
668.1
28955800
668.1
670.4
672.2
667.2
668.6
24841700
668.6
670
673.9
668.1
671.8
29986400
671.8
677
684.9
672.9
674.2
44536900
674.2
679.1
687.5
679.1
685.7
46306900
685.7
690
690.8
678.2
683.3
63290100
683.3
673.3
675
670.3
670.8
47625100
670.8
668
674.1
665.7
668
33632200
668
673.9
674.6
668.1
670.7
35288700
670.7
669.5
670.6
663.6
667.2
42165200
667.2
667.4
672.9
665.6
670.3
39545700
670.3
667.5
669.7
663.1
668.2
36857100
668.2
666
676.6
664.3
672.4
42459500
672.4
672.4
676.8
670.7
674.8
36685600
674.8
673.5
674.2
664.5
666
43975500
666
666.1
680
665.2
674
45413800
674
677
684.4
676.5
680.6
76002600
680.6
678
697
677.9
692.4
66797000
692.4
699.4
707.4
699
702.7
62346800
702.7
713
724
713
714.1
105002100
714.1
724.5
725.9
717.1
722.1
87766900
722.1
723.1
728.5
720.1
727.7
75964000
727.7
723.7
726.6
712
716.3
61901600
716.3
710.5
711.9
702.8
705.2
62255800
705.2
715
722.3
709
709.1
73560100
709.1
705.1
713.5
705.1
713.5
44054700
713.5
717
723.7
711.6
714
53317100
714
710.7
714
701.9
701.9
49936700
701.9
724
727.5
719
723.9
106779700
723.9
731
735.9
727
732.7
86804200
732.7
735.6
740.9
716.6
724.3
84384300
724.3
727.2
731.9
724.7
727.6
49418200
727.6
697
707.5
692.2
694.1
107352600
694.1
687
688
677.4
685.6
85555400
685.6
679
679.8
667
672
66503000
672
672
680.4
672
679.1
55412000
679.1
690
695.7
685.2
689.8
61173900
689.8
695
699
690.1
692.2
48975700
692.2
682.9
688.6
681.5
686.6
46368000
686.6
682
692.5
681.9
688.2
37890200
688.2
680.4
684.1
670.7
671.7
63776700
671.7
678.9
679
657
664.1
63796700
664.1
644.9
652.5
640.1
650.2
72419500
650.2
660
661.3
644.1
653.1
64694900
653.1
658.5
661
645.6
649.2
44474500
649.2
652.9
666.3
651.8
663.8
72870500
663.8
664
685
663.2
684.8
83101900
684.8
683.9
684.5
673.5
680.8
53760200
680.8
680.8
681.8
668.6
679.7
61139500
679.7
675.1
679.1
673.4
673.7
55818500
673.7
675
682.4
674.5
677.4
46306400
677.4
679
691.6
668.7
673.5
69491700
673.5
685
694.9
682
684.8
64726800
684.8
682
691.1
681.5
685.4
41507400
685.4
680.4
682.3
675.1
680
37775100
680
667
668.6
658
666.5
69924700
666.5
673.7
680.8
670.7
676.3
77825500
676.3
668.2
668.4
648.6
654.9
109753800
654.9
657
658.4
649.4
651.8
67247600
651.8
650
653.8
630
639.4
97730200
639.4
632.1
649
628.6
638.7
62238700
638.7
628.7
638.5
625.5
635.8
58915400
635.8
620
629.2
614.4
626.7
96165700
626.7
614
622.3
608.3
620.2
77453600
620.2
627.7
634.3
625.3
631.3
75331600
631.3
630
634.3
621
624.4
85056400
624.4
629.9
635
627
628.2
50788100
628.2
626.2
627.7
620.2
624.5
66686000
624.5
630.2
637.4
626.7
630
53574700
630
623
626.1
614
616.3
84668900
616.3
600.9
612.3
598
610.9
73984500
610.9
605
610.1
601.1
604.5
63949700
604.5
604.5
605
596.5
602.2
70605800
602.2
591
599.1
590.1
596.5
59379600
596.5
591.3
593.3
580
584.6
69899200
584.6
584.6
592.5
583.7
587.2
56443400
587.2
590
597.6
587
591.4
51893500
591.4
585.2
588.2
579.4
583.1
82183200
583.1
583.6
591.1
582.1
583.9
41150100
583.9
580
580.4
573.8
575.4
57565300
575.4
570
572.9
565.8
568.3
55036900
568.3
563.3
566.8
551.9
554.4
70479800
554.4
546.4
549
537
542.1
87530600
542.1
519
523.2
516.7
520.1
75145700
520.1
523.7
528.8
514.7
520.2
58663700
520.2
547
548.9
535.7
538
73631400
538
529.6
541.7
528.4
537.9
49814300
537.9
