686.5
696.6
685.9
696.6
17552500
696.6
709
714.9
704.8
711.2
20372800
711.2
717
725.5
709.1
712.6
16745300
712.6
720
729
719.4
724.9
21125300
724.9
730
734.4
717.6
723.6
20934100
723.6
724
726.7
713.4
716.4
17128700
716.4
726
734.3
723.6
731
14243500
731
730
734
725.6
732.3
11176300
732.3
720.8
720.9
713
713.7
18292200
713.7
720
722
698.8
699.3
16956400
699.3
705
717.5
703.7
709
14734600
709
711.9
719.1
708.2
710.3
9371700
710.3
713.1
721.8
708.5
721.2
10716100
721.2
710.6
711.4
694.5
701.7
16499800
701.7
691.8
700.5
688
694.3
12641000
694.3
695
695.7
680.3
680.7
15188300
680.7
677.7
690.9
675.2
681.8
11648800
681.8
684.3
685.3
673.7
675.3
12118800
675.3
669.8
675.6
657
657.3
15786700
657.3
673.6
683.3
667
676.1
18938600
676.1
679.7
683
658.6
665.4
19362200
665.4
653.2
656.9
641
653.4
15752800
653.4
628.7
635.4
618.5
634.9
21409500
634.9
654.9
657.7
630.8
630.9
16902600
630.9
632.4
637.5
626.8
632.3
14558200
632.3
612.5
621.1
609
617.2
18224900
617.2
625.5
626.2
607.2
608.6
12894100
608.6
609.3
614.8
600.9
602.2
10110800
602.2
620
626.4
614.5
618.5
13729900
618.5
622
628.3
620.5
621.6
9022400
621.6
629
635.7
625.9
633.7
7805900
633.7
631
631
618.5
625.9
6932200
625.9
625
625.1
616.7
618.9
8120100
618.9
617
618.7
609.2
616.9
8320600
616.9
615.8
622.7
611.2
621.2
6348900
621.2
625
627.3
620.4
622.6
6371100
622.6
632
632.4
619.1
624.2
8317900
624.2
621.1
623.4
612
612
11583600
612
603
603.3
590.1
593.2
20361300
593.2
583.2
589.9
582.4
587.4
12785000
587.4
581.8
587
577.4
586.4
10919200
586.4
593.7
600.5
588
588.2
10586200
588.2
584.6
593.6
583.5
585.4
12847100
585.4
590.3
591.4
580.5
584.5
9378100
584.5
587.7
591.2
577.1
578.1
17087600
578.1
587
595.1
584.1
593
9770000
593
587.1
595.4
583.8
594.9
11040500
594.9
589.3
596.3
588.1
593.3
9712700
593.3
592.1
593.7
582.5
586
11745400
586
591
592.4
581.7
582.6
14378600
582.6
580.1
582.8
576.3
579.5
8202000
579.5
575.9
583.7
573.7
580.4
8992500
580.4
575.2
582.3
570.4
581.7
11885800
581.7
570
570.1
561.3
564.1
12914400
564.1
554.1
565.2
553.9
564.5
11949000
564.5
570.2
576.4
567.1
576.2
12164000
576.2
561.5
569.5
554.8
568.8
11102800
568.8
574.2
575.7
558
564.9
10268100
564.9
566.4
568.4
559.3
562
8764200
562
561.5
567.5
557.4
557.5
6349600
557.5
551
555
545.1
553.8
12363000
553.8
550
552.2
544.2
550.8
11384200
550.8
551.4
562.9
549.4
558.2
14065900
558.2
554.9
559.4
552.8
557
9769100
557
556.5
569.3
556.2
566.8
10506900
566.8
564.9
572.8
559.6
570.4
10325700
570.4
575.4
584.3
575
575.7
13141500
575.7
574
577.1
569.7
575.3
10356500
575.3
582.3
595.3
581.7
592.4
15028500
592.4
593
598.9
590.8
593.6
9743900
593.6
590.4
590.7
583.8
584.1
8837000
584.1
582
586.3
578.3
584.5
9478400
584.5
587.3
593.2
585.1
586.6
9049200
586.6
586.2
591.2
583
587.5
10119200
587.5
593.7
614.2
592.5
607.1
19008100
607.1
615
627.9
615
626.3
19531600
626.3
621
630.7
620
629.3
11063000
629.3
630.3
636.1
623.2
626.6
9579900
626.6
625
626.5
618.4
622.6
11038200
622.6
616.2
617.7
606.3
610.9
10618700
610.9
615
615
606.2
608.5
5812500
608.5
610.5
611.6
599.7
607.6
7320200
607.6
603.3
616.8
602.9
611.4
7589400
611.4
609.9
615.7
605.3
615.2
8166200
615.2
622.2
624.9
617.4
619
6616200
619
616
623
614.2
622.4
6227800
622.4
624.6
627
618.8
622.5
6948700
622.5
628.5
639.9
628.5
635
11199100
635
633.5
643
632.1
641.3
11722900
641.3
645.9
653.2
645.8
649.2
10710400
649.2
652.5
655.3
645.5
646.2
8558900
646.2
644
646.8
641
642.1
7062000
642.1
637
638
629.7
636.9
10458300
636.9
632.8
637.8
627
631.6
9679700
631.6
625.2
628.7
619.3
622.7
8998800
622.7
625.3
630.7
620.1
623
10023700
623
619.8
620.4
614.8
619.6
5780100
619.6
617
618.5
612.5
614.7
5890100
614.7
601.7
605.7
599
604
11362000
604
611
612.7
605.3
606.9
19539300
606.9
604.9
629.2
603.2
623.7
15418300
623.7
633.7
641.6
622.6
639.2
13531300
639.2
639.2
640.4
630.8
634.5
8747900
634.5
634
641.6
633.5
640.2
10454700
640.2
647.2
649.5
638.3
640.4
11120900
640.4
635
640.3
633.5
634.6
14790800
634.6
629.3
636.7
624.7
634.2
8320700
634.2
639.3
639.3
629.2
629.6
7459000
629.6
630
643.4
626.4
641
11677100
641
640.9
664
636.2
657
19424600
657
656.6
659.1
649.6
653.1
14416400
653.1
651.6
651.7
627.6
629.5
14361000
629.5
623
627.5
614.8
615.3
13361700
615.3
615
615.3
601.1
611.1
15981700
611.1
603.9
605
589.2
591.6
20078800
591.6
581.6
584.1
571.3
582.9
18938300
582.9
585.7
589
582.7
586.4
8345900
586.4
581.2
595
580.2
590.8
9817400
590.8
586.2
589.1
579.7
588.2
7881700
588.2
590.8
594.6
583.6
585.4
8707000
585.4
591.7
594.5
584.2
592.6
9252100
592.6
588.8
591.7
580.9
582.3
5599000
582.3
582.9
584
575
581.1
7519800
581.1
575.9
581.9
575.5
575.9
5275500
575.9
571
572.9
566.2
569.8
7034400
569.8
573.1
583.7
571
580.3
9355500
580.3
585
591
581.2
587.8
6802700
587.8
597.8
602.4
593
593
8646600
593
585.9
594.4
584.7
592.9
8143200
592.9
598.9
603.9
593.6
602
9701700
602
603.2
606.5
598.4
598.8
10467000
598.8
597
612.9
596
607.3
11117100
607.3
607.3
608.8
599.6
600.1
8298800
600.1
601.5
608.8
601.1
602.4
13145900
602.4
597.7
603.3
595.6
600
8457600
600
630
642.8
629.2
641.1
28256300
641.1
650
663.9
640.7
645.4
22460900
645.4
646.8
656.3
644.7
650
12655200
650
650.2
662.5
649.1
659.3
14925200
659.3
655
661.3
654.5
656
12928800
656
661
669
659.6
667.1
17183500
667.1
671.6
674.9
635.9
635.9
31397600
635.9
641
643.6
617.7
635.9
31458400
635.9
642.6
653.6
636.1
639
22679500
639
637.4
639.5
617.2
618.2
15725600
618.2
611.6
621.6
609.6
615.5
11134600
615.5
625
625.3
611.9
614.7
9333500
614.7
616.7
625.5
615.9
624.8
9288900
624.8
615.2
620.8
615.1
617
7213300
617
619.2
621.2
612.2
614.8
8268700
614.8
607
609.3
601.2
604.8
11171300
604.8
605
607.5
600.4
603
8495100
603
610.6
612.2
600
604.3
7367800
604.3
597.9
607.6
592.3
606.5
8136200
606.5
606.6
623.9
606.6
619
9426100
619
613.1
615.6
609.8
614.2
6770300
614.2
610.1
615.5
608.9
612
6596600
612
612.9
628.7
612.6
624.4
12385300
624.4
621.3
624.8
618.1
621
8595200
621
625
628.5
622.5
625.1
6859800
625.1
627.5
635.5
624.1
634.3
7674100
634.3
638.5
644.5
633.8
634
6939200
634
637
647.3
635.8
644
10013000
644
644
646.6
637.4
640.1
6712400
640.1
630.8
632.4
627.6
629.9
11125200
629.9
625
630.6
619
620.7
8238000
620.7
618.2
619.1
612.3
613.2
7670000
613.2
614.1
614.6
603.7
604
11934100
604
604
607.4
601
603.6
8792000
603.6
601
602.5
595.1
600.1
12046000
600.1
600.9
608
598.2
605.6
9800300
605.6
602.5
604.6
598.8
603
8083200
603
603
604.9
594
594.9
13009700
594.9
595
604.9
593.8
601.8
7391100
601.8
603.6
611.5
601.9
610.2
13667200
610.2
609.1
621.5
608.8
619.2
14677100
619.2
624.9
628.8
618.7
624.3
17136700
624.3
632.5
643.1
629.2
640.4
17333200
640.4
645
657.1
644
651.5
19507100
651.5
652.6
668.7
652.4
658
14475800
658
648
649.6
639.4
646.2
11452200
646.2
641.6
642.6
635.1
636.8
9771800
636.8
641
648.9
638
638.3
10480100
638.3
641
642
630.1
632.8
9361000
632.8
635
637
629.4
631.2
8851100
631.2
629.4
636.7
620.3
621.9
10849800
621.9
639
642.4
633.7
639.6
14902400
639.6
645.1
655.8
645.1
652.9
17337300
652.9
647.1
648.5
631.3
636.9
16153300
636.9
644
652.6
640.6
648.6
12324200
648.6
619
644.7
614.4
618.2
21714000
618.2
612
613.7
605.1
611.9
12979800
611.9
603.7
604.3
590.5
596.8
13917300
596.8
595
599.7
590.2
598.2
9420800
598.2
608.7
611.2
604.3
607.2
12053200
607.2
616
619.2
609.2
611.5
12243000
611.5
601.8
613.3
601.5
613
11580200
613
609.6
617.3
608.7
613.8
6174900
613.8
608.7
611.7
600.9
603.5
9678500
603.5
605
605.6
585.4
588.2
15622100
588.2
575
583
570.1
578.6
13742600
578.6
587.3
587.6
577.9
584.1
9532000
584.1
589.8
591.4
579
579.8
9623600
579.8
579.6
589
579.3
585.9
10462100
585.9
589
596.3
585.8
595
15814900
595
601.9
607.4
594.2
605.9
14753700
605.9
613
614.5
600.8
609
10279100
609
606.7
611.7
605.4
605.6
6209000
605.6
606.2
617.1
606.2
614.1
7437400
614.1
613
622.9
604.2
607.2
11735600
607.2
616.4
624.6
610.7
619.1
10987200
619.1
615.6
625.7
615.6
617.6
9865900
617.6
610
615.7
604.4
611
10322100
611
596.4
597.2
588.6
595.5
12984200
595.5
598.9
604.1
597.6
599
9701700
599
589.5
589.5
577.5
581.4
15795800
581.4
579.3
583.1
574.7
575.3
12039900
575.3
575
580
570
574.5
9235300
574.5
571.4
581.3
567.3
578
8406600
578
571.4
579.3
571.1
578
8462300
578
577
580.7
570.1
580
8538400
580
571.1
577.2
566.4
576.4
10934000
576.4
584.2
590.9
582.6
588.7
16881800
588.7
591.7
601.5
588
594.7
16406200
594.7
597.8
607.3
596.8
600.4
11119000
600.4
602.2
606.1
597.8
601.9
27064700
601.9
609
615.7
606.5
610.3
8870800
610.3
606.1
606.6
588.1
590.4
14272800
590.4
579.5
583.2
573.3
579.5
12468100
579.5
574.2
577.8
567.7
569.7
9847400
569.7
569.8
571.7
562
565.3
11724300
565.3
564.8
565.2
559.4
561.2
9530700
561.2
557.7
558.1
546
555
10624300
555
560.2
567.5
559.6
561.6
11128000
561.6
567.2
571.8
564.8
565.6
10983200
565.6
561
561.6
546.3
552.1
19860200
552.1
562.1
565.6
553.8
555
9025500
555
546
551
543.3
547.7
11186900
547.7
542.8
545
537.6
542.3
9364800
542.3
535.7
542.6
531.9
536.8
11592500
536.8
537.8
540.9
522.4
528.2
14021900
528.2
508.2
513.6
504.1
512.5
11408600
512.5
514.2
518.5
506.5
513
10027900
513
535
541
527
529.7
10432500
529.7
522.6
533.6
519.7
528.7
8091400
528.7
