4565
4632
4562
4632
1888000
4632
4661
4717
4654
4681
1592800
4681
4727
4745
4667
4697
1249100
4697
4697
4722
4654
4691
2316300
4691
4723
4730
4657
4709
2017900
4709
4692
4699
4611
4650
1946800
4650
4696
4772
4688
4712
1363500
4712
4724
4726
4694
4723
1602600
4723
4702
4736
4658
4716
1883900
4716
4753
4759
4663
4664
1700900
4664
4698
4723
4671
4701
1118800
4701
4741
4779
4725
4755
1252900
4755
4768
4821
4744
4803
1372500
4803
4775
4781
4713
4751
1022900
4751
4694
4712
4651
4662
1413400
4662
4651
4662
4601
4621
1142600
4621
4598
4622
4546
4586
1307700
4586
4619
4638
4537
4578
1609100
4578
4566
4610
4526
4527
1395900
4527
4624
4778
4624
4736
2911200
4736
4703
4785
4685
4700
1702700
4700
4690
4720
4600
4627
1647500
4627
4487
4506
4336
4466
2551500
4466
4589
4643
4451
4453
1639200
4453
4469
4480
4409
4450
1316800
4450
4314
4360
4299
4360
1359400
4360
4412
4419
4278
4294
1574700
4294
4335
4352
4276
4289
939800
4289
4355
4375
4315
4318
808100
4318
4330
4394
4325
4362
915800
4362
4418
4458
4387
4444
996200
4444
4410
4431
4368
4412
927900
4412
4412
4413
4335
4358
1080100
4358
4341
4355
4301
4346
879600
4346
4295
4353
4280
4346
1195100
4346
4380
4417
4363
4371
798400
4371
4371
4417
4364
4397
1100100
4397
4395
4402
4318
4331
1245000
4331
4343
4347
4294
4320
1858100
4320
4250
4282
4225
4268
1520100
4268
4235
4298
4208
4291
1187800
4291
4345
4367
4305
4315
1177500
4315
4292
4393
4291
4331
1680600
4331
4374
4379
4322
4343
1703100
4343
4416
4466
4349
4362
2369700
4362
4432
4438
4381
4413
1632400
4413
4396
4455
4391
4454
1235600
4454
4438
4469
4433
4457
1383900
4457
4439
4452
4412
4429
1045000
4429
4439
4473
4428
4455
1378300
4455
4452
4461
4389
4410
1263100
4410
4409
4515
4407
4498
1802500
4498
4450
4452
4364
4408
1827400
4408
4271
4297
4248
4270
1687000
4270
4200
4242
4172
4242
1792000
4242
4298
4344
4278
4337
1719300
4337
4245
4320
4227
4315
1365600
4315
4348
4369
4269
4303
1465700
4303
4331
4344
4289
4307
796500
4307
4307
4335
4273
4275
485900
4275
4228
4246
4196
4232
1247600
4232
4215
4257
4194
4234
1150400
4234
4257
4346
4247
4316
1195000
4316
4281
4333
4280
4303
795200
4303
4300
4375
4287
4360
981800
4360
4341
4398
4326
4380
981300
4380
4398
4422
4369
4392
1047800
4392
4410
4457
4404
4423
1184400
4423
4472
4528
4470
4502
1471700
4502
4502
4529
4466
4484
1013100
4484
4465
4507
4457
4473
820100
4473
4468
4502
4460
4496
828500
4496
4511
4547
4460
4467
869400
4467
4520
4523
4469
4497
868200
4497
4539
4605
4539
4578
1158800
4578
4625
4688
4624
4674
1335100
4674
4659
4745
4659
4716
1231400
4716
4720
4735
4669
4695
1229700
4695
4700
4712
4608
4646
1159200
4646
4605
4630
4563
4609
1107900
4609
4630
4648
4592
4625
821600
4625
4635
4647
4584
4646
822200
4646
4599
4686
4594
4643
1520800
4643
4637
4701
4628
4678
1119600
4678
4697
4716
4672
4681
920900
4681
4647
4704
4646
4692
1076500
4692
4692
4807
4691
4787
2073600
4787
4810
4865
4810
4831
1607800
4831
4780
4848
4762
4837
1407400
4837
4820
4849
4789
4804
1918200
4804
4840
4842
4800
4813
1329600
4813
4800
4823
4788
4790
1056800
4790
4788
4788
4735
4754
1111000
4754
4734
4792
4726
4743
1214300
4743
4719
4744
4667
4682
1481100
4682
4683
4687
4648
4660
1139900
4660
4635
4651
4604
4641
1273600
4641
4615
4627
4581
4603
1150200
4603
4533
4548
4503
4538
1432700
4538
4564
4571
4507
4542
2250900
4542
4532
4591
4490
4568
1491100
4568
4638
4721
4624
4698
1391600
4698
4688
4693
4636
4658
1042700
4658
4649
4675
4641
4649
718800
4649
4694
4697
4623
4637
1037200
4637
4592
4643
4586
4595
1720300
4595
4557
4631
4548
4608
645000
4608
4654
4654
4606
4609
812800
4609
4605
4634
4586
4595
1061300
4595
4586
4647
4556
4619
1133600
4619
4616
4670
4606
4615
1398300
4615
4590
4599
4515
4545
1104200
4545
4521
4545
4472
4481
1131800
4481
4505
4521
4445
4511
1000700
4511
4511
4515
4420
4427
1440000
4427
4360
4397
4319
4391
1132300
4391
4390
4405
4361
4375
875200
4375
4358
4449
4335
4413
832000
4413
4404
4414
4367
4399
771100
4399
4396
4418
4346
4366
840000
4366
4378
4430
4351
4393
873200
4393
4351
4383
4306
4318
1007000
4318
4343
4355
4275
4313
1006700
4313
4296
4357
4289
4334
1130500
4334
4320
4327
4282
4316
961200
4316
4359
4395
4345
4353
1054800
4353
4381
4454
4373
4430
920200
4430
4487
4519
4406
4406
1103500
4406
4360
4382
4318
4368
981700
4368
4412
4415
4360
4362
1054900
4362
4408
4464
4398
4424
1711700
4424
4350
4399
4295
4370
2034400
4370
4375
4396
4359
4373
1076900
4373
4378
4425
4374
4411
803400
4411
4378
4423
4361
4376
904700
4376
4464
4540
4458
4515
1860900
4515
4553
4589
4542
4561
1629900
4561
4631
4631
4545
4556
1097000
4556
4572
4612
4559
4611
999700
4611
4552
4637
4552
4617
1162000
4617
4637
4661
4591
4637
1603600
4637
4633
4636
4432
4436
2345500
4436
4472
4544
4423
4538
1543400
4538
4537
4611
4526
4536
1240900
4536
4549
4549
4456
4457
962500
4457
4411
4430
4366
4397
1004400
4397
4395
4395
4351
4395
729700
4395
4409
4444
4400
4415
765900
4415
4384
4403
4366
4390
472200
4390
4363
4385
4340
4341
721500
4341
4243
4273
4229
4246
1196300
4246
4269
4298
4241
4284
1033000
4284
4347
4359
4254
4289
1093900
4289
4265
4349
4246
4343
1375700
4343
4393
4432
4390
4403
1120100
4403
4366
4402
4355
4389
807500
4389
4319
4395
4319
4372
931200
4372
4365
4409
4356
4388
766900
4388
4359
4391
4348
4376
579500
4376
4392
4411
4385
4395
511000
4395
4395
4466
4395
4445
783200
4445
4479
4517
4458
4458
1029900
4458
4487
4527
4484
4509
819500
4509
4526
4537
4463
4495
1033900
4495
4461
4489
4455
4461
886000
4461
4435
4459
4378
4390
1239800
4390
4422
4428
4354
4373
718900
4373
4392
4408
4338
4365
1086200
4365
4363
4363
4313
4336
918300
4336
4315
4334
4290
4327
960600
4327
4300
4362
4299
4340
1046500
4340
4322
4352
4315
4345
779800
4345
4325
4340
4277
4307
1328200
4307
4287
4396
4273
4362
1094400
4362
4376
4411
4374
4401
1890700
4401
4392
4513
4384
4480
1470100
4480
4550
4630
4548
4577
1731400
4577
4630
4657
4599
4622
1313100
4622
4657
4809
4655
4795
2588500
4795
4749
4803
4733
4770
1589600
4770
4699
4706
4640
4667
1436400
4667
4597
4686
4595
4649
888200
4649
4694
4752
4669
4676
1487300
4676
4641
4664
4613
4637
919200
4637
4637
4708
4633
4666
1049000
4666
4622
4661
4587
4587
788900
4587
4704
4706
4643
4658
1305100
4658
4658
4766
4655
4729
1279900
4729
4724
4753
4622
4659
1211400
4659
4699
4771
4668
4734
1280700
4734
4590
4596
4503
4546
1830200
4546
4491
4509
4441
4485
1334100
4485
4415
4447
4347
4418
1189800
4418
4422
4468
4406
4459
906700
4459
4599
4618
4564
4584
1787600
4584
4648
4696
4644
4674
1336300
4674
4604
4646
4565
4601
1229300
4601
4551
4651
4549
4630
858100
4630
4567
4608
4487
4499
1030800
4499
4515
4529
4398
4420
1340600
4420
4315
4396
4308
4347
1304900
4347
4384
4408
4297
4352
1258800
4352
4415
4460
4324
4354
917000
4354
4344
4463
4330
4448
1361700
4448
4445
4494
4408
4494
1122600
4494
4552
4567
4488
4523
1336100
4523
4523
4534
4436
4513
1232200
4513
4459
4546
4438
4506
820900
4506
4516
4621
4500
4597
985600
4597
4606
4670
4535
4554
1122200
4554
4618
4658
4588
4623
883800
4623
4625
4683
4613
4618
836300
4618
4596
4630
4576
4610
545900
4610
4470
4532
4455
4522
1081600
4522
4551
4588
4533
4547
863300
4547
4488
4525
4468
4512
1330400
4512
4514
4602
4499
4540
1439600
4540
4526
4529
4378
4439
1440100
4439
4421
4547
4403
4524
1298500
4524
4454
4493
4430
4476
708600
4476
4529
4533
4458
4525
859400
4525
4499
4499
4421
4471
1243900
4471
4535
4537
4477
4522
916000
4522
4530
4575
4514
4568
1080400
4568
4601
4616
4562
4566
837100
4566
4533
4577
4527
4552
1090200
4552
4616
4648
4552
4617
1077000
4617
4562
4576
4433
4444
1467600
4444
4314
4374
4250
4293
2419600
4293
4267
4296
4252
4296
1524900
4296
4289
4333
4267
4319
1495000
4319
4261
4280
4198
4233
1450200
4233
4235
4237
4135
4199
1312900
4199
4339
4350
4279
4301
1665000
4301
4318
4368
4279
4324
1582400
4324
4280
4333
4224
4227
1977100
4227
4309
4318
4251
4261
913900
4261
4202
4242
4159
4230
1423300
4230
4194
4256
4147
4183
1260500
4183
4137
4172
4084
4103
1207900
4103
4081
4103
3981
4019
1441100
4019
3955
3961
3876
3935
1192400
3935
3920
3981
3883
3934
935400
3934
4074
4101
4025
4043
1288900
4043
4000
4060
3968
4022
807800
4022
