4949
5015
4946
5013
9066700
5013
5071
5134
5067
5095
10985300
5095
5190
5203
5078
5090
7822700
5090
5182
5215
5168
5177
9731100
5177
5230
5242
5178
5228
8621500
5228
5266
5269
5175
5192
8607000
5192
5285
5333
5259
5286
9052800
5286
5298
5316
5273
5310
8796600
5310
5230
5265
5209
5258
8623700
5258
5303
5307
5200
5200
9226200
5200
5267
5293
5254
5275
6279800
5275
5288
5304
5244
5261
4801500
5261
5281
5318
5268
5311
6608800
5311
5281
5287
5174
5208
8788400
5208
5163
5194
5125
5146
8186000
5146
5151
5154
5051
5053
9086100
5053
5001
5066
4990
5038
8901600
5038
5053
5060
4952
4979
8727900
4979
4940
4995
4878
4878
8680500
4878
5012
5139
4972
5094
14599800
5094
5139
5139
5006
5035
11512000
5035
4950
4969
4885
4935
9896700
4935
4773
4794
4658
4787
16123000
4787
4927
4934
4800
4802
13118500
4802
4851
4877
4798
4857
8193800
4857
4735
4763
4650
4734
10677500
4734
4802
4807
4675
4684
9783600
4684
4723
4741
4642
4649
7180500
4649
4788
4788
4722
4729
6893900
4729
4761
4790
4738
4746
4920500
4746
4791
4853
4774
4831
6558400
4831
4800
4800
4726
4773
5669300
4773
4779
4792
4707
4717
6190200
4717
4681
4697
4650
4685
6262500
4685
4667
4719
4660
4713
4443100
4713
4751
4764
4715
4721
3908200
4721
4763
4785
4752
4775
5725500
4775
4762
4763
4686
4686
6035900
4686
4639
4642
4596
4612
7752900
4612
4542
4595
4529
4586
7477200
4586
4547
4574
4526
4551
4636800
4551
4616
4635
4558
4562
5998600
4562
4528
4564
4498
4511
6990400
4511
4549
4573
4503
4516
4815400
4516
4586
4626
4514
4518
8596700
4518
4598
4635
4583
4628
6404700
4628
4596
4618
4570
4616
5358200
4616
4590
4634
4586
4621
5306500
4621
4583
4603
4565
4603
5393000
4603
4588
4595
4555
4561
5801000
4561
4546
4556
4507
4525
4421600
4525
4500
4551
4494
4542
4453600
4542
4472
4541
4457
4532
7457500
4532
4451
4467
4411
4426
9237100
4426
4390
4442
4375
4442
7074900
4442
4510
4545
4488
4543
8358000
4543
4425
4479
4380
4474
6104700
4474
4492
4500
4418
4451
5186800
4451
4474
4501
4437
4458
4584900
4458
4447
4487
4415
4415
4309300
4415
4381
4422
4360
4410
3945000
4410
4394
4400
4338
4357
7509000
4357
4391
4481
4361
4440
7608000
4440
4418
4464
4414
4432
5192600
4432
4418
4494
4411
4473
4752700
4473
4440
4493
4403
4480
5829600
4480
4495
4532
4489
4491
5048000
4491
4498
4523
4459
4469
5064000
4469
4534
4625
4528
4560
7652100
4560
4539
4559
4487
4515
6564700
4515
4497
4499
4443
4458
6098100
4458
4431
4461
4402
4457
7303900
4457
4488
4550
4474
4491
7549400
4491
4514
4545
4500
4522
5770300
4522
4569
4623
4568
4595
6796900
4595
4660
4689
4610
4688
8351100
4688
4665
4697
4656
4691
6947900
4691
4705
4711
4626
4638
8074900
4638
4621
4621
4548
4550
9377000
4550
4550
4552
4473
4487
8084500
4487
4510
4510
4478
4483
3626700
4483
4509
4509
4449
4470
4276400
4470
4455
4516
4454
4488
4348600
4488
4470
4483
4443
4473
5751700
4473
4507
4515
4479
4492
3502700
4492
4519
4535
4497
4520
4862600
4520
4520
4561
4516
4553
4604100
4553
4693
4717
4639
4648
13784300
4648
4631
4650
4553
4643
8516600
4643
4740
4807
4701
4707
10712100
4707
4707
4723
4682
4710
4544300
4710
4688
4715
4684
4699
4969800
4699
4688
4702
4656
4687
5353800
4687
4671
4702
4639
4671
5380900
4671
4640
4644
4600
4628
6593100
4628
4625
4633
4571
4584
5779000
4584
4584
4590
4548
4587
3986700
4587
4565
4586
4536
4553
4947700
4553
4431
4474
4413
4471
8364100
4471
4530
4534
4482
4503
7956700
4503
4503
4577
4461
4523
7063800
4523
4583
4632
4560
4608
5834800
4608
4606
4613
4552
4576
4904600
4576
4576
4598
4564
4581
3883500
4581
4651
4665
4597
4616
5849100
4616
4555
4598
4542
4550
8140900
4550
4510
4550
4495
4542
4905700
4542
4575
4581
4533
4542
3818700
4542
4533
4569
4524
4553
3596600
4553
4541
4619
4530
4569
6420100
4569
4559
4564
4506
4528
6778900
4528
4514
4515
4466
4478
5541800
4478
4468
4512
4459
4466
5774700
4466
4447
4451
4350
4416
8426200
4416
4396
4402
4300
4309
10207700
4309
4201
4281
4166
4278
11378400
4278
4300
4315
4255
4273
4385400
4273
4266
4342
4246
4311
5875900
4311
4290
4321
4264
4316
3858800
4316
4300
4311
4275
4295
4885300
4295
4301
4326
4273
4306
4628300
4306
4270
4289
4222
4233
5137900
4233
4240
4257
4211
4244
4993600
4244
4212
4263
4211
4233
4624200
4233
4201
4211
4176
4195
4754100
4195
4216
4255
4206
4208
4018700
4208
4222
4279
4216
4260
3443600
4260
4330
4369
4292
4293
6176900
4293
4234
4272
4218
4264
4025600
4264
4308
4327
4256
4276
3822000
4276
4308
4329
4268
4287
5514900
4287
4226
4337
4222
4309
7786100
4309
4337
4346
4317
4337
5000300
4337
4358
4402
4341
4385
5431300
4385
4350
4390
4301
4335
5912500
4335
4510
4523
4456
4456
11664900
4456
4480
4553
4459
4478
7714800
4478
4452
4519
4447
4470
5868200
4470
4508
4548
4484
4507
6457900
4507
4507
4548
4493
4500
6339500
4500
4550
4597
4529
4570
8287800
4570
4577
4657
4442
4445
15567700
4445
4515
4607
4451
4581
11056200
4581
4589
4629
4544
4546
7047600
4546
4568
4569
4481
4481
6841900
4481
4451
4458
4382
4417
6783400
4417
4421
4426
4373
4400
4516000
4400
4408
4452
4391
4427
4208900
4427
4408
4434
4396
4426
2810500
4426
4400
4417
4373
4373
5912000
4373
4300
4304
4261
4280
6574500
4280
4290
4294
4245
4277
5863700
4277
4312
4318
4236
4264
4307100
4264
4235
4317
4210
4294
5916100
4294
4303
4363
4303
4348
4277000
4348
4329
4359
4320
4351
3259200
4351
4329
4367
4317
4331
4179500
4331
4300
4353
4286
4338
4717100
4338
4328
4338
4306
4333
3216900
4333
4347
4370
4342
4353
2758200
4353
4358
4389
4351
4375
2889500
4375
4418
4454
4390
4401
4718200
4401
4407
4467
4404
4457
5093400
4457
4457
4461
4402
4427
6276100
4427
4388
4396
4371
4381
5441200
4381
4370
4405
4356
4364
3209900
4364
4380
4384
4347
4349
3272100
4349
4337
4348
4318
4329
3924100
4329
4320
4338
4310
4329
3427000
4329
4300
4326
4272
4311
5659400
4311
4311
4355
4301
4334
3458400
4334
4320
4336
4307
4330
3799300
4330
4320
4335
4291
4312
4738300
4312
4301
4376
4295
4358
4361600
4358
4371
4404
4366
4397
6466300
4397
4393
4480
4392
4463
6343300
4463
4560
4570
4525
4538
8408100
4538
4603
4632
4590
4603
8272700
4603
4650
4693
4629
4671
10433900
4671
4650
4707
4650
4706
8391200
4706
4640
4670
4573
4594
6566900
4594
4570
4583
4530
4545
6736700
4545
4621
4644
4586
4586
7268500
4586
4574
4621
4565
4618
5225700
4618
4618
4656
4604
4617
5654300
4617
4609
4622
4525
4539
5944300
4539
4656
4685
4612
4660
9978000
4660
4687
4743
4681
4722
9694300
4722
4740
4775
4636
4665
8606900
4665
4673
4715
4652
4689
5627400
4689
4543
4559
4475
4495
11560800
4495
4460
4466
4390
4436
9178900
4436
4391
4393
4328
4347
8129400
4347
4374
4415
4366
4400
6770500
4400
4470
4506
4453
4481
7330000
4481
4512
4527
4466
4471
4852400
4471
4426
4465
4415
4450
5111800
4450
4413
4473
4410
4457
3590300
4457
4415
4447
4367
4371
6515400
4371
4393
4406
4277
4304
8102100
4304
4193
4246
4151
4230
8945700
4230
4300
4307
4197
4248
7660200
4248
4288
4304
4198
4222
5735500
4222
4233
4323
4232
4314
11868700
4314
4307
4414
4283
4414
9568200
4414
4430
4447
4370
4416
6474800
4416
4440
4460
4368
4422
6483300
4422
4390
4439
4390
4407
4691200
4407
4393
4486
4391
4463
5271800
4463
4462
4542
4413
4438
7279300
4438
4508
4564
4489
4521
6755100
4521
4508
4566
4508
4521
4364300
4521
4495
4506
4461
4502
3812500
4502
4415
4431
4358
4380
7709900
4380
4428
4466
4417
4430
5927200
4430
4395
4395
4273
4295
10285900
4295
4309
4316
4270
4273
5891400
4273
4248
4252
4120
4183
11220300
4183
4155
4250
4132
4193
6444500
4193
4125
4172
4122
4156
5982800
4156
4138
4154
4110
4147
5358800
4147
4113
4142
4055
4130
7384100
4130
4193
4198
4163
4191
6639100
4191
4198
4242
4173
4194
6795500
4194
4216
4238
4186
4186
4145700
4186
4160
4202
4148
4183
7278100
4183
4220
4245
4192
4214
4785600
4214
4164
4185
4097
4099
10086000
4099
4029
4088
4022
4080
6729400
4080
4040
4087
4022
4033
6597800
4033
4036
4038
3976
4003
8256100
4003
3933
3973
3926
3962
7140000
3962
3932
3946
3857
3898
9017300
3898
3908
3948
3896
3910
8039400
3910
3935
3976
3921
3944
6141200
3944
3921
3941
3893
3917
9620400
3917
3950
3960
3910
3939
5095700
3939
3900
3906
3862
3875
7050100
3875
3848
3852
3800
3851
7199600
3851
3859
3870
3740
3752
10068700
3752
3682
3714
3644
3669
11083300
3669
3485
3571
3483
3554
8013700
3554
3571
3613
3495
3546
7612800
3546
3652
3710
3616
3676
8581800
3676
3592
3676
3587
3645
7308300
3645
