957
970
943
970
3416000
970
982
987
972
980
2910000
980
990
998
978
984
2925000
984
982
1009
981
1005
4743000
1005
998
1007
985
993
3805000
993
1000
1013
993
1000
6030000
1000
1005
1021
1002
1020
4111000
1020
1015
1019
1008
1013
2843000
1013
996
1000
989
999
2725000
999
1005
1009
979
982
3929000
982
991
993
979
986
2194000
986
976
983
973
983
3270000
983
986
990
978
989
2947000
989
984
985
966
973
2955000
973
962
973
952
970
3195000
970
974
974
955
958
2732000
958
955
971
950
960
1929000
960
960
969
948
955
3057000
955
957
963
944
944
3195000
944
959
993
955
990
4086000
990
981
987
966
977
2893000
977
962
963
952
956
2739000
956
926
933
885
911
5430000
911
929
939
902
904
4353000
904
907
927
898
921
4488000
921
885
891
874
883
4554000
883
898
905
880
882
4179000
882
883
886
865
878
3128000
878
897
898
888
893
2764000
893
891
899
881
891
3213000
891
902
925
901
924
2904000
924
914
915
891
899
2825000
899
893
894
881
882
3368000
882
879
889
875
880
2334000
880
880
889
874
888
1712000
888
895
903
894
900
2078000
900
907
909
898
906
2223000
906
904
904
888
888
3076000
888
883
883
861
865
2972000
865
846
854
844
851
2718000
851
842
852
838
848
1899000
848
859
875
859
859
2778000
859
849
860
844
847
3244000
847
859
865
849
854
3100000
854
868
874
844
847
4264000
847
858
869
856
868
2903000
868
859
864
848
863
3139000
863
848
858
844
855
3544000
855
857
859
846
856
2247000
856
858
858
846
848
2431000
848
845
853
840
852
2647000
852
840
855
840
849
2702000
849
851
866
847
865
2964000
865
835
842
822
826
4307000
826
820
834
819
834
2784000
834
848
859
844
857
3417000
857
838
847
835
847
3167000
847
855
859
846
857
4141000
857
861
864
849
855
2731000
855
847
853
833
833
3384100
833
823
832
817
824
3010800
824
821
823
809
820
3920800
820
834
856
830
846
3727700
846
836
847
833
840
3871200
840
837
857
836
853
3182700
853
845
856
838
849
3412400
849
852
852
839
841
1821300
841
849
850
840
845
2713000
845
855
870
853
865
3114500
865
874
881
870
874
2059600
874
865
871
860
861
2608100
861
860
869
854
861
4804400
861
864
865
827
830
4881700
830
835
841
833
838
3000100
838
847
861
844
855
3867700
855
866
886
857
883
4243800
883
876
899
869
898
4007500
898
907
907
881
888
2565000
888
895
897
881
884
3647800
884
871
877
862
868
2734400
868
879
880
870
876
1574500
876
877
877
865
871
1968700
871
866
888
862
878
2398500
878
868
881
854
880
3517700
880
884
893
853
854
4703000
854
851
856
844
851
3173000
851
848
861
840
859
3069700
859
868
878
864
873
2649500
873
865
885
863
880
2841900
880
880
887
874
883
1987000
883
890
892
881
888
1649100
888
880
880
865
871
2558500
871
871
878
863
872
1968300
872
867
873
855
860
2370900
860
853
857
847
852
2483400
852
852
858
847
850
3085900
850
847
851
844
850
1831400
850
851
855
841
844
2260800
844
826
828
815
819
4555800
819
834
850
826
840
11388400
840
831
856
828
848
3352000
848
861
877
856
874
3486800
874
874
879
867
878
2509000
878
875
875
865
865
2108700
865
875
879
870
870
1985400
870
860
866
855
857
3417600
857
849
855
842
849
1814200
849
858
858
848
850
1560200
850
854
857
846
851
1302300
851
852
876
847
868
3002700
868
866
883
863
865
3548000
865
857
857
838
842
2660700
842
837
846
831
834
2416200
834
827
827
807
821
3194200
821
809
814
790
790
4833000
790
769
779
765
777
4226400
777
787
792
778
779
2774700
779
770
800
769
795
2943300
795
792
796
785
790
2046700
790
788
791
780
781
2207800
781
786
792
782
783
2202300
783
782
782
764
766
2089000
766
769
769
748
757
2955100
757
742
758
742
754
1679200
754
750
751
735
740
2623000
740
746
754
742
749
1874700
749
753
758
746
753
1786400
753
762
767
755
755
2362000
755
746
749
735
747
2812600
747
738
750
737
740
2668500
740
740
741
723
724
5420100
724
715
738
712
730
3938900
730
732
738
729
734
2624800
734
740
753
736
748
3730200
748
739
750
734
747
4612900
747
762
809
762
793
8020000
793
804
818
800
805
5406400
805
804
809
797
799
2672400
799
810
821
808
811
2558500
811
820
839
819
827
3595800
827
833
842
824
834
3463500
834
840
846
795
796
6993200
796
804
845
793
843
6001300
843
856
862
838
841
4811000
841
841
841
825
826
2606600
826
811
818
801
809
2967100
809
764
782
754
770
4024800
770
770
785
768
779
2707600
779
772
774
763
765
2027800
765
762
764
750
759
3461400
759
745
752
730
735
3592700
735
729
743
725
739
2517100
739
740
747
719
724
3419300
724
715
730
707
725
3776700
725
725
744
722
737
3084900
737
735
737
726
731
2080800
731
720
727
716
723
2768900
723
722
725
713
713
3720600
713
717
718
708
709
2178000
709
715
718
710
717
2294000
717
720
726
716
723
2628400
723
724
729
716
720
3038600
720
724
748
724
744
4205300
744
750
761
740
743
3257600
743
728
737
725
730
3285100
730
723
724
704
707
3483800
707
705
707
693
693
4426800
693
691
694
684
691
3460500
691
689
693
684
686
2473200
686
680
681
667
672
3401000
672
665
685
664
681
2887900
681
679
685
675
683
2133800
683
683
687
668
673
3695100
673
670
687
667
680
3386100
680
684
695
682
693
6289400
693
698
728
698
724
5468800
724
739
748
736
741
4263500
741
752
760
742
756
4571100
756
765
785
760
784
5581000
784
786
788
774
781
3903200
781
781
786
765
782
4726700
782
779
785
767
775
2807500
775
783
790
774
776
3562200
776
769
772
756
772
3700300
772
777
785
772
779
3154600
779
779
786
768
769
4004800
769
778
786
770
779
5317400
779
783
805
782
803
6801100
803
788
790
758
759
6690700
759
764
790
760
785
3721200
785
755
767
743
749
4627300
749
742
758
742
756
5052800
756
746
750
736
743
4305800
743
741
754
740
752
2716000
752
767
771
760
762
3649700
762
767
779
757
760
3519700
760
749
756
745
756
2655100
756
746
765
741
757
2670900
757
748
754
733
734
2903200
734
739
741
713
716
5060600
716
691
702
687
694
4190700
694
699
707
689
701
3505000
701
712
716
699
704
2421700
704
699
720
697
708
3929400
708
708
719
703
716
3713700
716
719
737
718
732
2625000
732
726
733
715
732
2907400
732
726
737
726
731
2782300
731
734
745
733
741
1790400
741
747
766
733
735
3604300
735
750
766
733
735
3510500
735
738
747
733
735
3206400
735
735
743
730
739
2769300
739
721
724
710
721
3368700
721
725
744
725
734
2648900
734
727
737
724
735
3214100
735
735
743
731
733
2369100
733
732
736
697
704
4719100
704
701
722
696
718
2649200
718
695
713
692
711
2360000
711
711
715
704
713
1383100
713
710
716
707
714
2066700
714
722
742
719
740
3781400
740
742
749
728
738
3535800
738
746
753
741
741
2260500
741
743
751
736
745
4459600
745
758
766
750
762
2866400
762
761
761
723
729
4219800
729
710
712
688
697
5554900
697
688
688
675
679
3677900
679
677
683
656
667
5176100
667
657
660
644
647
4013900
647
643
655
636
654
6362000
654
663
673
662
663
3165900
663
671
681
668
675
3290800
675
669
671
653
657
3895000
657
653
665
651
652
3340900
652
642
649
635
645
3475400
645
648
649
631
633
4123500
633
627
631
606
613
5022100
613
612
612
591
596
4431000
596
576
584
569
582
4061600
582
587
598
580
589
3200500
589
604
609
597
607
3726500
607
607
618
604
614
3836700
614
