642
656
638
656
3993000
3280
668
670
655
662
4294000
3310
667
669
661
666
3161000
3330
671
689
671
686
4673000
3430
682
694
671
685
5198000
3425
680
688
675
680
4211000
3400
684
693
681
687
3871000
3435
685
688
678
680
2679000
3400
668
671
658
665
5528000
3325
670
672
653
653
4662000
3265
658
661
649
652
3811000
3260
659
661
653
658
3004000
3290
660
672
659
672
3179000
3360
668
669
655
657
3300000
3285
648
653
640
647
3845000
3235
649
649
633
635
3779000
3175
631
646
629
638
3452000
3190
637
643
629
632
2843000
3160
632
647
632
632
5457000
3160
640
663
635
658
5423000
3290
657
659
643
649
4435000
3245
639
643
631
637
3880000
3185
610
613
591
604
7670000
3020
616
628
600
600
5204000
3000
600
608
596
601
3452000
3005
583
585
575
581
3546000
2905
582
584
559
560
5376000
2800
565
566
552
555
4419000
2775
563
563
557
559
2883000
2795
566
572
562
568
3026000
2840
573
586
572
583
2871000
2915
578
578
566
573
3001000
2865
570
572
561
562
2922000
2810
555
565
554
560
2553000
2800
558
564
556
563
2430000
2815
568
571
561
564
2000000
2820
565
567
557
563
3762000
2815
560
564
549
551
4118000
2755
545
545
534
541
3978000
2705
530
532
523
529
3844000
2645
522
529
517
525
2166000
2630
533
539
532
532
2563000
2660
532
536
526
528
2928000
2640
535
539
528
530
2345000
2650
540
543
527
529
4247000
2645
539
552
536
551
3519000
2755
547
553
542
552
2678000
2760
548
562
548
560
4397000
2800
565
567
558
560
5582000
2800
565
566
559
560
4818000
2800
558
559
549
554
4468000
2770
552
569
552
567
4541000
2835
558
562
552
560
4342000
2800
546
552
540
542
4878000
2710
537
545
536
544
3844000
2720
548
563
548
563
5048000
2815
554
559
548
558
5309000
2790
568
577
566
576
5945000
2880
579
584
567
573
4596000
2865
572
572
553
554
4075000
2770
546
547
538
545
4612000
2725
540
546
538
544
3506000
2720
548
566
548
561
3570000
2805
552
563
551
558
5302000
2790
561
569
559
564
2703000
2820
563
572
558
569
3176000
2845
568
571
562
564
3318000
2820
566
572
563
569
3041000
2845
574
585
572
582
3588000
2910
590
598
586
588
3082000
2940
583
585
577
581
2543000
2905
579
580
569
579
3744000
2895
581
586
571
572
3776000
2860
578
583
570
575
3702000
2875
580
593
579
588
3161000
2940
597
606
594
605
3453000
3025
595
603
593
603
3679000
3015
605
609
585
593
4611000
2965
593
594
582
586
3995000
2930
581
582
571
575
3438000
2875
585
585
575
584
2740000
2920
581
581
565
574
3627000
2870
573
580
568
576
2983000
2880
578
585
572
584
2690000
2920
591
595
583
587
3822000
2935
591
596
588
594
3315000
2970
590
592
583
589
2441000
2945
596
599
588
591
2904000
2955
584
598
582
596
2834000
2980
599
607
597
604
3695000
3020
610
617
602
614
3559000
3070
615
617
599
601
3373000
3005
602
607
596
605
2211000
3025
602
603
590
592
3220000
2960
585
588
578
580
2262000
2900
578
583
574
578
2743000
2890
575
579
570
578
2206000
2890
581
581
574
575
2091000
2875
565
572
562
567
4035000
2835
577
583
573
582
6299000
2910
575
589
573
581
4171000
2905
589
609
584
606
3657000
3030
603
605
598
602
2701000
3010
598
601
591
593
2656000
2965
599
602
594
596
2800000
2980
590
599
590
591
3759000
2955
591
606
587
602
3494000
3010
607
608
600
601
2749000
3005
605
609
602
605
2045000
3025
600
612
593
608
4011000
3040
612
616
604
604
3534000
3020
599
599
584
590
2990000
2950
586
593
583
585
3717000
2925
579
579
562
574
5106000
2870
567
571
551
552
4683000
2760
542
550
540
549
4280000
2745
556
556
544
546
2719000
2730
544
558
539
555
3742000
2775
553
553
543
549
2319000
2745
543
547
542
544
4654000
2720
553
564
550
557
4849000
2785
553
554
544
546
2961000
2730
551
551
539
546
3388000
2730
538
545
538
542
2055000
2710
538
539
532
535
2581000
2675
542
549
539
545
2205000
2725
548
552
544
548
1823000
2740
555
561
551
551
2817000
2755
546
550
542
547
3369000
2735
550
560
550
551
3170000
2755
559
560
545
549
3699000
2745
548
558
546
552
2779000
2760
560
561
554
555
2400000
2775
562
573
556
571
3787000
2855
568
574
565
570
3517000
2850
598
615
593
611
8848000
3055
610
626
609
611
6567000
3055
612
624
612
617
4333000
3085
622
628
614
615
6223000
3075
620
639
619
629
5330000
3145
630
644
627
627
6421000
3135
629
644
604
611
10830000
3055
631
661
614
660
10812000
3300
664
674
656
660
6807000
3300
651
652
630
633
6368000
3165
623
630
617
623
5751000
3115
620
623
610
618
5414000
3090
614
618
602
604
6383000
3020
602
606
593
600
3734000
3000
599
602
589
591
4616000
2955
577
579
562
569
5571000
2845
565
571
555
569
3932000
2845
571
574
561
567
2787000
2835
557
566
553
566
3819000
2830
565
577
558
575
4508000
2875
575
580
574
577
2480000
2885
574
583
573
582
2578000
2910
587
596
585
590
5159000
2950
590
598
590
592
2916000
2960
600
606
597
606
4004000
3030
603
609
593
605
3442000
3025
610
615
607
607
2645000
3035
611
632
610
628
3961000
3140
632
634
623
625
2965000
3125
623
627
617
623
3800000
3115
619
620
607
610
3580000
3050
608
613
603
611
3161000
3055
609
610
601
604
3164000
3020
599
605
595
599
2974000
2995
590
595
588
592
2818000
2960
587
596
585
593
4497000
2965
596
600
592
597
2572000
2985
599
599
588
591
3286000
2955
591
605
590
598
2997000
2990
601
601
592
595
5783000
2975
594
617
594
613
4549000
3065
623
634
622
630
3936000
3150
638
649
632
639
4229000
3195
643
655
642
653
4673000
3265
648
654
646
650
4107000
3250
3170
3245
3160
3230
998500
3230
3180
3200
3120
3120
941000
3120
3155
3185
3125
3125
1102000
3125
3110
3135
3090
3130
488000
3130
3155
3180
3130
3145
756700
3145
3125
3160
3085
3095
885100
3095
3165
3200
3160
3170
1109600
3170
3190
3260
3185
3230
1016800
3230
3160
3205
3070
3100
995100
3100
3125
3195
3125
3175
725000
3175
3080
3140
3040
3070
971000
3070
3000
3025
2995
3015
787100
3015
2956
2970
2899
2934
705500
2934
2934
2956
2916
2945
494800
2945
3020
3040
3000
3020
588300
3020
3035
3075
3010
3015
578700
3015
2945
2993
2945
2983
676000
2983
2935
3015
2931
2995
495500
2995
2935
2954
2902
2903
592000
2903
2924
2925
2838
2849
825100
2849
2722
2746
2702
2715
931500
2715
2730
2730
2676
2713
751400
2713
2735
2744
2680
2696
489000
2696
2700
2746
2700
2737
718100
2737
2736
2794
2726
2782
849000
2782
2816
2850
2784
2835
551700
2835
2843
2861
2781
2841
583200
2841
2805
2878
2803
2837
503900
2837
2861
2926
2861
2905
679200
2905
2902
2956
2843
2858
649600
2858
2908
2958
2897
2907
583700
2907
2908
2933
2895
2901
363700
2901
2878
2887
2834
2843
526300
2843
2760
2775
2684
2717
1063500
2717
2706
2757
2701
2746
717700
2746
2696
2704
2651
2666
983800
2666
2665
2670
2623
2644
774800
2644
2615
2621
2491
2538
1202500
2538
2541
2556
2512
2556
631400
2556
2512
2567
2510
2557
774300
2557
2548
2578
2539
2572
559700
2572
2540
2560
2517
2559
663400
2559
2609
2650
2585
2634
583900
2634
2628
2632
2575
2598
546000
2598
2643
2657
2613
2619
433500
2619
2605
2621
2583
2589
797800
2589
2638
2668
2613
2665
532900
2665
2643
2647
2544
2555
667800
2555
2494
2504
2404
2469
1197200
2469
2472
2472
2398
2447
1177600
2447
2497
2504
2445
2498
1466300
2498
2480
2490
2435
2447
1159800
2447
2452
2463
2408
2430
1173000
2430
2504
2567
2504
2530
1972400
2530
2560
2602
2544
2582
1276100
2582
2554
2557
2477
2488
1459900
2488
2500
2523
2468
2477
671500
2477
2459
2465
2407
2422
733500
2422
2422
2439
2392
2426
841900
2426
2381
2410
2328
2346
962000
2346
2315
2334
2221
2253
1151300
2253
2135
2164
2117
2160
901600
2160
2166
2204
2123
2163
723600
2163
2247
2250
2202
2242
863300
2242
2229
2279
2228
2237
794000
2237
