1185
1208
1178
1208
2248000
1208
1223
1227
1208
1226
1688000
1226
1240
1246
1231
1237
1783000
1237
1228
1252
1227
1237
2692000
1237
1226
1242
1218
1233
1942000
1233
1232
1244
1214
1219
2511000
1219
1219
1236
1219
1235
1545000
1235
1224
1225
1211
1215
2013000
1215
1195
1208
1192
1203
2733000
1203
1219
1221
1175
1176
3675000
1176
1183
1186
1170
1174
1870000
1174
1182
1184
1174
1180
2024000
1180
1185
1211
1183
1210
1852000
1210
1206
1206
1197
1205
1480000
1205
1193
1197
1180
1189
1749000
1189
1181
1185
1174
1176
1948000
1176
1159
1190
1154
1177
1821000
1177
1177
1182
1163
1168
1729000
1168
1170
1181
1160
1161
2137000
1161
1179
1222
1172
1218
3075000
1218
1215
1227
1197
1225
2881000
1225
1208
1213
1191
1196
2716000
1196
1136
1147
1099
1128
4077000
1128
1152
1186
1121
1124
2782000
1124
1123
1134
1111
1127
1728000
1127
1097
1098
1076
1092
2806000
1092
1110
1112
1073
1075
2222000
1075
1083
1084
1061
1072
1498000
1072
1094
1107
1084
1086
1667000
1086
1090
1108
1084
1099
1232000
1099
1116
1134
1112
1129
1664000
1129
1114
1119
1093
1106
1884000
1106
1105
1107
1093
1094
1549000
1094
1088
1097
1084
1093
998000
1093
1090
1102
1087
1101
873000
1101
1115
1120
1107
1114
1123000
1114
1126
1127
1110
1114
1222000
1114
1107
1107
1086
1087
2093000
1087
1057
1069
1045
1051
2424000
1051
1026
1035
1022
1029
2203000
1029
1010
1029
1003
1023
1713000
1023
1039
1061
1039
1048
3749000
1048
1037
1047
1029
1031
3015000
1031
1047
1057
1037
1044
3428000
1044
1047
1058
1024
1028
3598000
1028
1043
1055
1042
1053
2030000
1053
1033
1048
1029
1048
2343000
1048
1028
1045
1027
1038
1876000
1038
1039
1042
1023
1033
1918000
1033
1034
1034
1018
1020
2946000
1020
1014
1025
1010
1017
1362000
1017
1010
1024
1010
1021
1801000
1021
1015
1033
1008
1030
1610000
1030
992
1006
979
983
3270000
983
969
980
967
980
2517000
980
990
1010
986
1009
4135000
1009
989
1001
984
1001
2060000
1001
1009
1021
1000
1010
2038000
1010
1020
1026
1001
1006
1574000
1006
1003
1015
990
990
1219300
990
982
994
975
987
3003400
987
985
987
974
985
1927600
985
1000
1026
998
1012
3114900
1012
991
1025
990
1018
3807600
1018
1017
1031
1013
1027
2390200
1027
1027
1042
1017
1031
2665700
1031
1043
1046
1027
1036
1695600
1036
1039
1039
1028
1034
1201200
1034
1042
1053
1039
1047
2152100
1047
1053
1065
1050
1060
2286800
1060
1053
1055
1041
1047
1668800
1047
1049
1057
1036
1044
3315600
1044
1044
1060
1037
1043
2928300
1043
1050
1065
1046
1061
3128700
1061
1071
1087
1069
1080
2366200
1080
1094
1097
1084
1097
2338400
1097
1088
1105
1082
1104
2342100
1104
1110
1112
1093
1104
1837900
1104
1108
1118
1102
1112
2348100
1112
1095
1101
1085
1091
1932100
1091
1102
1104
1093
1103
1001100
1103
1097
1097
1086
1095
1281400
1095
1094
1117
1087
1106
1648000
1106
1100
1108
1088
1103
2344000
1103
1120
1140
1120
1127
2360500
1127
1130
1135
1123
1130
2332300
1130
1120
1125
1104
1121
1763200
1121
1122
1138
1122
1126
2177100
1126
1111
1127
1110
1124
1669900
1124
1120
1145
1120
1141
2066500
1141
1150
1153
1137
1141
1567700
1141
1129
1130
1110
1121
1544400
1121
1121
1126
1112
1118
1330100
1118
1110
1115
1094
1100
1640400
1100
1090
1098
1067
1071
2392500
1071
1059
1075
1055
1061
1833900
1061
1060
1067
1056
1066
1048000
1066
1069
1073
1052
1056
1284700
1056
1027
1039
1026
1034
2258000
1034
1050
1059
1040
1051
7017100
1051
1045
1063
1040
1052
2115900
1052
1070
1085
1059
1082
1765300
1082
1085
1095
1081
1095
1731600
1095
1093
1098
1088
1093
1681400
1093
1106
1115
1105
1108
1615900
1108
1098
1103
1090
1095
2509700
1095
1093
1100
1084
1091
1143300
1091
1098
1100
1089
1095
1345900
1095
1096
1102
1089
1096
1179000
1096
1092
1110
1082
1099
1768500
1099
1100
1111
1091
1097
2518700
1097
1091
1095
1067
1074
1344000
1074
1073
1078
1059
1061
1508700
1061
1059
1059
1037
1054
2013100
1054
1040
1045
1016
1019
2564000
1019
1006
1020
1004
1017
2185600
1017
1017
1022
1008
1011
1474700
1011
999
1030
998
1025
1814100
1025
1018
1020
1001
1003
2006200
1003
995
1005
987
994
3764300
994
1002
1014
998
1001
2280700
1001
999
999
970
972
1567400
972
984
985
964
975
1858000
975
967
981
965
971
1511400
971
963
965
951
956
1784700
956
965
970
955
956
1592400
956
963
976
962
965
1050300
965
980
991
978
978
2113900
978
969
975
957
968
1868200
968
969
977
963
968
1236900
968
977
978
958
961
1783400
961
960
979
958
969
1525100
969
977
978
964
965
1145400
965
977
983
967
975
1423400
975
970
981
967
978
1307200
978
1038
1041
1021
1026
3367300
1026
1036
1048
1025
1029
2322700
1029
1030
1040
1024
1030
1490100
1030
1037
1049
1035
1042
1829400
1042
1050
1066
1046
1054
1706800
1054
1072
1079
1060
1072
2338400
1072
1078
1094
1026
1032
3385200
1032
1038
1081
1025
1078
3203800
1078
1089
1099
1070
1076
2453300
1076
1081
1083
1050
1051
1700800
1051
1033
1041
1015
1026
2390500
1026
1026
1026
1009
1020
1141900
1020
1015
1023
1009
1015
1539200
1015
1014
1015
1003
1008
1088600
1008
1014
1018
1000
1007
1993600
1007
986
987
958
965
2127100
965
965
977
955
976
1718700
976
980
984
956
965
1313300
965
950
968
940
967
1520100
967
969
985
963
980
1177500
980
976
981
971
975
922500
975
965
977
960
973
1060100
973
969
970
957
957
1823100
957
960
960
946
951
1370800
951
956
963
953
957
1170300
957
959
969
956
966
1243300
966
967
975
960
960
1198000
960
966
986
964
984
1999800
984
990
996
981
983
1910300
983
968
986
965
982
2654900
982
970
971
954
956
1585200
956
961
963
948
948
1530200
948
945
948
940
942
1591800
942
934
944
931
936
1411800
936
926
929
909
915
1976800
915
909
932
904
928
1838100
928
930
932
924
930
1096100
930
920
926
895
902
2132300
902
900
918
897
907
1581600
907
914
921
903
919
3091300
919
920
957
920
950
2222600
950
974
986
966
968
3440000
968
986
995
978
989
3272000
989
997
1021
991
1020
4065900
1020
1018
1026
1011
1024
3022200
1024
1019
1026
1006
1022
3060100
1022
1009
1025
1009
1015
2731300
1015
1026
1040
1016
1020
3016100
1020
1017
1026
1007
1022
2394500
1022
1030
1036
1021
1027
2055200
1027
1027
1040
1010
1012
2621300
1012
1034
1047
1021
1028
2771600
1028
1031
1063
1030
1057
3467200
1057
1038
1062
1025
1031
3003400
1031
1039
1059
1036
1051
1407900
1051
1020
1034
999
1010
2311600
1010
1001
1008
994
1000
2390600
1000
983
991
971
984
2073500
984
985
1001
982
997
1319600
997
1012
1023
1009
1016
1826500
1016
1022
1028
1010
1011
1380100
1011
998
1009
995
1003
1233600
1003
990
1015
989
1006
1109400
1006
993
996
975
979
1466600
979
990
990
963
973
1996700
973
949
956
940
946
1437000
946
950
959
937
955
1738000
955
963
971
944
954
1099200
954
952
993
951
990
2546300
990
989
999
978
991
1980000
991
991
1010
985
1005
1132400
1005
999
999
967
995
2430900
995
991
1004
987
994
1301200
994
1005
1020
1005
1013
1401300
1013
1043
1058
1025
1030
3497500
1030
1040
1074
1035
1070
3162900
1070
1080
1103
1079
1096
3302200
1096
1092
1092
1076
1078
1980500
1078
1051
1060
1035
1056
2236800
1056
1062
1069
1053
1057
1922100
1057
1050
1064
1046
1062
2235600
1062
1061
1074
1054
1064
2034500
1064
1012
1024
961
992
8922500
992
989
1010
985
1001
2897300
1001
981
991
976
986
1881700
986
988
995
980
991
1501900
991
991
994
982
990
2255600
990
1000
1015
995
1012
2264900
1012
1009
1018
998
1014
2258000
1014
1022
1042
1022
1032
1977600
1032
1030
1036
1019
1019
3321300
1019
1030
1039
1017
1035
2380900
1035
1028
1029
994
999
3069700
999
977
981
957
974
3465300
974
970
970
951
957
3190300
957
954
963
953
957
2644200
957
949
951
936
942
2444700
942
940
941
914
922
2468400
922
937
947
932
934
2507600
934
944
955
935
946
1560300
946
935
943
922
926
2853900
926
933
941
926
928
1173900
928
918
931
914
918
1729900
918
916
917
900
902
1871800
902
890
896
870
876
2264600
876
881
885
851
856
2242500
856
826
833
820
829
1795600
829
835
846
825
838
1718300
838
856
871
852
865
2113300
865
855
870
848
861
1383000
861
