720
734.6
718
733.9
11934000
733.9
738
749.7
737.4
749
14740000
749
756.7
760.7
749.1
750.9
12240000
750.9
750.6
755.8
744.3
754.1
10109000
754.1
751.1
768.1
751.1
764.4
10527000
764.4
765.8
768.9
762.2
763.9
7743000
763.9
770.7
778.1
769.3
774
8529000
774
774
777.6
772
774
5730000
774
770
783.3
768.2
783
9193000
783
788.5
792
778.7
780
8936000
780
785.6
787.2
777.3
787.1
6196000
787.1
796.1
809.9
790.4
795.7
8912000
795.7
797
806.4
794.1
804.9
10868000
804.9
810
810.5
800.8
803.7
9705000
803.7
796.9
804.1
785.2
799.1
8479000
799.1
796
800
787.2
787.2
8371000
787.2
789.1
791.5
781.8
783.3
4860000
783.3
778
779.6
766
770.8
10408000
770.8
765
794
763.2
782.2
13951000
782.2
790.2
803.3
787.7
797.8
9954000
797.8
795
803.1
790.2
796.1
13661000
796.1
781.1
785.5
776.4
781.3
10252000
781.3
747
747
730.6
744.9
16972000
744.9
768.7
770.5
741.2
741.7
10453000
741.7
743.3
747.1
727.8
728.3
12590000
728.3
707
712.1
700.5
712.1
11704000
712.1
725
731.2
705
706.6
9619000
706.6
707
714
697
701.6
9184000
701.6
712
715.5
703.5
705.4
9047000
705.4
712
716
706.5
712.1
5345000
712.1
717.3
726
714.6
725.7
5705000
725.7
724.6
724.9
717.4
724.8
6011000
724.8
723.2
725
715.8
717.6
6240000
717.6
713.8
716.2
706.9
711.9
5965000
711.9
719.2
726.4
713.8
725.3
6165000
725.3
735.9
737.1
727.5
732.3
6954000
732.3
738.8
742.2
732.7
734.9
5982000
734.9
734.5
737.3
716.8
716.8
7843000
716.8
715
715.1
706.3
709.3
7959000
709.3
700
700.5
691
694
10260000
694
690
691.1
682.1
684.5
6150000
684.5
694
696.7
680.7
681.9
9257000
681.9
682
692.8
680.2
683.8
8804000
683.8
683.8
687.4
674.6
677.2
10509000
677.2
681.9
690.5
677.2
681.2
10044000
681.2
690
697.7
689.2
695.8
5754000
695.8
698
705
694.3
703.9
8651000
703.9
700
705.3
697.1
700.1
5183000
700.1
698.3
701.7
696.1
700
5158000
700
703
706.5
700.6
704.9
9354000
704.9
705.3
705.6
692
694.4
6383000
694.4
695.5
702.7
694.2
702.3
6360000
702.3
700
701.6
692.5
700.2
6334000
700.2
683
683.1
670.5
672.4
9909000
672.4
668.4
673.3
661.1
672.2
8984000
672.2
682.2
692.5
680.8
692.2
13659000
692.2
671.2
679.6
665.7
679.1
7941000
679.1
682
686.3
671.1
676.3
6645000
676.3
682.6
684.8
674.7
678.7
4686000
678.7
678.3
681.6
675.8
675.8
3190000
675.8
669.8
671.6
662.5
670
4779000
670
669.8
670.8
659.4
668.8
9061000
668.8
670.6
677.3
668
672.8
11963000
672.8
670
670.3
664.1
666.5
14324000
666.5
667.5
669.8
664.3
668
5752000
668
666.1
672.4
662.8
670.3
6213000
670.3
669.3
674.4
668.5
669.2
8532000
669.2
671.2
677.4
669.2
670.2
6055000
670.2
672.8
680.5
672.4
675.5
8469000
675.5
672.5
674.6
667.4
671.2
5827000
671.2
668.1
670.3
660.1
666.5
6525000
666.5
664.1
669.9
661.4
668.7
7778000
668.7
667.5
674.8
664.4
665.1
7974000
665.1
669
674.3
667.6
672
7323000
672
669.6
676.8
669.6
675.6
4310000
675.6
683.7
685.8
679.3
683.5
6319000
683.5
680.5
689.3
680.1
685.2
5875000
685.2
684.6
684.6
680.3
681
6067000
681
680
681.3
671
672.7
7477000
672.7
675
678.1
665.2
666.5
8342000
666.5
663
665.9
659.8
660.5
8669000
660.5
659.9
660.2
652.9
657
10231000
657
659
670.3
658.6
662.5
8865000
662.5
659.2
660.7
653.3
655
10765000
655
654.5
657.9
649.1
654.5
9765000
654.5
654.5
662.4
652.7
661.3
8222000
661.3
663
673.7
662.3
673.3
5961000
673.3
674
679
666.9
667.3
7210000
667.3
667.3
670.1
665.7
667
6797000
667
667.3
671.8
666
666.1
7880000
666.1
667
669.8
666.1
669.3
5316000
669.3
669
669.6
666.3
666.6
4292000
666.6
667.7
668.3
664.5
665.1
3580000
665.1
665
665.5
656
658.9
5060000
658.9
656
656
647.3
650.1
7473000
650.1
649
651.2
646.1
649.1
4939000
649.1
650
652.5
645.8
652.3
3808000
652.3
652.3
652.4
643.3
645.5
4185000
645.5
634.9
634.9
626.8
631.4
8164000
631.4
640
644.6
631.7
631.7
8487000
631.7
631.2
643
629.6
639.6
5996700
639.6
648.5
651.3
643.5
648.3
4780300
648.3
649.5
649.5
638.6
640.3
5499800
640.3
645.8
647.8
639.6
640.4
5548800
640.4
645.8
652.5
644.8
650.7
5268100
650.7
646.1
652.3
644.8
644.8
5256300
644.8
644.6
651.2
641.3
648.9
3343200
648.9
653.9
656.8
645.5
647.1
4242700
647.1
649.9
655.5
649.4
652.6
5823400
652.6
648
653.6
644.6
648.1
5324300
648.1
648.5
650.1
644.9
648.9
5330900
648.9
650
650.4
636.2
638.4
5763600
638.4
634.9
636
627.6
627.6
6840000
627.6
628.1
630
617.3
628.3
8844000
628.3
623
626.5
620
620.3
6355100
620.3
616.8
621.1
612.6
619.8
6411100
619.8
632.5
642.9
632.1
634.4
8115700
634.4
627
641.3
624.3
638.9
4900000
638.9
638.9
640.3
632.2
638.7
4386900
638.7
636.3
641.9
630.1
633
8061100
633
635
644.6
633.5
643.3
7681200
643.3
641.1
648.5
632.9
633.4
5091700
633.4
637.6
637.8
627.6
632.4
5552700
632.4
628
633.9
627.8
630.9
3690700
630.9
631.6
633.4
627.3
630.7
4531000
630.7
634.5
637.7
631.4
633.3
4971700
633.3
636.4
651.5
634.6
648.5
6172500
648.5
654.9
661.7
653.7
654
6348000
654
648.7
652
640.3
647.7
4600400
647.7
652
656.1
650.9
652.3
5690700
652.3
656
659.7
653.1
655.6
4205800
655.6
663.1
670.4
658.7
664.3
7105900
664.3
670
670.2
662.1
663
3724500
663
668
670.2
664.5
664.5
3700900
664.5
663.1
664
656.1
661.3
5091100
661.3
659.8
671.7
658.2
668.8
3841700
668.8
671.9
674.1
669.1
670.6
4240000
670.6
670
673.5
668.3
669.4
3839400
669.4
670.5
671.5
661
663
7929700
663
655
664.8
650.2
654.8
9687400
654.8
655
660
654.2
657.7
4747100
657.7
667.3
668.8
650.7
650.8
13355900
650.8
651.8
652.5
642.3
651.5
8292100
651.5
652.9
662.6
649.3
651.4
8878100
651.4
651.2
658.6
648
655.6
5707300
655.6
654.9
656.4
649.7
651.6
5485600
651.6
653
657.1
650.1
657.1
4786200
657.1
660.5
664.8
657.1
660.6
6225900
660.6
660
660
650.7
653.8
4772600
653.8
654.8
655.6
649.6
650.5
6025600
650.5
648
648
634
635.7
6875700
635.7
638.6
643.9
637
643.3
3832200
643.3
644
645.8
633.7
636.1
4615200
636.1
636.1
648
632.7
647.1
7087700
647.1
652.2
655.3
647.5
654
3638700
654
655
655.5
647.6
650.6
5031900
650.6
650.1
657.5
650.1
654.1
5260800
654.1
654.2
665.7
652.3
664
6538600
664
664
666.9
662.7
665.1
6235600
665.1
670
675.5
662.7
663
7590900
663
666
672.8
662.3
668.7
5699600
668.7
672
678.5
670.3
674.8
7325800
674.8
673.3
677.5
672.5
675
5290900
675
676.4
679.4
672.5
673
5414200
673
668.4
669.3
664.1
666.4
6166700
666.4
666.5
668.3
660.9
661.3
5697400
661.3
663.4
666.6
661.3
664.1
3837000
664.1
663.3
665.6
660.4
662.2
4843300
662.2
660
662.7
656.1
656.8
4596600
656.8
655
655
644.4
647.6
8822200
647.6
643.3
651.7
640.5
650.4
8513100
650.4
652.4
662.9
649.7
661.7
7524700
661.7
661.7
664.5
658.4
664
6090200
664
664.6
672.1
664.2
669.4
4921500
669.4
673.4
679.8
672.6
678.5
8888200
678.5
680
693.8
679.8
690.6
8977800
690.6
697.8
699.8
691
692
7531900
692
697.6
702.7
695.4
700.8
9222200
700.8
705
714.1
704.7
713.9
11673100
713.9
713.5
716.9
711.3
714.3
17994900
714.3
700
700
688.6
695.2
9488100
695.2
689.2
697.3
687.4
687.4
8190700
687.4
692.1
697.3
689.9
691.2
6956300
691.2
690
695.2
688.5
690.8
5824700
690.8
691
695.1
687.7
688.6
6955400
688.6
687
689.6
679.3
680
5230000
680
683.6
690.6
683.6
686.4
6040900
686.4
685.3
695.7
685
693.3
7873300
693.3
687
693.6
685
687.5
7560300
687.5
689.2
692.6
686.3
691.9
5576900
691.9
669.9
673.3
663.6
666.3
7905600
666.3
663.1
666.9
659
665.9
6981400
665.9
661.2
664.1
655
655.2
5548400
655.2
654
661
653.3
660.9
4348300
660.9
670.9
676.7
668.8
676
6185400
676
682.6
686.9
679.7
680.1
4982300
680.1
672.2
677.1
670.2
674.6
5098000
674.6
672.3
683
669.8
680.4
5112500
680.4
675.4
676.6
662.5
664.4
6407400
664.4
669
669.5
660
665.3
5973000
665.3
651.1
653.4
645.8
649.3
6944000
649.3
653.9
655.5
645.1
650.5
6518300
650.5
653.6
657
649.5
650.5
5806100
650.5
625
640.5
621.3
635.9
20169400
635.9
635
647.1
629.1
646.9
7950900
646.9
647.1
647.8
637.6
645.9
6313200
645.9
644
653.9
641.5
653.7
4894100
653.7
646.7
652.9
644.8
647.6
6414800
647.6
649.1
656.4
646.3
652.3
4627000
652.3
647.3
657
635.9
638.8
7626900
638.8
648.8
653.4
643.3
644.7
5157300
644.7
644.4
650.2
641.8
642.8
4833600
642.8
640.1
643.1
637.7
643.1
4049100
643.1
636.1
636.1
629.2
633.4
6019000
633.4
636.9
640.4
633.5
637.5
5739100
637.5
633.5
635.8
626.9
631.8
5482300
631.8
631.8
634.8
625.5
625.8
6584500
625.8
627
630.4
620.1
623.7
5047700
623.7
618.1
628.2
616.3
627.3
4975800
627.3
618
620.3
612.2
618.6
6005400
618.6
619.1
619.7
613
619.1
4173000
619.1
616
625.1
615.5
624.2
5174400
624.2
630
633.5
626.8
629.5
5701300
629.5
631.1
634.9
627
628.7
4633200
628.7
633.4
637
631.8
632.3
3904700
632.3
632
632.2
626.2
626.5
6207100
626.5
632
638.9
628.1
637.3
6060800
637.3
635
636
622.1
622.6
6051000
622.6
615
619.3
611.8
616.6
5990300
616.6
614
616.2
605.6
607.9
6937500
607.9
612.9
614.2
605.9
613
6249400
613
603
606
594.6
601.8
4949400
601.8
599.7
599.7
586.3
593.8
6840200
593.8
605.4
616.7
605
614.5
9384200
614.5
616.9
628.4
616.3
624.6
7217000
624.6
620
622.9
612
612.2
7497400
612.2
612.4
618.9
612.3
617.2
4143700
617.2
610
615
607.3
611.6
5992500
611.6
606
613.7
605.1
608.6
6475300
608.6
603.6
604.1
581.1
583.1
8707900
583.1
577.7
578.8
556
563.7
14437700
563.7
523.7
537.9
523.7
533.3
11572000
533.3
538.1
544.8
528.7
536.1
7022800
536.1
559.7
561.1
553
555.4
7344600
555.4
549.2
558.4
545.5
556.6
5212500
556.6
