676.9
686.2
674.7
686.1
30998900
686.1
695.4
710
692.2
710
47113200
710
720.8
728.7
714
718.4
38390900
718.4
718.1
727.7
717.1
724.7
23851800
724.7
717.7
731.9
716.1
731.3
24630800
731.3
732.5
735
726.2
728
17847800
728
736
744.6
734.9
740.1
21259900
740.1
740.5
745.8
738.1
739.5
15658700
739.5
729.5
742.4
729.1
737.1
21279100
737.1
747
748.9
729.3
730.4
22313100
730.4
734
737
728.1
734.2
17313000
734.2
744.7
753.7
735.7
739.5
29073900
739.5
740.7
751.1
736.8
748.1
22694100
748.1
749.1
756.5
744.3
746.8
24211900
746.8
740
740.5
732.4
733.7
21245300
733.7
737.4
738
725.1
726.5
17142800
726.5
728.2
730.9
721.8
722.4
14968300
722.4
722.4
724.5
708.3
712
39226400
712
703.5
721.9
701.1
707.5
30307800
707.5
718.5
728.1
711.1
726.6
27266400
726.6
718.3
721.2
697.6
705.6
39844400
705.6
691
703.3
690.9
694.8
29228500
694.8
660
666.4
645.6
662.6
49507800
662.6
677.7
680.3
656.7
657
34226100
657
662.9
666.8
653.4
661.7
22463700
661.7
642.1
650.6
636.3
650.1
24163900
650.1
663
669.8
646.4
648.8
29507600
648.8
652
663.8
640
645.1
22967600
645.1
659.3
661.6
651.7
656.3
20827100
656.3
658.2
662.5
656.1
656.8
13874700
656.8
660.2
666.5
658.8
666.4
15943300
666.4
662.9
665.9
656.1
665.5
15223900
665.5
664.8
665
648.4
653
25166600
653
648.1
652
643.3
646.2
17989400
646.2
647.6
657.4
646.4
656.4
15436600
656.4
665.4
669.2
662.4
666
17176300
666
667.6
681.2
667.6
672.9
16817900
672.9
669.9
673.8
659.5
659.6
19002500
659.6
656.2
658.2
648.8
651.8
15983800
651.8
641
644.1
637.3
639.7
20648300
639.7
635
635.9
626
632
15095700
632
644
649.3
630.5
632.1
15615200
632.1
632.2
642
629.3
634.5
16643700
634.5
637.1
638.8
634.6
635.2
12861100
635.2
636.3
645.7
629.7
631.8
21681100
631.8
642
645.5
639
643.7
17831600
643.7
641.1
645
637.2
644.6
12723100
644.6
638.3
643.7
637.3
641.1
9961200
641.1
637.6
638.2
630.5
637
16517800
637
638.2
638.4
634.7
635
12296200
635
633.5
635.3
625.7
628.6
10617100
628.6
625
633.8
624.3
630.7
12231900
630.7
624
626.9
618.8
624.9
22324500
624.9
614.5
614.6
606.1
608.5
25764100
608.5
598.5
603.6
589.3
603.5
26732300
603.5
610
618.4
607
615.5
23652500
615.5
598.9
611.2
596.8
610.6
19716900
610.6
613.5
617.5
604.4
611.2
17528200
611.2
617.4
621.2
612.3
615.3
12347600
615.3
613.6
620.3
613.5
614.4
8523200
614.4
607.1
614.1
601.6
612.7
11873300
612.7
612.7
612.7
603.5
608.7
15215300
608.7
614.2
620.1
609.4
618.1
17668100
618.1
619
622.6
616
616.3
13861900
616.3
615.1
619.9
612.4
618.5
10412000
618.5
615.5
624.4
611.6
621.1
11178600
621.1
629.8
637.1
625.5
634.6
23102200
634.6
635
636.2
628.7
630.4
10245100
630.4
637.5
645.3
636.9
639.8
15312100
639.8
635.5
638.2
631.8
635.4
10571100
635.4
633.7
635.1
625.5
629.5
9366400
629.5
626
634.3
622.6
632.7
15670900
632.7
632
645
632
636.4
16184600
636.4
636.4
639.4
633.3
636.9
8846900
636.9
637
643.1
635
642.5
10650800
642.5
650
650
643.3
645.6
16120200
645.6
639.4
642.3
636.2
641.9
17058600
641.9
641.9
643.3
638.9
641.4
15704600
641.4
630.2
639.1
627.8
632.1
26467700
632.1
635
635.3
619.6
621.3
18997200
621.3
618
620.1
615.2
616.7
17187900
616.7
611.3
613.5
597.4
603.4
28638700
603.4
605.9
609.6
603.6
606.5
13657600
606.5
602
605.5
598.2
604
17245700
604
610.2
611.3
605.5
610
10319100
610
609.8
612.1
605.8
611.4
10760800
611.4
610
619.5
608
617.2
11658900
617.2
618
620.8
615.3
615.5
10984600
615.5
610
615.6
609.5
613.1
12497400
613.1
609.8
614.4
609.2
612
14443300
612
612.1
613.8
610.1
611.5
10733400
611.5
610.6
613.7
610
612
7786500
612
612
612
607.5
608.4
9212100
608.4
605.1
607.3
601
602.8
12007600
602.8
601.1
602.7
590.8
592.9
19274300
592.9
592.9
592.9
587
587
18094600
587
586.9
588.5
579.7
583.4
14385900
583.4
582
582.7
575.3
577.1
12006100
577.1
566
566.9
561.8
565.1
21026900
565.1
570
571.4
562.4
564.1
26117500
564.1
565
575.2
562.5
571.3
17805500
571.3
575.3
582.3
574.2
578.7
13356300
578.7
582.1
582.1
575.2
575.5
13445200
575.5
575
577.9
573.4
573.8
10414100
573.8
577
583.3
575.2
581.8
15012500
581.8
581.8
583
575.1
575.1
14020500
575.1
573.5
575.1
569.3
573
12347300
573
578.2
578.5
572.9
573.5
10402200
573.5
573.6
575.9
571.1
573.3
10591500
573.3
571
573.3
568.5
570.4
13126500
570.4
570
571.9
563.9
566.2
16863500
566.2
562.3
562.8
553.1
557.4
14269300
557.4
553.3
555.9
545.7
546.9
16039800
546.9
544
550
538.2
547.7
16833700
547.7
545
545.4
539.4
540.9
12434000
540.9
537
538.7
530.9
538.4
18374300
538.4
544.8
546.5
538.2
540.2
14050600
540.2
532
545.1
532
540.6
15822000
540.6
540
540.7
533.4
539.5
11967500
539.5
533.1
536.3
531.7
534.5
15399400
534.5
534.6
538.9
530.1
538.2
16181600
538.2
533.9
542.2
532
532.9
11740700
532.9
533.5
534.8
529.6
533.3
12228700
533.3
530.7
533.7
528.6
530.4
9883500
530.4
529.4
530
524.7
527.1
12032100
527.1
527
533.4
525.6
528.9
12385100
528.9
530.5
539.4
529.4
536.5
12345400
536.5
539.9
545
538.2
541
13621100
541
536.2
538.2
528
535.2
15034500
535.2
538.4
538.6
532.6
533
9942100
533
537.8
545.5
535.3
542.3
15878200
542.3
545
552.9
543.5
547.7
15647000
547.7
553.5
553.9
545.7
546.9
9101000
546.9
549
557.4
548.6
553.5
14555300
553.5
549.6
552.1
544.6
547.4
13015400
547.4
547.2
561.5
546.8
554.1
14043000
554.1
559.6
559.9
554.3
556.5
9122400
556.5
558.8
562.5
555.8
560.3
11402800
560.3
563.9
565
558.1
559.4
13743200
559.4
528
535.8
522.6
527
59305400
527
526.3
532.8
525
529
19883600
529
533.3
536
528.5
528.5
23249800
528.5
528.5
534.9
527.1
533
15940300
533
527
531.2
524.1
525.6
19368500
525.6
525
525
515.6
519
21626400
519
521.5
523.3
518.3
519.4
13582000
519.4
518.3
521.7
517.1
521.3
10846500
521.3
520
523.8
519.6
520.1
12261100
520.1
519
519.2
515.9
518
8889200
518
518.3
519.9
512.1
513
14981600
513
507.3
507.5
499.4
502.1
19034300
502.1
503.5
503.6
500.1
502.1
11474800
502.1
504
505.6
498
500.4
11147600
500.4
498
501.3
492.9
500.3
14846900
500.3
506.6
508.4
502
506.9
10800500
506.9
503.1
509.1
503
507.8
6787300
507.8
506.9
510.4
503.8
508.2
8733900
508.2
505.1
513.2
504
510
8910800
510
509
513.6
507.1
507.9
8563700
507.9
510.9
514.4
506.7
507.8
10637200
507.8
510
512.9
508.4
510.1
8299500
510.1
514.5
519.7
512.7
513
12147400
513
514
520.7
514
518
11803100
518
518.2
518.7
513.1
514.1
16447100
514.1
508
510.6
504.8
508.5
16268300
508.5
508.6
512.4
507.3
507.9
10048900
507.9
510
513.5
508.8
511.3
11933900
511.3
511.7
516.9
511.1
511.7
14868200
511.7
511.7
513.2
509.2
510.5
11499000
510.5
507.6
509.3
503.1
507.2
13713900
507.2
505.3
511.7
504.1
509.6
12470600
509.6
511.3
515.7
510.4
514.2
13430400
514.2
513.1
515.5
508.3
511.2
12672600
511.2
511.1
518.7
510.8
515.4
14800300
515.4
518
525.5
517.7
522.6
18733900
522.6
525
536.2
524.9
534.4
21473000
534.4
542.3
548.8
541
541.7
20334800
541.7
549.8
554.4
535
551
24978200
551
555
557.9
553.1
556.2
20311200
556.2
557.9
561.9
552.5
553.8
23258200
553.8
546
546.3
539.1
545.3
20388200
545.3
540.3
545.8
539.6
541.8
13190800
541.8
547
551.9
542.7
542.7
21293300
542.7
543.4
550.3
542.3
550
16313900
550
555.5
556.6
550.2
551.3
19546300
551.3
550.5
554.8
544.3
546.1
16686400
546.1
549.1
558.3
549
554
22324500
554
554
565.9
554
562.4
24349100
562.4
558
563.9
552.2
557.3
19726800
557.3
560
563.4
557.7
560.1
16219000
560.1
540.1
543
532.5
538.6
31406800
538.6
535.9
538.8
532.7
538.1
17855800
538.1
534.1
534.8
531
531
14375700
531
532.3
538.6
531.7
537.4
13922700
537.4
550
555.9
548.1
554.5
22564000
554.5
558
560.3
556
557.2
17569300
557.2
550
552.7
547
551.9
14661200
551.9
549
556.6
546.4
555
11620000
555
551.5
553.1
541.2
541.4
17555600
541.4
548.7
550.9
538
541.5
16026400
541.5
527.8
529.4
522.1
525
23424400
525
533
533.9
524.4
528
18978000
528
532.6
536.8
530
530.2
16171300
530.2
525.5
535.6
524.9
529
37023700
529
534.9
548.3
530.8
547.5
23414500
547.5
525
526.5
511.3
520.8
31477300
520.8
522.2
526.9
512.5
525
25626500
525
525.1
533.6
522.2
529.6
15468000
529.6
529.6
542
527.5
538.5
14371400
538.5
533.7
541.2
520.8
524.4
21783200
524.4
534.4
535.8
527.6
527.9
14607300
527.9
528.2
533.8
526.7
529.6
9782800
529.6
526.7
529.3
524.4
528
7006400
528
520
520.3
511.1
517
15169300
517
517.1
521.9
515
518.2
11398300
518.2
512.7
514.9
510.1
514.2
12615900
514.2
511.5
520.7
510.6
511.4
14213700
511.4
511.1
517.7
506.9
509.4
13256900
509.4
505.5
516.2
505.5
512.7
13446900
512.7
505.4
511
504.1
509.1
14225800
509.1
510
513.4
507.9
510.7
9964900
510.7
507.1
512.5
505.1
511.6
10066500
511.6
518.3
520.4
513.8
514.1
12841500
514.1
515.4
519.4
514.2
517.4
10885700
517.4
519
522
518.1
519.5
11013200
519.5
518.3
519.1
511.2
511.4
16426900
511.4
514.8
520.9
513.1
516.4
14902200
516.4
515.4
516
498.5
500.6
25289300
500.6
489.1
489.4
482.4
484.2
22505200
484.2
484
486
470
471.9
25221900
471.9
475
476.8
468.5
472.3
17961300
472.3
461.7
461.9
455.2
455.4
22835600
455.4
455
456.3
447.1
449.8
20992900
449.8
454.7
464.3
454
460.7
21735100
460.7
464.5
471.6
462.2
469
19089200
469
472
473.5
459.9
461.2
22025500
461.2
460
465.4
459.8
461.8
13668300
461.8
454.4
461.7
453
459.1
14811400
459.1
452
452
443.8
444.2
18213300
444.2
436.3
437.8
414.3
416.8
33441400
416.8
419.1
423.1
409.1
415.4
35934400
415.4
396
405.2
393
399.5
24505300
399.5
405
410.6
399.9
405.1
15330400
405.1
425.5
426.3
418
422.6
16998900
422.6
416.7
423.2
414.2
420.8
14754800
420.8
