3845
3872
3824
3862
1441900
3862
3900
3914
3878
3891
1161300
3891
3941
3941
3855
3889
2154500
3889
3891
3927
3882
3897
1897000
3897
3802
3837
3786
3805
3075200
3805
3788
3816
3738
3755
2997100
3755
3780
3822
3772
3781
1037900
3781
3796
3828
3794
3813
1290000
3813
3823
3830
3794
3812
1682800
3812
3862
3888
3777
3778
2265100
3778
3781
3811
3756
3795
1613500
3795
3899
3904
3859
3876
2188300
3876
3884
3949
3854
3930
1745900
3930
3915
3945
3909
3927
1854100
3927
3886
3908
3860
3900
1993200
3900
3910
3911
3843
3844
1606500
3844
3860
3886
3836
3845
1073300
3845
3839
3845
3768
3794
1895400
3794
3762
3785
3711
3711
2468600
3711
3750
3764
3708
3754
1844200
3754
3737
3774
3717
3755
1317100
3755
3701
3736
3695
3723
1641500
3723
3583
3592
3517
3585
3076300
3585
3642
3647
3532
3540
2868000
3540
3573
3620
3545
3593
1972900
3593
3501
3510
3474
3505
2392800
3505
3540
3547
3441
3456
1980200
3456
3456
3478
3405
3456
2379700
3456
3388
3392
3281
3342
4346500
3342
3327
3375
3320
3335
2370300
3335
3385
3420
3374
3398
1672600
3398
3397
3412
3376
3397
1608500
3397
3408
3418
3345
3361
2843800
3361
3340
3355
3305
3328
2118900
3328
3336
3349
3323
3346
1295600
3346
3382
3387
3347
3352
963200
3352
3380
3408
3366
3388
1437300
3388
3393
3412
3332
3332
2508400
3332
3304
3317
3281
3295
2247800
3295
3228
3260
3210
3248
1814300
3248
3231
3263
3225
3254
976800
3254
3300
3317
3269
3269
1587900
3269
3271
3298
3257
3279
1610900
3279
3310
3317
3267
3281
1388800
3281
3304
3338
3277
3288
1898700
3288
3333
3352
3317
3325
1294000
3325
3334
3349
3309
3347
1904900
3347
3351
3375
3338
3370
1954200
3370
3364
3367
3311
3336
1328400
3336
3339
3341
3308
3313
1925800
3313
3313
3349
3309
3324
1584100
3324
3330
3373
3329
3372
1822800
3372
3373
3384
3311
3367
2322100
3367
3300
3303
3236
3257
2451900
3257
3213
3254
3178
3221
2035500
3221
3233
3294
3225
3294
2094400
3294
3200
3273
3184
3271
2096700
3271
3290
3294
3233
3276
1737700
3276
3310
3359
3267
3355
2331000
3355
3355
3399
3353
3353
1205400
3353
3330
3371
3310
3360
1191000
3360
3392
3404
3372
3391
1464200
3391
3428
3462
3410
3418
1853300
3418
3419
3455
3405
3422
1550500
3422
3427
3492
3427
3478
1742000
3478
3448
3536
3444
3517
1887200
3517
3562
3572
3528
3530
1964000
3530
3536
3550
3499
3529
1400100
3529
3558
3589
3520
3527
1294500
3527
3532
3551
3513
3531
989500
3531
3498
3512
3466
3477
1672200
3477
3466
3537
3464
3521
1647400
3521
3552
3595
3545
3577
1866300
3577
3587
3626
3584
3600
1607900
3600
3627
3660
3615
3619
1321300
3619
3651
3652
3602
3628
1424600
3628
3632
3670
3628
3660
1342500
3660
3680
3696
3662
3681
1118000
3681
3700
3708
3653
3672
1178700
3672
3679
3699
3664
3676
991800
3676
3681
3691
3654
3669
778100
3669
3670
3673
3590
3641
1228400
3641
3660
3702
3645
3662
1224700
3662
3634
3690
3627
3681
1409600
3681
3678
3704
3675
3699
728600
3699
3714
3748
3703
3740
1259300
3740
3735
3769
3711
3760
901500
3760
3774
3795
3750
3754
1177200
3754
3766
3789
3753
3768
1058700
3768
3790
3826
3775
3824
1761800
3824
3843
3882
3803
3868
1627000
3868
3780
3780
3709
3715
2712100
3715
3682
3682
3611
3613
2445100
3613
3625
3640
3570
3587
1802600
3587
3560
3566
3537
3552
1702600
3552
3553
3569
3529
3558
1701100
3558
3552
3558
3510
3541
1336000
3541
3535
3555
3517
3540
1214100
3540
3448
3461
3421
3448
2655200
3448
3479
3507
3446
3464
3550800
3464
3461
3484
3430
3461
1502100
3461
3520
3537
3498
3515
1130000
3515
3513
3524
3490
3499
1141300
3499
3495
3530
3482
3518
1011900
3518
3537
3563
3527
3538
1750200
3538
3526
3568
3518
3540
1867800
3540
3525
3578
3511
3553
986200
3553
3574
3583
3534
3539
1077100
3539
3585
3619
3554
3596
1753800
3596
3575
3599
3546
3571
1527900
3571
3578
3585
3547
3559
1613700
3559
3539
3540
3490
3514
1312200
3514
3475
3535
3468
3485
1570100
3485
3485
3492
3438
3474
1654200
3474
3443
3471
3421
3440
1370800
3440
3423
3436
3403
3423
1325700
3423
3452
3457
3405
3415
1082600
3415
3403
3461
3397
3445
1314500
3445
3454
3461
3414
3437
1007500
3437
3436
3458
3404
3428
1365300
3428
3413
3451
3393
3444
1416400
3444
3382
3426
3341
3392
2216500
3392
3416
3421
3376
3402
1669200
3402
3379
3424
3367
3404
987600
3404
3424
3450
3415
3428
1398300
3428
3416
3446
3395
3421
1719900
3421
3407
3445
3396
3416
2072500
3416
3430
3443
3407
3407
2076800
3407
3367
3402
3361
3394
1624800
3394
3394
3416
3393
3397
1674400
3397
3397
3409
3386
3395
1637800
3395
3420
3439
3414
3427
1352300
3427
3427
3436
3402
3409
1170300
3409
3414
3442
3406
3406
1361200
3406
3412
3425
3386
3411
1212300
3411
3402
3466
3394
3440
1101600
3440
3466
3491
3438
3445
1132000
3445
3432
3447
3423
3427
1256400
3427
3453
3468
3435
3455
1134900
3455
3467
3478
3450
3462
1250100
3462
3472
3490
3430
3438
1325000
3438
3469
3476
3408
3412
3052000
3412
3406
3448
3399
3437
1948500
3437
3451
3486
3432
3435
1501900
3435
3443
3462
3424
3430
1101800
3430
3424
3446
3416
3425
894800
3425
3423
3458
3418
3448
1021800
3448
3456
3467
3425
3428
1501800
3428
3410
3420
3366
3401
1867900
3401
3388
3398
3369
3390
1853200
3390
3368
3397
3363
3389
1924900
3389
3410
3419
3395
3408
1179800
3408
3411
3424
3384
3395
1379500
3395
3381
3415
3348
3415
1517600
3415
3420
3462
3418
3445
1035100
3445
3432
3464
3426
3456
941900
3456
3420
3443
3418
3430
908900
3430
3433
3467
3420
3445
842200
3445
3449
3468
3439
3445
754400
3445
3473
3490
3449
3455
1122000
3455
3465
3476
3454
3473
815500
3473
3477
3494
3458
3461
1199000
3461
3457
3492
3443
3484
856500
3484
3500
3508
3464
3471
1208400
3471
3456
3456
3413
3415
1556100
3415
3403
3409
3376
3385
1425200
3385
3402
3421
3387
3391
977600
3391
3360
3363
3308
3311
2307200
3311
3273
3282
3211
3228
1839300
3228
3237
3261
3224
3252
1530600
3252
3260
3313
3259
3295
1616900
3295
3282
3313
3266
3301
1792700
3301
3288
3305
3272
3300
1753600
3300
3305
3347
3305
3318
1710400
3318
3394
3423
3378
3423
3107400
3423
3475
3570
3438
3561
3094400
3561
3625
3685
3617
3659
2598400
3659
3697
3704
3652
3701
2372000
3701
3700
3770
3692
3765
3530600
3765
3780
3828
3769
3827
2543300
3827
3752
3794
3735
3787
1958700
3787
3780
3825
3762
3791
1448000
3791
3794
3830
3778
3794
2006900
3794
3770
3789
3758
3768
1224900
3768
3790
3816
3747
3760
1861300
3760
3735
3792
3735
3750
1367600
3750
3825
3839
3759
3773
1968000
3773
3776
3841
3775
3819
1709300
3819
3796
3800
3731
3769
1782700
3769
3780
3796
3738
3779
1342400
3779
3671
3709
3662
3699
1738600
3699
3637
3650
3547
3587
2621600
3587
3530
3566
3526
3541
1803100
3541
3530
3564
3514
3547
1295700
3547
3581
3601
3551
3573
1088400
3573
3588
3608
3576
3582
798100
3582
3552
3592
3548
3569
939400
3569
3550
3562
3529
3542
1102000
3542
3516
3528
3456
3484
1140300
3484
3485
3497
3419
3462
1446800
3462
3379
3431
3370
3401
1324000
3401
3424
3450
3370
3401
1450900
3401
3416
3436
3366
3377
1130600
3377
3344
3378
3344
3357
1768600
3357
3383
3415
3349
3406
1436600
3406
3406
3443
3387
3401
1703600
3401
3385
3422
3366
3409
1544200
3409
3388
3407
3367
3389
1079800
3389
3420
3514
3420
3488
1498600
3488
3500
3523
3427
3441
1336200
3441
3495
3550
3495
3507
1229800
3507
3516
3570
3514
3535
910800
3535
3513
3578
3509
3548
1015300
3548
3454
3465
3390
3459
1549800
3459
3480
3493
3423
3433
1633400
3433
3396
3433
3351
3394
1321200
3394
3390
3455
3390
3417
1231100
3417
3402
3482
3318
3447
1912300
3447
3440
3475
3396
3458
1700400
3458
3418
3458
3375
3415
1296800
3415
3429
3435
3374
3409
886900
3409
3388
3400
3367
3376
875100
3376
3395
3471
3388
3444
1563800
3444
3431
3437
3383
3401
1647600
3401
3437
3439
3407
3415
1141700
3415
3452
3478
3433
3445
2580700
3445
3471
3529
3459
3481
1028200
3481
3457
3462
3397
3413
1325800
3413
3363
3377
3326
3367
1442200
3367
3342
3360
3308
3340
1413800
3340
3324
3340
3286
3324
1516400
3324
3310
3314
3268
3307
1106900
3307
3290
3290
3226
3279
1328200
3279
3266
3302
3247
3279
1332500
3279
3300
3316
3279
3280
1180400
3280
3250
3285
3233
3240
1790600
3240
3246
3279
3239
3239
1087400
3239
3224
3266
3205
3231
1292500
3231
3222
3231
3186
3216
1299600
3216
3208
3239
3176
3193
1575100
3193
3181
3190
3087
3125
2595600
3125
3119
3120
3001
3041
1733600
3041
3052
3108
3007
3052
1518900
3052
3152
3168
3105
3120
1703500
3120
3090
3162
3087
3132
1009600
3132
