2018
2048
2016
2048
954700
2048
2072
2080
2050
2062
1182400
2062
2080
2083
2057
2081
1146500
2081
2098
2151
2098
2133
1354700
2133
2129
2162
2126
2155
1334000
2155
2147
2150
2124
2133
832400
2133
2158
2169
2151
2155
724000
2155
2158
2161
2135
2148
630700
2148
2128
2143
2118
2132
878200
2132
2150
2160
2094
2098
1116700
2098
2104
2127
2100
2125
681900
2125
2146
2160
2136
2147
885100
2147
2157
2168
2130
2163
1303900
2163
2159
2165
2127
2129
1213500
2129
2100
2106
2072
2080
1447700
2080
2070
2070
2016
2019
2080500
2019
2026
2043
2012
2022
1175500
2022
2009
2017
1991
2008
1177900
2008
1980
2021
1979
1994
1388300
1994
2015
2036
1988
2033
1324200
2033
2026
2074
2020
2070
1753000
2070
2030
2088
2026
2086
1607100
2086
1988
2000
1925
1994
2464200
1994
2053
2065
2018
2019
2325800
2019
2053
2075
2032
2062
1476300
2062
2004
2004
1962
1983
1249800
1983
2008
2015
1966
1976
1106900
1976
1986
1992
1915
1928
1777100
1928
1998
2040
1963
2030
1315300
2030
2030
2052
2018
2018
678000
2018
2038
2040
2005
2014
611000
2014
1991
1992
1949
1974
1082000
1974
1979
1987
1952
1966
815200
1966
1961
2004
1961
2001
1132100
2001
1998
2000
1971
1995
868500
1995
2004
2012
1981
1985
670300
1985
2005
2032
1998
2024
846900
2024
2010
2018
1996
2000
832900
2000
1975
1977
1937
1944
1186600
1944
1904
1915
1889
1902
1016000
1902
1884
1905
1880
1899
553500
1899
1938
1953
1909
1909
758600
1909
1901
1911
1885
1897
732700
1897
1910
1911
1878
1889
677400
1889
1900
1940
1898
1907
1015600
1907
1938
1943
1912
1932
531100
1932
1929
1947
1917
1944
620900
1944
1926
1953
1918
1948
930100
1948
1930
1933
1905
1922
992500
1922
1930
1936
1897
1908
876000
1908
1898
1904
1878
1893
818800
1893
1896
1936
1887
1933
992200
1933
1929
1960
1920
1957
1369100
1957
1917
1919
1879
1886
1372000
1886
1861
1881
1853
1881
968300
1881
1903
1947
1894
1935
1323500
1935
1862
1910
1856
1908
1481700
1908
1920
1931
1900
1922
1170600
1922
1929
1937
1912
1936
838700
1936
1930
1954
1926
1935
811400
1935
1919
1932
1912
1924
1131100
1924
1921
1940
1913
1931
778800
1931
1953
1994
1948
1975
1818200
1975
1971
1977
1947
1953
1441000
1953
1948
1988
1942
1977
845400
1977
1965
2002
1955
1994
735700
1994
2002
2005
1977
1980
418700
1980
1980
1988
1963
1971
504900
1971
1982
2000
1975
1981
771200
1981
1995
1995
1962
1968
640900
1968
1964
1965
1944
1944
581700
1944
1934
1954
1926
1947
499400
1947
1958
1964
1938
1941
703500
1941
1955
1970
1941
1955
1012900
1955
1964
2015
1960
2007
1033900
2007
2042
2090
2040
2068
1224600
2068
2065
2095
2060
2076
864200
2076
2084
2103
2082
2087
795500
2087
2100
2101
1986
1999
1231600
1999
2051
2100
2051
2078
1242500
2078
2063
2085
2042
2082
912500
2082
2067
2076
2017
2038
1024100
2038
2020
2067
2018
2046
749900
2046
2039
2043
2015
2026
1059000
2026
2024
2073
2021
2069
563700
2069
2061
2081
2051
2060
664500
2060
2040
2070
2030
2060
419300
2060
2100
2133
2092
2119
1462300
2119
2119
2156
2115
2140
925600
2140
2145
2205
2143
2196
1205000
2196
2199
2204
2178
2198
872100
2198
2182
2197
2148
2150
829200
2150
2132
2147
2111
2117
1112100
2117
2110
2143
2099
2104
810600
2104
2083
2086
2049
2065
1211000
2065
2065
2088
2051
2081
971000
2081
2073
2073
2051
2068
690000
2068
2044
2058
2028
2056
630700
2056
1965
1993
1956
1984
1149700
1984
2008
2021
1989
2001
965100
2001
2010
2056
1999
2032
857500
2032
2073
2123
2064
2114
967900
2114
2121
2141
2115
2117
963700
2117
2098
2101
2082
2088
791400
2088
2109
2146
2109
2125
1036700
2125
2125
2149
2108
2140
1003800
2140
2130
2156
2115
2143
882500
2143
2176
2224
2155
2157
2072100
2157
2139
2154
2128
2133
1174100
2133
2122
2182
2117
2156
1241700
2156
2142
2150
2122
2130
1129000
2130
2107
2107
2059
2073
1164000
2073
2046
2067
2037
2050
1057000
2050
2036
2082
2030
2082
1516900
2082
2074
2142
2070
2135
2567100
2135
2130
2148
2110
2146
2780900
2146
2137
2150
2124
2144
1926600
2144
2125
2183
2122
2178
2018400
2178
2165
2193
2139
2192
1862300
2192
2167
2197
2138
2141
1905500
2141
2137
2140
2106
2116
1769500
2116
2105
2134
2081
2083
1508000
2083
2075
2095
2063
2090
1588300
2090
2081
2082
2047
2054
1597100
2054
2040
2059
2008
2015
1465800
2015
2033
2048
2026
2035
1080800
2035
2035
2055
2023
2045
678700
2045
2075
2086
2066
2066
913100
2066
2065
2084
2049
2076
1311900
2076
2090
2107
2068
2075
1012000
2075
2082
2101
2068
2091
978100
2091
2113
2145
2110
2126
1047300
2126
2125
2126
2084
2084
1013300
2084
2107
2122
2095
2107
684500
2107
2105
2113
2075
2093
887300
2093
2127
2204
2127
2170
2258300
2170
2199
2248
2188
2215
1498900
2215
2223
2233
2168
2174
1159200
2174
2174
2187
2159
2170
1088400
2170
2190
2200
2159
2163
1217400
2163
2168
2200
2168
2190
727800
2190
2196
2210
2144
2144
1391500
2144
2165
2295
2165
2291
2145300
2291
2326
2377
2326
2327
2481100
2327
2306
2315
2249
2250
1190900
2250
2219
2221
2177
2182
1437000
2182
2200
2253
2199
2250
1479600
2250
2238
2272
2230
2250
720000
2250
2269
2270
2228
2248
862900
2248
2259
2264
2210
2243
1144000
2243
2204
2205
2121
2130
1642400
2130
2144
2155
2117
2120
1764900
2120
2119
2136
2100
2115
1027400
2115
2095
2141
2068
2137
1284100
2137
2130
2146
2115
2127
870200
2127
2128
2170
2122
2170
833300
2170
2164
2184
2152
2178
877400
2178
2183
2209
2175
2191
807600
2191
2184
2222
2177
2208
872000
2208
2226
2249
2224
2233
893600
2233
2233
2244
2212
2236
678200
2236
2240
2265
2222
2225
994700
2225
2224
2267
2221
2264
990900
2264
2269
2280
2238
2244
1004500
2244
2230
2240
2210
2215
1008400
2215
2215
2233
2190
2205
633300
2205
2209
2215
2190
2196
616000
2196
2196
2199
2168
2174
708300
2174
2168
2175
2149
2149
724000
2149
2149
2173
2148
2172
774500
2172
2180
2235
2172
2228
1075100
2228
2219
2229
2201
2221
953400
2221
2212
2215
2180
2190
927700
2190
2190
2217
2186
2195
798100
2195
2195
2218
2191
2214
1263000
2214
2234
2303
2234
2300
1356400
2300
2350
2417
2344
2398
2422800
2398
2418
2452
2403
2414
1317400
2414
2447
2482
2435
2477
1241600
2477
2491
2522
2486
2520
1103600
2520
2503
2540
2503
2529
807700
2529
2499
2510
2481
2493
1312300
2493
2510
2543
2489
2504
1780700
2504
2497
2543
2491
2541
805400
2541
2570
2589
2553
2557
1062000
2557
2520
2534
2497
2497
1137800
2497
2547
2577
2536
2547
1043900
2547
2576
2621
2540
2605
1348200
2605
2597
2600
2542
2556
1310300
2556
2566
2608
2557
2599
1200900
2599
2549
2561
2466
2491
1628300
2491
2441
2461
2422
2451
1611900
2451
2418
2433
2408
2419
1070700
2419
2409
2443
2395
2441
1392400
2441
2491
2534
2481
2497
1634500
2497
2533
2571
2528
2548
1455600
2548
2501
2558
2500
2535
1264000
2535
2509
2546
2504
2534
747100
2534
2523
2536
2477
2493
663500
2493
2520
2532
2445
2483
1200100
2483
2396
2450
2387
2416
1418600
2416
2453
2455
2384
2415
1091800
2415
2419
2464
2400
2445
1692900
2445
2445
2535
2445
2533
1821900
2533
2633
2634
2448
2625
2449400
2625
2598
2663
2563
2638
1422200
2638
2644
2696
2610
2695
1059100
2695
2680
2717
2649
2655
806000
2655
2674
2725
2668
2723
1130100
2723
2745
2758
2633
2651
1585900
2651
2718
2743
2689
2702
1168300
2702
2701
2705
2657
2682
1210500
2682
2640
2679
2616
2654
1593900
2654
2411
2509
2377
2503
3334200
2503
2500
2508
2438
2450
1850700
2450
2424
2448
2399
2443
1722000
2443
2459
2491
2433
2440
1396900
2440
2398
2411
2329
2366
2366000
2366
2386
2435
2369
2416
1577800
2416
2387
2407
2387
2387
935700
2387
2390
2392
2315
2351
1425100
2351
2338
2345
2302
2339
942200
2339
2371
2420
2349
2397
993600
2397
2402
2410
2364
2386
931400
2386
2399
2408
2374
2392
1359800
2392
2384
2389
2343
2380
2663100
2380
2417
2456
2391
2440
953100
2440
2450
2456
2352
2355
1128000
2355
2310
2329
2288
2318
1111600
2318
2292
2304
2261
2273
1298900
2273
2272
2293
2245
2263
1324700
2263
2227
2264
2210
2244
897800
2244
2221
2233
2196
2217
844500
2217
2210
2246
2210
2228
1523100
2228
2226
2245
2200
2223
1462000
2223
2218
2247
2209
2222
1496200
2222
2250
2264
2232
2245
757200
2245
2218
2240
2192
2203
1061900
2203
2200
2217
2155
2214
975700
2214
2190
2225
2163
2171
894600
2171
2159
2166
2102
2126
1171100
2126
2076
2077
2004
2006
1123100
2006
2020
2035
1981
2014
1230700
2014
2092
2114
2048
2054
1313000
2054
2047
2073
2030
2055
1033800
2055
