1965
1974.5
1956
1964
3215800
1964
1981
1993
1966.5
1976
2820200
1976
1993.5
2007
1982.5
1992
2749300
1992
2017
2040.5
2016
2028.5
3217000
2028.5
2031
2053.5
2015
2044.5
3451600
2044.5
2053
2059
2025
2032
2688200
2032
2049
2066
2035
2044
1425300
2044
2047.5
2049.5
2019
2027.5
1743500
2027.5
2019.5
2031.5
2010
2031
1952700
2031
2056.5
2060.5
1997.5
2004
2226200
2004
2016
2035.5
2001
2035.5
1974200
2035.5
2084.5
2088
2049
2067.5
3795100
2067.5
2091
2095
2046
2065.5
3387600
2065.5
2069
2099.5
2031
2042.5
2463900
2042.5
2024
2026.5
1993
1995
2625200
1995
2000
2000.5
1963
1964.5
2907500
1964.5
1987
2011.5
1977.5
1997.5
2637100
1997.5
1994
1998
1958.5
1973.5
1895100
1973.5
1948
1978
1935.5
1943
2820000
1943
1942
2000
1940
1997.5
2534900
1997.5
1991.5
2026
1983.5
2021
2301600
2021
1990
2017
1969.5
2012
3165700
2012
1912.5
1921
1832
1868.5
5711400
1868.5
1925.5
1976.5
1895.5
1898
4178200
1898
1921
1929.5
1896.5
1921
2851900
1921
1860
1878
1834.5
1866.5
3147200
1866.5
1896.5
1898
1827.5
1837.5
2862600
1837.5
1823
1861
1805.5
1806.5
2975400
1806.5
1834.5
1879
1821
1854
3554300
1854
1847
1869.5
1836
1839
1866500
1839
1863
1864
1832
1848.5
1700100
1848.5
1827
1834.5
1787.5
1806.5
2694700
1806.5
1808
1815.5
1757.5
1776
3330300
1776
1764
1810
1764
1803
2737900
1803
1792
1807.5
1776
1804.5
1431800
1804.5
1819
1825
1782.5
1784.5
2012900
1784.5
1794
1809
1788
1795.5
2226800
1795.5
1788.5
1806
1779.5
1779.5
1932200
1779.5
1747.5
1763
1729.5
1739
1930700
1739
1695.5
1707
1683
1699.5
3116300
1699.5
1683
1701
1679
1690.5
1637900
1690.5
1727.5
1733
1692
1692
1864200
1692
1682
1692.5
1651
1665
3268000
1665
1686
1688.5
1656.5
1661.5
1674400
1661.5
1678
1716
1668.5
1683.5
3391700
1683.5
1718
1721.5
1696.5
1715
2015300
1715
1707
1710.5
1685
1703.5
2066500
1703.5
1685.5
1758.5
1685
1726.5
2975200
1726.5
1717.5
1720
1689
1708.5
2081600
1708.5
1718
1718
1699
1701.5
2548200
1701.5
1691
1705.5
1686
1700
1794400
1700
1700.5
1725.5
1697.5
1720.5
2121200
1720.5
1698
1725.5
1690.5
1720.5
2464300
1720.5
1671
1701.5
1646.5
1657.5
3489400
1657.5
1634
1656
1621
1652
2844500
1652
1672.5
1716
1667.5
1703
2692800
1703
1652.5
1690.5
1646.5
1688.5
2826200
1688.5
1705
1717
1656
1673.5
2962500
1673.5
1685.5
1690.5
1664
1688.5
2348300
1688.5
1681
1702
1679
1679.5
1634000
1679.5
1654.5
1659.5
1633.5
1652.5
3095800
1652.5
1651
1670.5
1639.5
1663
2423300
1663
1676.5
1688.5
1651.5
1668.5
2107700
1668.5
1661
1669.5
1646.5
1654.5
1890400
1654.5
1655.5
1687.5
1653
1682
1511100
1682
1662.5
1706
1658.5
1695.5
1588800
1695.5
1696
1711
1687.5
1688
1570500
1688
1677
1682
1667.5
1672
1200900
1672
1681.5
1714.5
1681.5
1705.5
1585700
1705.5
1710
1713
1691
1705
1109600
1705
1694.5
1701.5
1673.5
1676.5
1218200
1676.5
1674
1703
1669
1695.5
1757600
1695.5
1705
1721.5
1692
1702
1229200
1702
1713.5
1743
1710.5
1738
2252500
1738
1818
1847.5
1805.5
1811.5
4094700
1811.5
1861
1869
1833
1847.5
4344500
1847.5
1849.5
1886.5
1846.5
1885.5
3968700
1885.5
1895
1916
1880.5
1897
3885900
1897
1909.5
1915
1852
1859
3691200
1859
1858
1878.5
1837.5
1844.5
1763500
1844.5
1843
1845.5
1818.5
1840.5
1915600
1840.5
1842.5
1843
1771.5
1794.5
2618900
1794.5
1789
1825.5
1785.5
1809
1525700
1809
1803
1808.5
1791.5
1805
1027200
1805
1810
1826
1803
1809.5
1313300
1809.5
1807
1824.5
1797
1816
1831400
1816
1813
1841
1794
1827.5
1094300
1827.5
1899.5
1899.5
1844
1860.5
2049500
1860.5
1861
1933.5
1860
1867.5
2901600
1867.5
1867.5
1916.5
1858.5
1906
2936500
1906
1918.5
1956.5
1917.5
1950
2975400
1950
1944.5
1948.5
1923.5
1923.5
2446200
1923.5
1893
1899.5
1863
1872.5
2763800
1872.5
1865.5
1887.5
1849.5
1853.5
2772300
1853.5
1824.5
1838.5
1799
1805
3398800
1805
1795
1806
1790.5
1801.5
2357200
1801.5
1794.5
1802.5
1772
1800
2283400
1800
1779.5
1786
1767
1782.5
2500200
1782.5
1727
1738
1718.5
1733
3824800
1733
1733
1735.5
1712.5
1717
7999800
1717
1708.5
1753.5
1695.5
1745.5
3715700
1745.5
1761.5
1803
1751.5
1800
3173900
1800
1800
1808.5
1789
1807.5
2057900
1807.5
1799
1803
1789
1791.5
1938400
1791.5
1803
1823
1788
1790
2459700
1790
1782.5
1807.5
1778
1793.5
2800400
1793.5
1781
1824.5
1776.5
1810.5
2385000
1810.5
1830
1839
1767
1769.5
3225900
1769.5
1766.5
1801
1761
1788.5
2406400
1788.5
1788.5
1797
1767
1783.5
2217800
1783.5
1793
1793
1750.5
1757.5
3077800
1757.5
1750
1750.5
1703.5
1715.5
2984000
1715.5
1690.5
1721.5
1682
1705.5
2636000
1705.5
1694
1698.5
1667
1695.5
2651700
1695.5
1675
1697
1662.5
1690.5
2605500
1690.5
1670.5
1679
1656
1677
2954100
1677
1682
1694.5
1670.5
1676
2018000
1676
1667.5
1702.5
1655
1695
2290200
1695
1681
1697.5
1658.5
1691
1577200
1691
1687.5
1693.5
1660.5
1666.5
2184200
1666.5
1664.5
1670
1642.5
1664.5
2470800
1664.5
1656
1660.5
1617
1622
3138200
1622
1634
1639.5
1603.5
1623.5
2680100
1623.5
1615.5
1626
1608
1608.5
1467800
1608.5
1608
1617.5
1576.5
1583.5
2438500
1583.5
1586
1596
1580
1586
1832900
1586
1587
1603
1579
1593
1771400
1593
1611
1631.5
1599.5
1618.5
3351400
1618.5
1593.5
1596
1575
1592
1570500
1592
1594.5
1600.5
1581.5
1594
1520400
1594
1596.5
1617
1589.5
1607
2105900
1607
1617
1638.5
1606.5
1626.5
1858000
1626.5
1630.5
1637.5
1615
1616.5
1720000
1616.5
1620
1655
1618.5
1650.5
3105200
1650.5
1634.5
1634.5
1599.5
1610
2490700
1610
1643
1700.5
1642
1659
5256900
1659
1678
1724.5
1675
1684.5
4022600
1684.5
1684.5
1704.5
1668.5
1685
2698700
1685
1694.5
1729
1691.5
1717.5
3261300
1717.5
1732
1741.5
1718
1732.5
2233300
1732.5
1736
1745.5
1710.5
1720
2077200
1720
1732.5
1752
1659.5
1665
5486400
1665
1673.5
1781.5
1660
1772.5
4261700
1772.5
1789
1816.5
1772.5
1778
3552700
1778
1774.5
1781.5
1736
1742.5
2329200
1742.5
1732.5
1736
1700
1707
2244100
1707
1718
1741.5
1702.5
1737
2465200
1737
1726.5
1746
1719
1729
1603600
1729
1732
1732
1695
1710
1822200
1710
1699.5
1705
1661.5
1664.5
2755100
1664.5
1641.5
1642.5
1576.5
1594.5
3722500
1594.5
1600
1612.5
1588
1608
2514200
1608
1617.5
1631.5
1592
1603
1567200
1603
1580
1609
1560
1609
2529500
1609
1616.5
1635.5
1601.5
1627
1961200
1627
1627
1656
1623
1652
1959700
1652
1633.5
1641.5
1622.5
1638.5
1096800
1638.5
1650.5
1664
1639
1654
1442000
1654
1650
1662
1645
1654.5
992600
1654.5
1672
1685.5
1660.5
1663.5
1052300
1663.5
1669.5
1685
1663.5
1678
1422800
1678
1690
1697
1679.5
1680
1372500
1680
1682
1728
1682
1718
2493800
1718
1726
1727
1690
1696
1835500
1696
1695.5
1699
1677
1689.5
1837700
1689.5
1677.5
1684
1641
1655
2055100
1655
1661
1667.5
1647.5
1653
1648700
1653
1655
1659
1639
1643
2804200
1643
1642
1644
1617.5
1619
2041000
1619
1618.5
1630.5
1600.5
1614
3148900
1614
1610.5
1654.5
1603.5
1649.5
2334400
1649.5
1647
1648.5
1621
1641
1886100
1641
1632.5
1633
1613
1623.5
1769200
1623.5
1623
1653
1615.5
1632.5
1553700
1632.5
1650
1656.5
1640.5
1647.5
2794100
1647.5
1659
1736.5
1658.5
1727
3768600
1727
1773.5
1806
1773
1787
3771500
1787
1816.5
1826
1793
1799.5
2214700
1799.5
1825.5
1872.5
1803
1859
4297300
1859
1873.5
1891
1852
1889
3091800
1889
1884
1888.5
1862
1877
2514400
1877
1857
1871
1843.5
1854
2022400
1854
1870
1905
1862.5
1875
2756300
1875
1872
1922.5
1865.5
1912
2545800
1912
1930
1950
1916
1923
2571600
1923
1900.5
1923
1894
1894
1817800
1894
1988.5
1999.5
1946.5
1966.5
4189200
1966.5
1978.5
2014
1978.5
1995.5
3921100
1995.5
1974
1978.5
1934.5
1947.5
3099000
1947.5
1947.5
1998.5
1942
1986.5
2554500
1986.5
1917
1953.5
1902.5
1918.5
3499200
1918.5
1879
1892.5
1847.5
1886
2936000
1886
1851.5
1893.5
1850.5
1884.5
1884200
1884.5
1863.5
1904.5
1856
1901.5
1686600
1901.5
1928
1937
1891.5
1910
1933300
1910
1931
1946.5
1919.5
1924
1795700
1924
1899
1939
1889
1930.5
1772200
1930.5
1914
1944.5
1908
1930
1468800
1930
1926
1932.5
1867.5
1882
2682300
1882
1887.5
1894
1822
1846.5
3078800
1846.5
1792
1800
1763
1771
3455500
1771
1771.5
1777
1741.5
1770
2698300
1770
1783.5
1791.5
1725.5
1748.5
2355900
1748.5
1739
1787
1736.5
1779
2414200
1779
1801.5
1819
1772.5
1819
2007200
1819
1811
1857.5
1802
1844
2269800
1844
1852.5
1873.5
1825.5
1872.5
2560400
1872.5
1870
1893.5
1859.5
1864
1972200
1864
1860
1906
1850
1893.5
2241800
1893.5
1900.5
1913
1836.5
1848
3118400
1848
1884
1908
1881
1886
1749000
1886
1886.5
1910.5
1870.5
1881
1160400
1881
1856
1881
1853
1870.5
1487800
1870.5
1813.5
1825.5
1769.5
1820.5
2785800
1820.5
1835
1855.5
1822
1828
1892600
1828
1788
1837.5
1730.5
1763
3948300
1763
1761.5
1784
1740.5
1743
2640200
1743
1730
1737
1668.5
1682.5
4161900
1682.5
1681
1691.5
1652
1671
2646800
1671
1641.5
1657
1624.5
1636.5
2184600
1636.5
1649
1651
1601.5
1631.5
2304600
1631.5
1633
1634
1606
1629.5
1620300
1629.5
1649
1675
1641
1664
2606400
1664
1664
1664
1633
1660
2446300
1660
1659.5
1660
1616.5
1620.5
4163200
1620.5
1624.5
1629
1610
1613
3153300
1613
1636.5
1666.5
1619.5
1653.5
2530300
1653.5
1654
1660
1588
1596.5
3723500
1596.5
1551.5
1566
1530.5
1561.5
3469300
1561.5
1554
1556.5
1517.5
1532
2623100
1532
1531
1543.5
1508
1523.5
2804200
1523.5
1500
1501
1481.5
1494
2372700
1494
1481
1486
1441.5
1452
3216300
1452
1470
1479
1454
1473.5
3705100
1473.5
1478.5
1487.5
1464.5
1479
1838700
1479
1472.5
1481.5
1438.5
1446.5
3019500
1446.5
1458
1480
1450.5
1451.5
1901600
1451.5
1429.5
1444.5
1411.5
1420
2629100
1420
1400
1424
1382.5
1423
2791500
1423
1401.5
1411
1365
1372.5
2494500
1372.5
1352.5
1360
1315
1324
3953200
1324
1271.5
1275.5
1245
1250
2910500
1250
1246
1268
1213.5
1234
4085300
1234
1293.5
1306.5
1266
1282
4848200
1282
1265.5
1289
1252.5
1279
2666200
1279
