2580
2638
2567
2636
5321500
2636
2714.5
2716.5
2669.5
2713
7014500
2713
2746.5
2800
2743
2800
7659900
2800
2772
2863
2772
2857.5
5544300
2857.5
2857.5
2876.5
2818
2871
6011500
2871
2868.5
2869
2821.5
2846
4601700
2846
2851
2894
2848.5
2887.5
3122800
2887.5
2846
2863
2825.5
2836
4391600
2836
2821
2847.5
2815
2817
3359000
2817
2841
2843.5
2777
2788.5
4120100
2788.5
2787.5
2808.5
2780.5
2808.5
2745000
2808.5
2829
2837.5
2812.5
2834
2930200
2834
2855
2911.5
2851
2911
4793700
2911
2931.5
2984
2929.5
2964
5841400
2964
2950
2960
2927
2951.5
5045400
2951.5
2953.5
2973
2940
2942.5
3727500
2942.5
2950
2963.5
2925.5
2935
2647300
2935
2928
2948
2899
2918.5
3883200
2918.5
2902
2902
2843
2857.5
7020100
2857.5
2850
2856
2805
2830
5572200
2830
2811.5
2821.5
2784.5
2809
3185000
2809
2729.5
2746.5
2698
2717
4655300
2717
2614
2616
2529
2589.5
7804100
2589.5
2650.5
2703
2599.5
2602.5
4994800
2602.5
2621
2650.5
2599.5
2635
4776700
2635
2543.5
2584.5
2525
2584
4912100
2584
2661.5
2667
2589
2601
5416700
2601
2604
2619.5
2538.5
2557.5
4440100
2557.5
2586
2602.5
2572.5
2577.5
2380600
2577.5
2582.5
2609.5
2573.5
2575
2060700
2575
2608
2656.5
2598
2651.5
3258200
2651.5
2630.5
2631
2574.5
2595.5
3052600
2595.5
2599
2610.5
2573
2578.5
2786400
2578.5
2554.5
2578
2547
2556
4356100
2556
2575
2608
2575
2597
1855000
2597
2618
2663
2618
2638
3725500
2638
2657
2669.5
2633.5
2638.5
2503700
2638.5
2614.5
2630
2573.5
2578
4124400
2578
2562
2569
2534
2559.5
2794700
2559.5
2509.5
2521.5
2481
2507.5
3432600
2507.5
2468
2481.5
2446.5
2458.5
2547800
2458.5
2501
2506.5
2453
2457.5
3439000
2457.5
2420.5
2485.5
2420
2441.5
3854000
2441.5
2468.5
2490
2465
2481
3336800
2481
2496
2532.5
2474.5
2483.5
4175400
2483.5
2520.5
2520.5
2480
2491
2682000
2491
2470
2483.5
2457.5
2479
2431500
2479
2469.5
2495.5
2465
2486
3255900
2486
2457.5
2504
2441
2503
2439200
2503
2513
2517.5
2492
2508
3081300
2508
2502
2505.5
2472.5
2486
2995900
2486
2475.5
2500
2460.5
2489
2608600
2489
2485
2524.5
2480.5
2521.5
2870900
2521.5
2458.5
2473
2437
2455
5877300
2455
2414.5
2442
2395.5
2442
3398700
2442
2466
2556
2456.5
2542
4977800
2542
2505
2510
2462
2508
3596900
2508
2530
2545
2503.5
2532
2843100
2532
2574.5
2597
2566.5
2581.5
4072400
2581.5
2570
2583
2531
2531
2401300
2531
2510
2535
2486.5
2527
2778300
2527
2549.5
2583
2531
2576
3365700
2576
2614
2701
2609.5
2689.5
8162100
2689.5
2689
2716
2663.5
2671
4943800
2671
2671.5
2713
2643
2697.5
3860400
2697.5
2687
2722
2684.5
2691.5
2633900
2691.5
2700.5
2726.5
2694.5
2704.5
2962400
2704.5
2703
2721.5
2695
2716
2371500
2716
2713.5
2736
2691.5
2723.5
3228000
2723.5
2718.5
2738.5
2708
2710.5
1884200
2710.5
2718
2727.5
2678.5
2695
1934600
2695
2705.5
2734.5
2699
2728
2731600
2728
2740
2755.5
2701
2706
3107900
2706
2700
2720.5
2697
2704
2456000
2704
2710
2727.5
2701
2721.5
1931800
2721.5
2777
2807
2750.5
2781
4314200
2781
2732
2753
2713.5
2749.5
2666600
2749.5
2767
2786.5
2741.5
2777
2800900
2777
2793.5
2816.5
2773.5
2811.5
3915400
2811.5
2804
2861.5
2796
2848.5
2759000
2848.5
2804
2813.5
2742
2765.5
4985900
2765.5
2758
2780.5
2736.5
2779.5
3191200
2779.5
2814.5
2825
2765.5
2774.5
3868400
2774.5
2777
2779.5
2735.5
2743
3620900
2743
2764.5
2803.5
2763
2789.5
2870700
2789.5
2791
2820
2779.5
2807
3099500
2807
3077
3082
3028
3064
9810500
3064
3010
3043
2957.5
2969
6483600
2969
2995
3002
2870
2878.5
7452200
2878.5
2862.5
2880
2820
2855
6838100
2855
2893.5
2895.5
2849
2853.5
3468900
2853.5
2827.5
2845
2814.5
2831
3734000
2831
2831
2836.5
2796.5
2823
2738600
2823
2786.5
2811.5
2758
2787
3622400
2787
2772.5
2776
2747.5
2761
2629200
2761
2761.5
2763
2734
2744
3430200
2744
2757.5
2789.5
2756.5
2781
2294200
2781
2763
2784.5
2759
2779
2606900
2779
2710.5
2767.5
2710.5
2750.5
3191500
2750.5
2774.5
2784.5
2725
2735
5704000
2735
2725
2763.5
2719.5
2729.5
2685500
2729.5
2764.5
2771
2723.5
2724
2798000
2724
2734
2734
2696
2701.5
3187200
2701.5
2710
2733
2701.5
2717
3338900
2717
2708
2756
2703.5
2749
3815200
2749
2735
2740
2707
2707.5
4436400
2707.5
2710
2731
2700.5
2717.5
1802700
2717.5
2747
2751
2720
2727.5
1573600
2727.5
2733
2793.5
2733
2768
2657300
2768
2747.5
2753
2710.5
2717
2788400
2717
2730
2756.5
2716
2742.5
4015000
2742.5
2734
2746.5
2717
2731.5
1991500
2731.5
2711.5
2728.5
2681.5
2685.5
3001300
2685.5
2695
2725.5
2681.5
2720
3533000
2720
2712
2740
2708
2725.5
2462500
2725.5
2708
2740
2697
2730
2091900
2730
2735
2736
2682
2682
2457000
2682
2675
2712.5
2671
2704
2352400
2704
2709
2716.5
2674.5
2679
2676200
2679
2663
2679
2656.5
2677
3163200
2677
2675.5
2678.5
2641
2674
3538600
2674
2660
2681.5
2643
2645.5
3842200
2645.5
2640
2656
2612.5
2640.5
3018000
2640.5
2625.5
2662.5
2625.5
2650.5
2484700
2650.5
2659
2673
2645
2650
3683100
2650
2668
2670
2646
2657
2525100
2657
2681
2710
2668
2697.5
2898600
2697.5
2724
2734.5
2694
2694
3425700
2694
2670
2695
2643
2660.5
2178500
2660.5
2676.5
2682.5
2650.5
2659
2548400
2659
2677.5
2691.5
2661.5
2683
2327700
2683
2698
2729
2695.5
2728
3772400
2728
2767
2776.5
2747
2750
2423900
2750
2763.5
2764.5
2750
2753.5
3386600
2753.5
2770
2795
2759
2764.5
3376100
2764.5
2737.5
2746
2691.5
2698.5
3603800
2698.5
2724
2770
2716.5
2752.5
2789000
2752.5
2741
2751
2700.5
2704
2795400
2704
2721.5
2728
2697
2704.5
2779600
2704.5
2718.5
2720.5
2702.5
2710
1822500
2710
2704.5
2712.5
2676.5
2680.5
2188900
2680.5
2694
2694
2649
2666
4084800
2666
2689.5
2706.5
2645.5
2649
4046600
2649
2640
2650.5
2607.5
2612
2669900
2612
2602
2603
2542
2549.5
4253400
2549.5
2560
2580
2538
2547
2455600
2547
2547
2583.5
2532.5
2582.5
2364000
2582.5
2581.5
2596
2562
2563
2112700
2563
2547.5
2552.5
2533.5
2539.5
1679100
2539.5
2529
2530
2482.5
2483
3814700
2483
2465
2483.5
2437.5
2445
2851700
2445
2455
2499
2445
2494.5
2621800
2494.5
2520.5
2525.5
2456.5
2467
2004500
2467
2440
2465
2426.5
2444.5
2630600
2444.5
2445.5
2472.5
2438
2449
2946200
2449
2448.5
2502
2438
2496
3188800
2496
2494.5
2504.5
2468.5
2479.5
2353700
2479.5
2504
2510
2476.5
2484.5
2350000
2484.5
2484.5
2505.5
2483.5
2492
1949400
2492
2514.5
2514.5
2493
2497
1326500
2497
2505.5
2547
2502
2540.5
1921000
2540.5
2559
2566.5
2540.5
2553.5
1945200
2553.5
2557
2559.5
2540
2545
1844600
2545
2549
2553.5
2515
2519.5
3243900
2519.5
2531.5
2552
2529
2544.5
2827100
2544.5
2530
2530.5
2478.5
2480.5
3346100
2480.5
2479.5
2504
2478.5
2493.5
2899800
2493.5
2443.5
2463.5
2415
2453
5131200
2453
2456
2466
2433
2447
3522800
2447
2443
2455
2418
2444.5
2683800
2444.5
2431
2456.5
2427
2437
2508000
2437
2445
2447.5
2417
2428
2809400
2428
2430
2434
2409.5
2420.5
2647300
2420.5
2419.5
2452
2415.5
2435
2563900
2435
2469
2485
2456
2472
4448100
2472
2450
2567
2443.5
2551.5
3830900
2551.5
2600
2649.5
2588.5
2636.5
5693100
2636.5
2650
2694.5
2640.5
2690
5495700
2690
2718.5
2753
2714
2736
7444100
2736
2750
2782
2719
2749
5284500
2749
2736.5
2792.5
2736.5
2765
3948400
2765
2752.5
2774
2718
2718.5
3332700
2718.5
2744.5
2744.5
2672.5
2689
5286300
2689
2689
2693
2665
2677.5
2536600
2677.5
2682.5
2696
2645.5
2648
3221000
2648
2642.5
2663
2617.5
2621.5
2545400
2621.5
2639.5
2652.5
2601.5
2617.5
3280100
2617.5
2604
2635.5
2604
2629.5
3311700
2629.5
2637.5
2674
2629.5
2638.5
5776900
2638.5
2630.5
2657
2615
2621
3188100
2621
2553.5
2583.5
2522
2534
4120500
2534
2509
2531
2482.5
2514.5
3822200
2514.5
2480.5
2505.5
2472
2488.5
2904900
2488.5
2538.5
2587
2512
2559.5
4459400
2559.5
2588.5
2629
2567
2611
3560200
2611
2634.5
2679
2630.5
2646
4116000
2646
2606.5
2608.5
2572
2588.5
2921000
2588.5
2577
2609
2566.5
2601
2540300
2601
2563.5
2575
2524.5
2538
3721400
2538
2556
2567.5
2530.5
2551
2542000
2551
2516.5
2550.5
2497
2518.5
3707600
2518.5
2529
2569.5
2513
2561
4054700
2561
2602.5
2643.5
2582.5
2592
3676700
2592
2562
2604
2547
2547
8342600
2547
2560
2600
2518
2544
5514900
2544
2573
2587.5
2549.5
2563.5
2957700
2563.5
2571
2579
2520.5
2568
3607900
2568
2554
2564
2518
2541
3001700
2541
2539
2583
2532.5
2574.5
2472600
2574.5
2605
2637
2575
2602
3825300
2602
2632
2656.5
2624
2640
2950700
2640
2632.5
2681.5
2632.5
2659.5
3112300
2659.5
2726
2763
2709.5
2751.5
5216300
2751.5
2701.5
2723.5
2660.5
2722.5
5211100
2722.5
2707
2743
2703.5
2707.5
3271500
2707.5
2681.5
2748
2680.5
2741.5
3451200
2741.5
2750
2765
2719.5
2743
3385800
2743
2744
2759.5
2732
2756.5
2525700
2756.5
2724.5
2756.5
2717
2749.5
3485300
2749.5
2714.5
2715
2671
2691.5
3929100
2691.5
2709
2731.5
2698.5
2728.5
2579800
2728.5
2739
2753.5
2727
2742.5
2136400
2742.5
2744.5
2766
2733
2758
2237600
2758
2789.5
2791.5
2748
2780
3126600
2780
2776.5
2782
2733
2733
2710700
2733
2733
2763
2713.5
2715
4024400
2715
2780
2804.5
2749
2768
4475900
2768
2768
2777.5
2697
2698
3672900
2698
2660.5
2720
2660.5
2714.5
3292800
2714.5
2697.5
2728
2694
2705.5
3849400
2705.5
2720
2748.5
2715
2744
3813600
2744
2710
2721.5
2660
2673
3708200
2673
2702.5
2723
2676.5
2712
3270200
2712
2780
2791.5
2761
2780
6636400
2780
2785
2787.5
2745
2751.5
2924700
2751.5
2745
2766
2736
2736
5841000
2736
2762
2779
2747
2753.5
3040500
2753.5
2700
2712
2661
2674
4777800
2674
2670.5
2685.5
2633.5
2658
3124100
2658
2625.5
2663.5
2600.5
2614.5
3428200
2614.5
2604
2612.5
2513
2526
7040100
2526
2476
2477
2386.5
2401.5
3314900
2401.5
2421
2462
2387.5
2424.5
2854800
2424.5
2485
2507.5
2458.5
2469.5
4212100
2469.5
2458.5
2474.5
2428.5
2445
3622700
2445
