1522
1573
1515
1573
1284900
1573
1596
1602
1582
1599
1094900
1599
1620
1674
1620
1671
1731300
1671
1662
1689
1652
1688
1234300
1688
1688
1709
1673
1708
1067900
1708
1711
1715
1678
1686
1208400
1686
1686
1726
1671
1726
991000
1726
1726
1735
1716
1718
800800
1718
1705
1745
1701
1727
1346800
1727
1743
1745
1710
1718
1199700
1718
1727
1749
1727
1747
708300
1747
1756
1765
1739
1759
1042900
1759
1764
1795
1759
1794
1562500
1794
1802
1853
1802
1846
1995700
1846
1829
1840
1815
1829
1283500
1829
1826
1858
1817
1828
1329500
1828
1830
1846
1812
1813
782800
1813
1811
1813
1772
1784
1328300
1784
1775
1791
1747
1751
1702900
1751
1765
1768
1741
1755
1149600
1755
1742
1748
1727
1739
1059400
1739
1699
1718
1684
1702
1374900
1702
1680
1728
1642
1694
3191000
1694
1734
1761
1685
1688
2015100
1688
1693
1704
1665
1680
1691000
1680
1631
1653
1621
1650
1847700
1650
1665
1685
1653
1656
1519000
1656
1658
1692
1657
1673
1477200
1673
1684
1717
1679
1701
1253000
1701
1697
1711
1686
1697
1112300
1697
1716
1738
1714
1735
921600
1735
1736
1745
1720
1737
905800
1737
1737
1737
1702
1707
1506000
1707
1689
1689
1651
1658
941700
1658
1662
1700
1659
1691
971500
1691
1707
1726
1693
1722
756500
1722
1722
1730
1704
1720
960800
1720
1704
1715
1659
1663
1285100
1663
1647
1650
1619
1629
1484600
1629
1600
1621
1591
1610
1261600
1610
1587
1602
1581
1592
878400
1592
1611
1618
1591
1598
826600
1598
1580
1600
1571
1581
1362500
1581
1595
1595
1569
1577
852100
1577
1591
1626
1576
1582
1706500
1582
1604
1609
1574
1607
939500
1607
1609
1623
1600
1622
556200
1622
1608
1630
1608
1623
777400
1623
1630
1653
1619
1652
806600
1652
1692
1696
1672
1682
1312500
1682
1673
1679
1634
1641
692000
1641
1601
1625
1586
1595
1535400
1595
1587
1602
1571
1600
1397400
1600
1562
1567
1539
1545
1227500
1545
1524
1540
1512
1539
724600
1539
1557
1630
1552
1605
1668100
1605
1593
1598
1558
1574
1285400
1574
1603
1614
1577
1595
1197200
1595
1597
1615
1591
1603
943900
1603
1599
1610
1584
1584
680600
1584
1571
1583
1562
1580
804400
1580
1587
1614
1577
1608
917700
1608
1615
1647
1607
1640
925900
1640
1637
1650
1611
1611
1020200
1611
1607
1616
1595
1605
960100
1605
1595
1600
1581
1583
1262500
1583
1581
1589
1569
1581
908000
1581
1559
1565
1553
1557
866600
1557
1557
1586
1548
1573
1315300
1573
1573
1580
1560
1565
624400
1565
1550
1558
1525
1540
855600
1540
1545
1568
1542
1567
954800
1567
1575
1587
1557
1562
1147600
1562
1569
1596
1569
1588
740200
1588
1596
1597
1577
1581
435200
1581
1565
1579
1552
1566
1251500
1566
1557
1588
1553
1582
987100
1582
1597
1597
1575
1593
748300
1593
1613
1671
1608
1667
1607400
1667
1673
1685
1661
1675
1052800
1675
1674
1685
1671
1684
925700
1684
1696
1704
1689
1703
879800
1703
1755
1766
1606
1631
2915800
1631
1623
1627
1583
1590
1109100
1590
1586
1611
1579
1601
912000
1601
1614
1657
1606
1653
1456600
1653
1658
1670
1620
1622
1105300
1622
1630
1638
1616
1621
1172300
1621
1622
1633
1611
1618
912800
1618
1626
1638
1615
1632
864700
1632
1632
1632
1600
1602
851300
1602
1594
1594
1568
1570
928100
1570
1572
1577
1559
1573
817000
1573
1564
1566
1542
1546
1012500
1546
1536
1542
1528
1537
854500
1537
1536
1536
1510
1522
896700
1522
1525
1537
1517
1533
693100
1533
1530
1535
1497
1510
821500
1510
1490
1502
1483
1488
937800
1488
1482
1510
1482
1508
1682700
1508
1505
1506
1484
1494
963300
1494
1516
1523
1502
1508
832200
1508
1517
1517
1492
1503
785800
1503
1500
1519
1493
1516
721200
1516
1517
1534
1508
1528
1121900
1528
1510
1531
1502
1505
1065800
1505
1505
1523
1496
1515
403800
1515
1530
1536
1522
1529
518200
1529
1524
1557
1519
1547
699800
1547
1557
1557
1533
1545
840700
1545
1558
1558
1536
1544
807900
1544
1533
1545
1523
1540
545900
1540
1526
1530
1505
1509
817800
1509
1522
1549
1518
1544
1148400
1544
1532
1542
1522
1533
704100
1533
1521
1538
1519
1536
810200
1536
1540
1546
1529
1538
730600
1538
1526
1568
1519
1566
806600
1566
1560
1560
1531
1536
612800
1536
1536
1536
1516
1527
532200
1527
1527
1532
1509
1521
613700
1521
1516
1531
1487
1489
633400
1489
1498
1500
1468
1480
753900
1480
1467
1524
1465
1511
679600
1511
1507
1511
1478
1483
637500
1483
1487
1494
1480
1481
611100
1481
1481
1492
1473
1484
661700
1484
1489
1493
1476
1476
793600
1476
1462
1469
1441
1443
682200
1443
1439
1451
1434
1434
792800
1434
1451
1462
1446
1451
1410800
1451
1455
1473
1450
1469
1160100
1469
1490
1503
1485
1491
699600
1491
1485
1489
1460
1466
1019100
1466
1469
1480
1450
1456
645100
1456
1443
1454
1431
1451
800700
1451
1461
1474
1454
1464
797900
1464
1463
1469
1455
1458
540800
1458
1472
1498
1472
1492
931000
1492
1495
1516
1488
1514
669700
1514
1501
1526
1496
1513
950500
1513
1510
1510
1491
1501
1208500
1501
1497
1507
1491
1498
805800
1498
1494
1503
1474
1479
687300
1479
1457
1467
1414
1420
1746200
1420
1413
1427
1394
1402
940400
1402
1396
1404
1377
1403
819500
1403
1399
1410
1377
1380
1017500
1380
1374
1374
1354
1357
744100
1357
1365
1368
1345
1348
1121200
1348
1335
1348
1316
1323
1023200
1323
1322
1360
1318
1360
847700
1360
1358
1359
1317
1325
1119600
1325
1306
1310
1297
1305
1482600
1305
1310
1323
1303
1322
781700
1322
1316
1329
1311
1327
679100
1327
1323
1329
1309
1318
681200
1318
1313
1323
1306
1315
542900
1315
1313
1322
1300
1309
834400
1309
1315
1318
1299
1311
858200
1311
1317
1337
1316
1336
757200
1336
1348
1355
1342
1345
786900
1345
1345
1352
1337
1347
706600
1347
1350
1355
1332
1346
1077700
1346
1349
1369
1340
1362
1302200
1362
1359
1361
1324
1330
955000
1330
1323
1332
1319
1330
658500
1330
1320
1326
1308
1311
1047100
1311
1313
1317
1301
1305
782800
1305
1302
1309
1279
1290
1185100
1290
1285
1300
1279
1287
685800
1287
1286
1293
1279
1282
675300
1282
1282
1282
1251
1263
922600
1263
1269
1287
1259
1283
944400
1283
1299
1308
1290
1299
1445600
1299
1300
1359
1295
1352
1120000
1352
1382
1387
1350
1361
1591200
1361
1360
1396
1356
1394
1486800
1394
1401
1409
1383
1391
1404500
1391
1405
1408
1369
1380
1684000
1380
1393
1409
1377
1387
1364300
1387
1382
1382
1354
1355
1513400
1355
1381
1396
1364
1386
1729400
1386
1390
1390
1363
1363
1040300
1363
1363
1373
1351
1355
1335400
1355
1350
1351
1316
1318
1298400
1318
1311
1318
1297
1298
1227700
1298
1270
1289
1268
1275
1448800
1275
1277
1287
1270
1274
1545500
1274
1272
1282
1268
1277
973100
1277
1236
1247
1222
1226
1582300
1226
1201
1220
1192
1208
1876200
1208
1206
1213
1189
1190
1563900
1190
1218
1244
1208
1235
2149900
1235
1244
1260
1233
1251
1206500
1251
1253
1263
1224
1225
1628900
1225
1198
1202
1167
1171
1878400
1171
1162
1184
1160
1180
1390300
1180
1170
1184
1161
1161
1496900
1161
1171
1186
1166
1175
1348000
1175
1149
1165
1143
1160
1886400
1160
1160
1194
1156
1184
2339400
1184
1204
1245
1204
1233
2453300
1233
1229
1233
1196
1210
1554400
1210
1215
1230
1208
1217
1307600
1217
1217
1241
1211
1233
1384600
1233
1263
1263
1205
1255
1782700
1255
1243
1247
1224
1224
1168700
1224
1227
1242
1221
1234
906200
1234
1244
1263
1235
1239
1319900
1239
1256
1262
1229
1229
1293800
1229
1237
1248
1207
1209
1324000
1209
1202
1218
1196
1207
1329600
1207
1190
1194
1171
1182
1456000
1182
1177
1185
1160
1160
1801100
1160
1163
1178
1158
1176
1831000
1176
1171
1189
1166
1179
1554300
1179
1178
1180
1150
1163
1173900
1163
1159
1185
1154
1182
1236300
1182
1171
1175
1158
1170
1978100
1170
1182
1242
1174
1218
2503500
1218
1225
1232
1206
1208
1781800
1208
1209
1241
1207
1236
1484100
1236
1240
1252
1223
1244
2520300
1244
1256
1298
1247
1293
3047000
1293
1276
1308
1268
1294
14263600
1294
1313
1338
1313
1320
2233400
1320
1290
1315
1272
1274
1848400
1274
1251
1286
1244
1284
1733400
1284
1275
1275
1229
1243
1549100
1243
1264
1272
1235
1254
2315500
1254
1237
1281
1237
1261
2181100
1261
1259
1266
1242
1262
1717200
1262
1277
1302
1272
1292
1529200
1292
1300
1310
1291
1299
1372000
1299
1294
1298
1268
1273
2619800
1273
1277
1298
1266
1278
1400700
1278
1269
1278
1240
1247
1667700
1247
1241
1260
1229
1240
1421500
1240
1225
1243
1203
1206
1274200
1206
1195
1198
1152
1156
1560100
1156
1128
1129
1080
1089
1603100
1089
1087
1094
1061
1080
1551700
1080
1111
1134
1106
1128
1235200
1128
1114
1150
1112
1140
1147700
1140
