2428
2459
2423
2459
756300
2459
2477
2477
2439
2457
692200
2457
2479
2496
2474
2493
774400
2493
2493
2524
2491
2516
643600
2516
2501
2506
2481
2506
495500
2506
2494
2498
2460
2469
719000
2469
2474
2497
2472
2486
402300
2486
2470
2489
2466
2466
383400
2466
2460
2490
2460
2486
680900
2486
2500
2509
2477
2481
895100
2481
2492
2505
2480
2504
518800
2504
2490
2498
2470
2478
498100
2478
2482
2519
2480
2496
549400
2496
2485
2526
2485
2516
554300
2516
2494
2504
2484
2495
617400
2495
2500
2509
2472
2474
547600
2474
2470
2493
2446
2449
516400
2449
2445
2454
2427
2431
542000
2431
2439
2454
2399
2400
856300
2400
2401
2427
2396
2426
584700
2426
2400
2435
2394
2428
562400
2428
2396
2408
2356
2359
774800
2359
2285
2294
2252
2287
1391300
2287
2322
2370
2282
2284
1099600
2284
2292
2310
2278
2281
679200
2281
2250
2257
2223
2246
992700
2246
2244
2244
2177
2178
1205100
2178
2191
2204
2172
2183
754900
2183
2200
2202
2167
2171
498600
2171
2181
2218
2178
2213
567500
2213
2238
2257
2222
2256
459900
2256
2250
2260
2232
2254
571500
2254
2230
2259
2224
2233
622600
2233
2210
2210
2178
2183
896600
2183
2199
2203
2183
2188
555800
2188
2208
2215
2186
2191
818900
2191
2209
2213
2195
2203
824900
2203
2198
2209
2182
2182
823500
2182
2170
2173
2159
2166
789300
2166
2146
2151
2095
2109
1200000
2109
2105
2127
2104
2121
508300
2121
2138
2156
2120
2125
656700
2125
2115
2136
2110
2119
727600
2119
2135
2137
2111
2116
672500
2116
2127
2164
2105
2113
1195400
2113
2143
2143
2108
2116
606800
2116
2115
2155
2113
2150
581300
2150
2131
2151
2131
2148
528100
2148
2142
2152
2127
2148
482000
2148
2158
2168
2148
2165
701900
2165
2170
2178
2138
2146
513700
2146
2134
2152
2121
2150
656800
2150
2135
2151
2122
2146
695900
2146
2118
2128
2096
2104
1148200
2104
2095
2106
2080
2105
920000
2105
2110
2179
2107
2177
1512500
2177
2121
2150
2104
2150
1033400
2150
2159
2167
2131
2150
689400
2150
2169
2174
2141
2153
517300
2153
2147
2156
2111
2112
471700
2112
2102
2144
2101
2136
657200
2136
2139
2180
2122
2172
604100
2172
2191
2236
2186
2225
825800
2225
2223
2234
2213
2216
709400
2216
2210
2233
2201
2227
439500
2227
2221
2232
2201
2210
495500
2210
2205
2208
2164
2170
455400
2170
2177
2186
2162
2170
337700
2170
2185
2195
2173
2191
476800
2191
2200
2234
2196
2230
460200
2230
2223
2246
2217
2234
498500
2234
2238
2268
2237
2263
528100
2263
2277
2291
2263
2272
683300
2272
2279
2307
2278
2291
605900
2291
2288
2295
2264
2266
319700
2266
2285
2289
2257
2284
470000
2284
2267
2316
2265
2315
511900
2315
2329
2351
2307
2349
732600
2349
2354
2384
2348
2361
773000
2361
2361
2394
2361
2380
806300
2380
2370
2370
2337
2355
567400
2355
2359
2363
2341
2359
532900
2359
2370
2382
2351
2358
565700
2358
2365
2378
2348
2361
541500
2361
2352
2359
2323
2352
485600
2352
2353
2372
2336
2362
595200
2362
2362
2374
2343
2358
545500
2358
2338
2363
2337
2350
664600
2350
2339
2360
2334
2344
561800
2344
2351
2351
2331
2338
608100
2338
2349
2354
2329
2351
564100
2351
2347
2349
2331
2332
405600
2332
2332
2358
2316
2356
578900
2356
2336
2346
2316
2336
583400
2336
2339
2364
2331
2339
643900
2339
2350
2378
2339
2372
586500
2372
2378
2392
2363
2375
408000
2375
2365
2382
2359
2378
525300
2378
2351
2380
2351
2365
609700
2365
2365
2367
2346
2355
1175500
2355
2342
2409
2341
2382
987800
2382
2401
2416
2394
2403
479900
2403
2393
2409
2380
2388
487900
2388
2389
2410
2374
2407
509800
2407
2415
2427
2385
2393
721600
2393
2403
2439
2401
2414
1078000
2414
2411
2429
2404
2418
352700
2418
2439
2482
2435
2470
626000
2470
2469
2522
2466
2483
865700
2483
2480
2481
2429
2437
912200
2437
2456
2491
2456
2475
1261900
2475
2476
2480
2454
2458
567900
2458
2444
2444
2393
2396
955600
2396
2380
2420
2377
2402
799600
2402
2387
2415
2382
2392
632800
2392
2377
2387
2347
2378
583800
2378
2385
2386
2351
2357
546000
2357
2348
2412
2346
2409
760700
2409
2400
2428
2384
2419
610300
2419
2411
2421
2394
2410
494700
2410
2401
2405
2371
2378
588900
2378
2357
2360
2286
2288
695600
2288
2288
2288
2243
2264
727500
2264
2256
2310
2255
2298
441300
2298
2297
2297
2269
2278
503000
2278
2282
2320
2279
2289
547800
2289
2284
2296
2275
2280
347900
2280
2289
2291
2244
2244
743900
2244
2227
2261
2218
2228
544200
2228
2234
2257
2233
2234
465200
2234
2249
2263
2229
2254
540700
2254
2261
2322
2261
2316
640100
2316
2335
2344
2319
2326
418100
2326
2332
2332
2294
2296
420600
2296
2303
2322
2298
2319
566200
2319
2304
2326
2302
2311
357900
2311
2333
2337
2307
2313
300600
2313
2340
2341
2300
2304
368800
2304
2341
2356
2332
2354
554000
2354
2362
2401
2338
2388
690800
2388
2372
2384
2346
2372
483800
2372
2345
2372
2326
2364
535600
2364
2372
2377
2350
2370
518900
2370
2371
2397
2357
2365
425500
2365
2371
2372
2333
2353
382000
2353
2354
2379
2350
2358
357300
2358
2367
2396
2360
2396
364100
2396
2388
2418
2367
2372
443400
2372
2367
2379
2354
2361
417300
2361
2375
2375
2327
2347
706700
2347
2337
2342
2303
2311
506500
2311
2323
2394
2322
2394
550100
2394
2407
2443
2400
2405
687000
2405
2396
2397
2360
2381
642900
2381
2394
2401
2374
2387
409400
2387
2378
2390
2365
2385
402400
2385
2358
2381
2355
2370
460300
2370
2363
2373
2343
2346
402500
2346
2346
2371
2345
2352
429000
2352
2375
2375
2360
2370
331000
2370
2370
2379
2359
2361
468800
2361
2364
2377
2351
2367
488000
2367
2379
2392
2372
2381
441000
2381
2400
2411
2384
2386
721300
2386
2379
2412
2379
2403
642700
2403
2406
2423
2393
2420
466800
2420
2438
2469
2414
2450
699900
2450
2460
2479
2445
2467
801100
2467
2467
2472
2445
2454
583700
2454
2449
2508
2447
2507
996100
2507
2500
2533
2494
2524
784800
2524
2535
2581
2535
2573
937500
2573
2570
2621
2569
2621
897000
2621
2623
2683
2615
2664
862500
2664
2682
2686
2590
2602
1550400
2602
2609
2714
2604
2705
958800
2705
2731
2750
2675
2706
957000
2706
2700
2734
2679
2718
799500
2718
2720
2742
2699
2719
1500000
2719
2730
2745
2712
2734
1554000
2734
2700
2717
2677
2715
1058000
2715
2688
2722
2668
2668
1265100
2668
2676
2709
2656
2688
1264800
2688
2678
2687
2639
2651
771700
2651
2678
2696
2660
2668
1170600
2668
2650
2664
2615
2630
972100
2630
2655
2660
2591
2603
1076300
2603
2598
2667
2597
2651
1186100
2651
2659
2677
2634
2647
1190500
2647
2649
2704
2645
2673
1052300
2673
2626
2650
2560
2567
1353900
2567
2533
2560
2483
2498
1574500
2498
2484
2503
2477
2488
1001400
2488
2476
2496
2465
2489
745300
2489
2511
2537
2499
2534
705900
2534
2543
2576
2541
2560
812600
2560
2529
2552
2509
2544
768100
2544
2537
2557
2529
2536
706800
2536
2508
2511
2469
2469
716200
2469
2470
2518
2465
2509
770900
2509
2465
2487
2452
2457
809100
2457
2477
2498
2458
2477
786700
2477
2500
2527
2490
2498
726200
2498
2504
2536
2463
2466
2519700
2466
2451
2520
2341
2386
1773800
2386
2388
2409
2369
2377
994900
2377
2370
2380
2323
2346
921700
2346
2323
2337
2303
2312
846800
2312
2317
2355
2311
2336
882200
2336
2347
2387
2345
2353
938800
2353
2379
2379
2338
2347
1024800
2347
2364
2403
2364
2386
774800
2386
2390
2436
2390
2433
713300
2433
2411
2418
2366
2392
787700
2392
2389
2416
2388
2395
629200
2395
2389
2417
2377
2415
665300
2415
2410
2456
2408
2443
768200
2443
2440
2460
2422
2433
643900
2433
2422
2460
2420
2453
580600
2453
2406
2442
2396
2405
807800
2405
2418
2465
2415
2458
459200
2458
2460
2487
2449
2458
502100
2458
2476
2505
2463
2471
443800
2471
2481
2488
2462
2480
674300
2480
2500
2519
2496
2500
822000
2500
2520
2547
2503
2545
1322400
2545
2561
2565
2537
2549
743000
2549
2530
2534
2468
2470
972300
2470
2446
2475
2434
2466
619400
2466
2447
2477
2439
2458
688900
2458
2454
2472
2437
2466
827000
2466
2427
2443
2408
2415
631200
2415
2410
2424
2397
2410
659000
2410
2404
2451
2401
2448
921900
2448
2462
2492
2449
2475
694700
2475
2458
2504
2457
2465
1254200
2465
2471
2502
2471
2499
682600
2499
2480
2483
2430
2443
681600
2443
2464
2476
2435
2454
597800
2454
2432
2468
2371
2377
748900
2377
2364
2374
2292
2307
1140200
2307
2300
2315
2231
2265
853500
2265
2265
2320
2253
2288
794200
2288
2338
2416
2329
2408
816900
2408
2402
2421
2383
2417
607100
2417
