3660
3710
3655
3710
430500
3710
3725
3730
3680
3715
362600
3715
3725
3745
3705
3740
422400
3740
3750
3750
3695
3725
408200
3725
3705
3825
3670
3820
591500
3820
3795
3805
3700
3755
733000
3755
3715
3780
3715
3750
347400
3750
3710
3740
3705
3730
272300
3730
3700
3780
3690
3775
543400
3775
3790
3800
3715
3735
578000
3735
3725
3800
3715
3795
483800
3795
3765
3800
3730
3760
277400
3760
3765
3815
3760
3810
305900
3810
3810
3845
3810
3840
276600
3840
3870
3875
3830
3860
535900
3860
3850
3875
3820
3835
404600
3835
3820
3835
3775
3785
341000
3785
3780
3795
3740
3750
397100
3750
3735
3760
3670
3695
650700
3695
3650
3730
3635
3730
500700
3730
3700
3725
3650
3700
464400
3700
3650
3675
3565
3570
606700
3570
3435
3450
3375
3430
1146900
3430
3495
3575
3445
3450
854000
3450
3465
3520
3465
3500
528400
3500
3430
3450
3400
3450
802500
3450
3495
3495
3375
3385
658900
3385
3370
3390
3310
3325
821900
3325
3370
3370
3320
3330
518300
3330
3345
3430
3345
3425
463800
3425
3450
3555
3425
3545
513500
3545
3550
3560
3520
3545
357600
3545
3535
3575
3515
3535
357800
3535
3500
3500
3430
3450
514000
3450
3485
3500
3470
3500
311800
3500
3540
3555
3520
3535
220300
3535
3565
3575
3535
3555
361700
3555
3535
3545
3500
3500
424000
3500
3490
3500
3445
3465
389300
3465
3380
3400
3325
3350
666500
3350
3310
3350
3300
3330
499500
3330
3365
3395
3355
3365
406600
3365
3345
3375
3320
3335
527900
3335
3375
3390
3320
3335
422200
3335
3365
3400
3290
3305
996900
3305
3345
3350
3285
3310
417700
3310
3295
3330
3290
3325
335100
3325
3305
3335
3305
3335
353900
3335
3310
3325
3255
3290
353700
3290
3340
3340
3285
3295
404100
3295
3290
3300
3235
3250
332600
3250
3220
3255
3190
3245
411100
3245
3245
3275
3220
3245
534300
3245
3135
3190
3115
3130
980200
3130
3100
3140
3075
3140
765800
3140
3145
3270
3145
3260
1434800
3260
3215
3235
3175
3220
596500
3220
3235
3280
3205
3240
420600
3240
3280
3280
3250
3270
446900
3270
3255
3270
3210
3210
223800
3210
3170
3285
3170
3275
486200
3275
3280
3390
3260
3375
715000
3375
3425
3470
3380
3450
641700
3450
3420
3470
3420
3435
554000
3435
3445
3485
3430
3475
399000
3475
3445
3495
3425
3440
489000
3440
3400
3405
3330
3335
381800
3335
3340
3365
3330
3345
242500
3345
3380
3380
3315
3330
370400
3330
3320
3385
3320
3365
315400
3365
3385
3395
3360
3365
277600
3365
3355
3420
3340
3410
343600
3410
3445
3465
3410
3415
374100
3415
3450
3470
3420
3430
333900
3430
3435
3435
3400
3405
209200
3405
3425
3455
3400
3450
283100
3450
3430
3505
3420
3495
296500
3495
3495
3550
3455
3540
364300
3540
3565
3590
3515
3570
625200
3570
3540
3620
3540
3600
439500
3600
3615
3620
3485
3520
374700
3520
3515
3545
3485
3540
310500
3540
3560
3590
3530
3555
391400
3555
3565
3620
3560
3580
424500
3580
3565
3570
3505
3550
249600
3550
3590
3630
3565
3625
457900
3625
3610
3650
3580
3645
349300
3645
3645
3700
3625
3690
407100
3690
3650
3670
3625
3640
320900
3640
3660
3665
3615
3645
356200
3645
3645
3690
3625
3685
354600
3685
3700
3710
3670
3675
238800
3675
3680
3695
3660
3690
241700
3690
3665
3710
3650
3680
350700
3680
3665
3690
3620
3625
373400
3625
3665
3740
3650
3720
531400
3720
3725
3745
3680
3695
307900
3695
3690
3740
3680
3720
428600
3720
3685
3720
3660
3670
507100
3670
3650
3700
3630
3695
935500
3695
3625
3720
3610
3690
549500
3690
3715
3775
3690
3765
359300
3765
3755
3785
3750
3765
373400
3765
3770
3835
3715
3820
607700
3820
3830
3840
3785
3805
487900
3805
3815
3845
3790
3795
723300
3795
3795
3850
3790
3830
290800
3830
3860
3915
3835
3880
352900
3880
3890
3945
3880
3910
310200
3910
3900
3935
3865
3880
350300
3880
3925
3970
3915
3955
625700
3955
3930
3945
3875
3905
402200
3905
3870
3915
3850
3875
544500
3875
3870
3895
3815
3855
575400
3855
3845
3895
3815
3860
388900
3860
3860
3880
3835
3870
298900
3870
3865
3865
3780
3780
460900
3780
3765
3830
3765
3815
331700
3815
3800
3865
3790
3845
316400
3845
3845
3855
3815
3835
354700
3835
3850
3850
3800
3805
374900
3805
3780
3780
3630
3630
472300
3630
3650
3680
3610
3655
479800
3655
3635
3730
3635
3710
333300
3710
3695
3705
3625
3650
523500
3650
3625
3700
3620
3665
388100
3665
3670
3695
3650
3660
309600
3660
3675
3695
3595
3595
560500
3595
3575
3615
3570
3570
573100
3570
3590
3650
3580
3580
483600
3580
3640
3660
3580
3655
552900
3655
3650
3755
3645
3735
364500
3735
3745
3760
3690
3705
258300
3705
3720
3720
3650
3655
278800
3655
3665
3685
3625
3670
375000
3670
3640
3675
3630
3650
332700
3650
3660
3675
3630
3640
230400
3640
3655
3675
3615
3625
220000
3625
3690
3715
3680
3705
386800
3705
3730
3745
3700
3740
285000
3740
3715
3715
3665
3670
290400
3670
3635
3755
3600
3715
701400
3715
3580
3680
3550
3670
619600
3670
3685
3730
3680
3695
468200
3695
3715
3715
3670
3695
446100
3695
3700
3725
3690
3705
279100
3705
3705
3775
3695
3770
271400
3770
3765
3830
3765
3810
670400
3810
3815
3850
3790
3805
371800
3805
3845
3885
3810
3850
719600
3850
3810
3815
3685
3690
543400
3690
3705
3790
3700
3790
563000
3790
3815
3845
3730
3750
451700
3750
3735
3780
3690
3770
527300
3770
3760
3790
3735
3765
434300
3765
3765
3800
3735
3755
276900
3755
3730
3750
3685
3735
317000
3735
3750
3770
3700
3710
322600
3710
3730
3765
3705
3730
317300
3730
3760
3780
3735
3750
271100
3750
3745
3760
3730
3750
292900
3750
3760
3765
3730
3730
328700
3730
3750
3780
3740
3750
395900
3750
3770
3785
3725
3730
421300
3730
3700
3735
3695
3730
400900
3730
3740
3755
3715
3755
285600
3755
3780
3835
3740
3830
421900
3830
3825
3825
3750
3785
374500
3785
3760
3760
3680
3680
413000
3680
3695
3770
3690
3760
413900
3760
3765
3790
3730
3740
403400
3740
3750
3815
3750
3770
512000
3770
3780
3830
3760
3830
527000
3830
3830
3885
3825
3840
472200
3840
3865
3875
3760
3775
959800
3775
3785
3900
3770
3895
556000
3895
3925
3960
3900
3930
606300
3930
3930
3930
3890
3910
514000
3910
3950
3970
3920
3930
635700
3930
3940
4015
3935
4015
1231900
4015
4000
4005
3930
3980
522200
3980
3995
4005
3940
3950
427900
3950
4015
4045
3975
4000
764700
4000
3975
3995
3920
3930
410100
3930
3970
4005
3930
3980
621600
3980
3980
3995
3905
3935
513400
3935
3945
3945
3875
3895
539300
3895
3885
3940
3880
3905
728100
3905
3910
3950
3850
3860
831300
3860
3885
3945
3870
3910
656300
3910
3830
3860
3775
3795
730000
3795
3725
3785
3660
3690
821400
3690
3680
3700
3620
3640
455800
3640
3615
3635
3565
3605
558800
3605
3640
3655
3615
3630
470800
3630
3620
3660
3615
3625
445900
3625
3595
3635
3555
3605
448200
3605
3580
3615
3560
3605
342000
3605
3580
3580
3490
3500
503200
3500
3495
3525
3455
3505
564400
3505
3445
3455
3410
3420
578300
3420
3415
3450
3395
3405
589900
3405
3435
3465
3395
3405
436400
3405
3420
3470
3405
3405
1422300
3405
3400
3505
3355
3475
965500
3475
3420
3485
3415
3420
454600
3420
3415
3425
3335
3395
849800
3395
3370
3405
3355
3380
414600
3380
3390
3450
3385
3435
396900
3435
3425
3490
3415
3450
535000
3450
3515
3520
3475
3505
448300
3505
3530
3570
3520
3550
358600
3550
3545
3590
3540
3575
304100
3575
3525
3540
3455
3510
482600
3510
3525
3535
3500
3510
343800
3510
3490
3540
3450
3530
368900
3530
3530
3570
3530
3560
367100
3560
3540
3565
3530
3555
317500
3555
3540
3610
3525
3600
205900
3600
3515
3555
3510
3520
406300
3520
3550
3630
3530
3620
285000
3620
3610
3650
3590
3600
453000
3600
3630
3645
3580
3585
322700
3585
3555
3630
3540
3620
531300
3620
3665
3695
3650
3650
363800
3650
3660
3700
3625
3680
543800
3680
3680
3730
3680
3695
504800
3695
3680
3695
3590
3590
375000
3590
3550
3595
3520
3580
457700
3580
3570
3585
3520
3535
421100
3535
3570
3620
3555
3610
433900
3610
3540
3555
3515
3535
449300
3535
3500
3535
3485
3500
546100
3500
3530
3570
3505
3540
605300
3540
3570
3605
3545
3575
403100
3575
3530
3605
3530
3530
829400
3530
3570
3605
3550
3595
294300
3595
3570
3585
3505
3515
419600
3515
3560
3590
3520
3545
374400
3545
3525
3555
3405
3420
602100
3420
3410
3415
3305
3325
627000
3325
3255
3275
3155
3195
500400
3195
3180
3290
3175
3240
470500
3240
3310
3445
3275
3420
541600
3420
3435
3450
3395
3440
388400
3440
