11160
11315
11135
11310
761700
11310
11380
11430
11310
11430
735500
11430
11450
11470
11340
11430
732800
11430
11435
11550
11430
11525
569800
11525
11475
11480
11330
11480
607800
11480
11450
11480
11370
11480
661800
11480
11540
11615
11530
11580
512400
11580
11505
11585
11495
11515
326700
11515
11545
11580
11505
11570
520000
11570
11610
11610
11430
11445
707100
11445
11495
11495
11330
11375
670600
11375
11350
11455
11350
11425
414100
11425
11450
11480
11400
11450
365500
11450
11395
11505
11395
11455
520200
11455
11425
11540
11370
11505
668900
11505
11580
11585
11325
11335
724200
11335
11210
11275
11170
11195
864700
11195
11255
11295
11065
11110
837300
11110
11120
11150
10825
10845
1216600
10845
10835
10915
10805
10895
789800
10895
10830
10830
10705
10775
707000
10775
10630
10750
10615
10645
858400
10645
10420
10590
10270
10395
1728200
10395
10690
10800
10460
10460
1335000
10460
10475
10575
10385
10415
888000
10415
10300
10375
10165
10375
1051900
10375
10380
10415
10180
10200
1140000
10200
10215
10280
10055
10090
879200
10090
10140
10160
9937
9990
1215400
9990
10090
10290
10050
10215
1045500
10215
10290
10335
10210
10315
718200
10315
10315
10410
10260
10375
660200
10375
10365
10385
10270
10310
626100
10310
10200
10200
10045
10065
788000
10065
10025
10095
10010
10080
647600
10080
10200
10285
10110
10125
790100
10125
10185
10225
10150
10170
862900
10170
10170
10225
10060
10060
776300
10060
10010
10030
9885
9895
959100
9895
9800
9828
9639
9709
1003900
9709
9640
9758
9620
9736
875700
9736
9821
9873
9701
9719
966900
9719
9699
9779
9662
9710
808300
9710
9780
9780
9678
9701
652100
9701
9851
9883
9720
9749
1315100
9749
9877
9950
9829
9850
681900
9850
9824
9903
9790
9867
851400
9867
9821
9914
9786
9877
1052000
9877
9859
9900
9820
9859
829300
9859
9800
9817
9721
9778
1222300
9778
9735
9736
9573
9718
1259000
9718
9743
9809
9632
9802
578900
9802
9682
9787
9670
9778
1043200
9778
9628
9687
9561
9599
1144500
9599
9571
9633
9470
9633
1094700
9633
9669
9984
9630
9981
1443400
9981
9871
9937
9703
9925
1055200
9925
9962
9966
9770
9872
1139600
9872
9929
9929
9814
9862
776400
9862
9840
9865
9728
9728
641700
9728
9712
9784
9704
9755
766500
9755
9759
9823
9686
9789
987400
9789
9837
10020
9825
9985
1173400
9985
9951
9984
9903
9915
743800
9915
9938
9992
9922
9952
709100
9952
9880
9989
9859
9916
576800
9916
9856
9898
9791
9832
573800
9832
9837
9920
9829
9883
531400
9883
9990
10085
9946
10010
908900
10010
9976
9990
9893
9973
614700
9973
9994
10035
9950
9967
534300
9967
9932
10035
9929
10020
567500
10020
10095
10200
10075
10080
675500
10080
10200
10220
10130
10190
605400
10190
10245
10245
10125
10145
388300
10145
10195
10260
10070
10260
612400
10260
10230
10340
10185
10305
537200
10305
10360
10395
10270
10370
776300
10370
10430
10540
10415
10490
811900
10490
10700
10720
10535
10685
1200700
10685
10700
10700
10390
10495
1021200
10495
10440
10650
10435
10635
848700
10635
10720
10820
10650
10690
819300
10690
10690
10790
10605
10650
707800
10650
10650
10730
10640
10710
462000
10710
10710
10785
10690
10765
629900
10765
10735
10820
10670
10805
559400
10805
10770
10860
10770
10835
603300
10835
10785
10820
10735
10740
587700
10740
10795
10800
10680
10725
656800
10725
10725
10775
10710
10750
539500
10750
10750
10780
10700
10705
475900
10705
10710
10740
10680
10700
622000
10700
10670
10720
10640
10680
699300
10680
10660
10730
10630
10635
755400
10635
10650
10760
10640
10750
677200
10750
10790
10820
10700
10740
552600
10740
10730
10770
10680
10750
674600
10750
10560
10665
10515
10610
1222800
10610
10630
10780
10615
10755
2570200
10755
10675
10735
10620
10635
977100
10635
10700
10775
10695
10735
591300
10735
10695
10780
10695
10760
560300
10760
10710
10855
10705
10855
778200
10855
10860
10870
10755
10785
857500
10785
10785
10880
10755
10770
950700
10770
10750
10795
10710
10735
519100
10735
10850
11075
10840
11055
1263800
11055
11000
11145
10990
11060
798300
11060
11055
11145
11010
11010
686300
11010
11075
11130
11030
11080
1184100
11080
11030
11045
10905
10975
725800
10975
10905
10905
10745
10750
624100
10750
10715
10865
10710
10815
674700
10815
10850
10850
10680
10685
663900
10685
10545
10830
10515
10815
1148700
10815
10710
10710
10495
10505
769700
10505
10550
10665
10485
10655
898000
10655
10730
10785
10580
10640
698000
10640
10685
10700
10550
10615
675500
10615
10650
10675
10455
10615
798400
10615
10550
10610
10325
10330
808000
10330
10330
10405
10245
10335
883500
10335
10360
10465
10325
10420
779200
10420
10380
10390
10255
10280
592100
10280
10320
10355
10270
10285
721800
10285
10375
10375
10280
10320
533500
10320
10380
10380
10200
10205
953000
10205
10125
10170
10020
10035
799200
10035
10095
10170
10055
10070
709200
10070
10105
10175
10045
10130
606900
10130
10130
10380
10130
10345
611000
10345
10410
10530
10385
10410
559500
10410
10470
10470
10335
10335
546300
10335
10355
10460
10330
10380
574400
10380
10330
10420
10330
10345
362700
10345
10385
10400
10295
10300
359600
10300
10265
10330
10205
10205
512900
10205
10315
10445
10285
10425
718300
10425
10455
10575
10395
10520
605300
10520
10600
10630
10420
10465
727700
10465
10470
10570
10415
10440
971400
10440
10445
10450
10305
10325
720400
10325
10335
10465
10215
10225
740400
10225
10260
10280
10120
10150
564800
10150
10220
10255
10135
10170
448600
10170
10250
10320
10170
10315
521100
10315
10320
10430
10255
10255
661000
10255
10220
10305
10205
10255
824600
10255
10250
10265
10155
10190
816600
10190
10150
10160
9964
9994
700600
9994
10045
10200
10045
10190
519800
10190
10250
10285
10175
10200
468800
10200
10150
10215
10045
10115
630600
10115
10090
10165
10080
10110
493000
10110
10065
10120
10045
10045
448200
10045
10040
10075
9986
9986
711300
9986
10000
10055
9967
9974
593400
9974
9997
10045
9975
9998
449400
9998
10065
10120
10030
10065
428000
10065
10145
10185
10120
10155
466500
10155
10180
10190
10110
10135
639400
10135
10115
10155
10070
10095
579500
10095
10100
10100
9977
10025
1104000
10025
10000
10060
9984
10055
706600
10055
9977
9993
9938
9981
530000
9981
9990
9999
9903
9965
461400
9965
10015
10175
10015
10130
1168400
10130
10100
10120
9943
9951
689800
9951
9939
10080
9930
10070
826500
10070
10050
10080
9977
9977
482600
9977
10000
10075
9984
10035
606700
10035
10090
10175
10015
10175
849100
10175
10215
10390
10185
10350
936200
10350
10335
10375
10190
10215
1328200
10215
10120
10520
10110
10455
1449000
10455
10600
10680
10550
10670
1188100
10670
10680
10680
10520
10550
728000
10550
10595
10595
10455
10540
1317100
10540
10555
10795
10545
10795
1198600
10795
10700
10735
10575
10710
861100
10710
10715
10750
10550
10560
876000
10560
10585
10710
10540
10555
954800
10555
10490
10500
10315
10335
822000
10335
10365
10445
10345
10420
764300
10420
10370
10435
10275
10275
727100
10275
10370
10375
10185
10200
835800
10200
10200
10300
10150
10235
821800
10235
10260
10320
10160
10190
1186600
10190
10255
10330
10190
10200
816400
10200
10040
10125
9962
9967
1737200
9967
9950
9961
9762
9790
1474800
9790
9727
9769
9590
9599
1080300
9599
9590
9652
9548
9649
863100
9649
9751
9838
9696
9831
923800
9831
9826
9889
9805
9875
899900
9875
9812
9875
9729
9800
617800
9800
9800
9873
9759
9848
552000
9848
9770
9783
9524
9551
1109500
9551
9590
9630
9503
9570
926500
9570
9405
9445
9351
9364
1068800
9364
9508
9570
9358
9527
1481400
9527
9585
9691
9530
9613
773300
9613
9650
9778
9613
9734
1200100
9734
9746
9882
9676
9875
1481700
9875
9940
9999
9769
9784
1017900
9784
9833
9833
9618
9721
1086700
9721
9698
9820
9663
9787
655500
9787
9862
9996
9840
9970
679300
9970
9970
10025
9821
9860
855000
9860
9977
10015
9927
9980
792600
9980
10020
10135
9988
10015
769400
10015
9960
10175
9960
10155
548500
10155
10055
10110
9965
10040
758000
10040
10035
10105
10000
10025
489400
10025
9980
10055
9925
10055
696500
10055
10095
10280
10070
10215
883500
10215
10170
10245
10090
10170
568400
10170
10120
10345
10110
10340
548600
10340
10215
10250
10125
10155
726100
10155
10215
10315
10145
10310
558700
10310
10350
10365
10250
10320
592200
10320
10370
10410
10325
10360
591900
10360
10295
10305
10165
10225
732700
10225
10305
10305
10190
10190
649900
10190
10180
10340
10175
10320
1218700
10320
10430
10445
10340
10375
622000
10375
10335
10360
10110
10110
735200
10110
10050
10255
10010
10160
943700
10160
10090
10190
10090
10160
930700
10160
10300
10350
10215
10340
881400
10340
10280
10310
10165
10230
843300
10230
10265
10270
10175
10225
673500
10225
10195
10230
9985
10170
1297800
10170
10170
10180
10030
10050
1084900
10050
10020
10140
10005
10070
1180700
10070
10150
10225
10110
10220
743000
10220
10185
10210
10060
10095
1025900
10095
10100
10145
9931
9958
1248100
9958
9836
10000
9601
9622
1339200
9622
9675
9698
9439
9480
2653400
9480
9409
9409
9063
9153
788900
9153
9227
9424
9110
9265
941000
9265
9596
9816
9578
9777
992500
9777
9670
9768
9643
9711
987600
9711
