8338
8392
8283
8391
471300
8391
8421
8497
8403
8473
437500
8473
8513
8545
8461
8539
599900
8539
8522
8606
8516
8595
628000
8595
8542
8550
8468
8543
511500
8543
8554
8560
8453
8490
428400
8490
8520
8527
8442
8464
360000
8464
8415
8466
8397
8411
332000
8411
8394
8448
8370
8422
484800
8422
8428
8430
8274
8315
763300
8315
8344
8401
8304
8370
479800
8370
8353
8394
8317
8390
307100
8390
8420
8527
8402
8503
490300
8503
8476
8565
8475
8554
359100
8554
8484
8636
8461
8614
602700
8614
8588
8592
8447
8449
594200
8449
8449
8469
8372
8375
599500
8375
8371
8373
8294
8330
656600
8330
8300
8348
8176
8176
783200
8176
8176
8187
8102
8118
1185300
8118
8100
8116
8001
8098
870600
8098
8018
8112
8002
8029
795800
8029
7879
7910
7725
7825
1269700
7825
8000
8156
7998
8000
1407900
8000
8000
8058
7890
7903
794900
7903
7753
7831
7703
7830
754300
7830
7873
7873
7709
7732
844100
7732
7736
7780
7604
7654
680900
7654
7724
7741
7580
7592
604900
7592
7551
7582
7483
7541
1148700
7541
7575
7621
7541
7619
976700
7619
7600
7609
7547
7601
678900
7601
7590
7591
7522
7545
603100
7545
7418
7425
7365
7397
787100
7397
7375
7442
7362
7422
591200
7422
7463
7536
7451
7482
531100
7482
7536
7545
7462
7478
541800
7478
7470
7520
7440
7441
578200
7441
7400
7405
7352
7392
708100
7392
7317
7332
7180
7205
824000
7205
7232
7310
7204
7303
540300
7303
7390
7425
7344
7356
659000
7356
7325
7388
7310
7361
751000
7361
7392
7407
7273
7294
551100
7294
7354
7420
7290
7314
735800
7314
7425
7450
7372
7394
385200
7394
7388
7480
7370
7477
569400
7477
7414
7466
7412
7437
509100
7437
7383
7410
7326
7396
624900
7396
7370
7438
7338
7415
926300
7415
7414
7429
7332
7359
373800
7359
7360
7416
7286
7406
711000
7406
7297
7365
7286
7347
908400
7347
7203
7278
7163
7261
1069200
7261
7202
7244
7151
7242
1279500
7242
7290
7542
7268
7535
2317400
7535
7396
7517
7278
7514
1278300
7514
7524
7546
7379
7475
909000
7475
7490
7498
7392
7431
524000
7431
7435
7471
7355
7355
371400
7355
7300
7435
7290
7402
574200
7402
7402
7475
7326
7450
688400
7450
7500
7624
7488
7582
812500
7582
7577
7627
7552
7582
730700
7582
7575
7662
7555
7626
438500
7626
7583
7617
7550
7568
523600
7568
7527
7527
7444
7455
456500
7455
7433
7487
7400
7469
454900
7469
7520
7533
7459
7487
314400
7487
7471
7518
7445
7509
756700
7509
7538
7569
7503
7511
598200
7511
7463
7527
7446
7502
707400
7502
7560
7637
7540
7562
541800
7562
7581
7640
7564
7588
429900
7588
7582
7618
7541
7554
286200
7554
7552
7575
7475
7542
735100
7542
7548
7657
7540
7601
545800
7601
7619
7630
7548
7608
616600
7608
7650
7752
7650
7750
740200
7750
8090
8258
7986
8256
2087700
8256
8230
8239
7997
8041
891500
8041
8043
8112
8023
8064
716900
8064
8100
8177
8044
8069
683500
8069
8021
8079
7961
7984
664100
7984
8002
8020
7929
8011
407000
8011
8017
8049
7985
8012
367300
8012
7998
8028
7976
8008
323600
8008
7982
8019
7972
7987
560000
7987
7930
7979
7875
7878
649100
7878
7897
7915
7814
7861
508500
7861
7885
7912
7840
7887
555300
7887
7843
7884
7794
7820
829700
7820
7849
7891
7813
7889
426100
7889
7830
7856
7800
7830
521300
7830
7820
7854
7755
7763
545700
7763
7764
7963
7762
7954
691500
7954
7940
7945
7870
7904
337800
7904
7880
7918
7867
7913
370500
7913
7792
7852
7771
7800
474000
7800
7761
7869
7741
7828
987300
7828
7795
7885
7756
7817
405500
7817
7863
7917
7851
7862
449800
7862
7847
7875
7798
7815
441500
7815
7805
7947
7794
7946
545400
7946
7950
7959
7906
7945
390000
7945
7933
8011
7932
7951
606200
7951
7958
7969
7909
7918
352200
7918
8000
8145
7975
8127
741000
8127
8160
8247
8132
8194
742200
8194
8158
8199
8081
8123
504300
8123
8180
8229
8151
8202
753500
8202
8195
8199
8063
8123
625500
8123
8106
8106
7996
8017
583200
8017
8005
8109
8005
8101
501400
8101
8112
8148
8067
8101
561700
8101
8088
8172
8084
8156
438200
8156
8167
8169
8033
8043
491200
8043
8120
8225
8093
8214
835700
8214
8267
8287
8191
8256
790500
8256
8236
8236
8114
8155
556200
8155
8190
8195
8085
8164
573400
8164
8113
8113
7872
7883
562900
7883
7901
7919
7825
7914
784200
7914
7914
8037
7914
7977
755100
7977
7925
8014
7913
7985
482400
7985
7976
7997
7917
7964
499300
7964
7969
7993
7931
7933
432000
7933
7981
7989
7886
7886
493300
7886
7831
7844
7708
7738
700200
7738
7738
7825
7716
7766
595200
7766
7772
7834
7737
7792
562900
7792
7849
8043
7836
8029
447100
8029
8053
8138
8014
8045
546600
8045
8045
8045
7820
7822
557300
7822
7837
7864
7770
7813
638000
7813
7770
7810
7738
7755
534100
7755
7764
7802
7751
7761
274500
7761
7720
7763
7692
7710
402600
7710
7772
7834
7753
7816
392300
7816
7819
7914
7804
7884
322700
7884
7803
7867
7776
7805
354000
7805
7818
7885
7770
7800
642700
7800
7811
7928
7786
7835
549100
7835
7839
7872
7744
7750
504100
7750
7754
7754
7675
7684
471700
7684
7700
7764
7654
7662
235200
7662
7650
7740
7632
7738
379800
7738
7740
7796
7704
7704
407800
7704
7693
7699
7659
7666
263000
7666
7687
7696
7610
7648
464300
7648
7600
7608
7467
7471
493100
7471
7500
7660
7500
7649
440300
7649
7670
7735
7632
7645
370000
7645
7585
7604
7492
7508
533200
7508
7524
7551
7502
7537
254800
7537
7489
7521
7447
7468
305000
7468
7450
7476
7410
7432
299600
7432
7449
7484
7425
7434
257600
7434
7450
7482
7411
7413
268200
7413
7469
7507
7440
7474
247100
7474
7504
7542
7497
7525
293800
7525
7551
7560
7490
7513
320000
7513
7495
7529
7474
7500
332200
7500
7493
7493
7392
7393
653700
7393
7386
7466
7377
7456
529900
7456
7427
7461
7406
7443
301100
7443
7434
7445
7381
7437
343900
7437
7417
7460
7346
7427
435000
7427
7398
7409
7289
7309
454800
7309
7313
7416
7309
7406
391200
7406
7399
7414
7364
7375
333800
7375
7417
7457
7407
7456
306500
7456
7448
7525
7412
7525
367200
7525
7570
7645
7545
7623
379400
7623
7647
7652
7493
7494
818500
7494
7440
7830
7411
7788
856400
7788
7854
7881
7774
7813
485500
7813
7855
7856
7776
7816
434400
7816
7816
7848
7795
7831
790800
7831
7830
7978
7814
7978
767500
7978
7852
7924
7831
7915
575600
7915
7920
7955
7870
7870
465700
7870
7914
8015
7861
7921
679400
7921
7884
7885
7769
7770
501600
7770
7795
7886
7772
7850
429400
7850
7865
7917
7838
7846
487000
7846
7885
7905
7679
7690
1105200
7690
7676
7800
7675
7757
588000
7757
7720
7794
7701
7739
516800
7739
7775
7857
7770
7820
520400
7820
7700
7770
7680
7744
949600
7744
7679
7716
7504
7550
800700
7550
7510
7553
7445
7452
534100
7452
7436
7467
7358
7433
523600
7433
7482
7576
7443
7556
392700
7556
7582
7645
7564
7626
433300
7626
7599
7656
7503
7562
680200
7562
7564
7627
7538
7615
371000
7615
7588
7588
7388
7391
440300
7391
7391
7472
7357
7426
443000
7426
7320
7358
7271
7284
557500
7284
7322
7355
7252
7309
661900
7309
7319
7467
7301
7454
686400
7454
7560
7790
7515
7600
1280800
7600
7500
7593
7449
7577
1013800
7577
7591
7667
7525
7532
524500
7532
7526
7542
7383
7455
645000
7455
7398
7468
7371
7424
460200
7424
7440
7582
7439
7557
447000
7557
7583
7662
7503
7538
535600
7538
7633
7689
7590
7668
450500
7668
7707
7811
7707
7811
644400
7811
7758
7887
7758
7886
478900
7886
7800
7827
7700
7772
519500
7772
7776
7857
7760
7818
409500
7818
7808
7889
7759
7889
526200
7889
7889
7995
7879
7988
639800
7988
7941
7970
7880
7945
433200
7945
7918
8061
7904
8056
579500
8056
7950
8010
7884
7929
605100
7929
7987
8046
7921
8038
440800
8038
8070
8143
7991
8027
519700
8027
8037
8084
7983
8013
486400
8013
7983
7984
7812
7852
695700
7852
7943
7949
7871
7871
539600
7871
7868
7949
7820
7909
1324600
7909
7967
8020
7930
7969
532600
7969
7924
7961
7802
7807
574100
7807
7737
7833
7703
7798
499500
7798
7740
7796
7640
7675
644600
7675
7733
7807
7671
7805
579600
7805
7722
7770
7658
7717
580600
7717
7715
7747
7656
7731
653600
7731
7758
7797
7688
7775
836800
7775
7807
7839
7761
7774
470900
7774
7720
7835
7711
7782
784400
7782
7848
7996
7847
7985
685200
7985
7960
7997
7870
7870
686400
7870
7938
7958
7837
7875
470800
7875
7869
7906
7678
7695
551400
7695
7717
7753
7475
7509
834700
7509
7485
7494
7213
7302
675000
7302
7306
7492
7269
7380
564400
7380
7595
7792
7553
7760
739600
7760
7771
7815
7686
7761
421400
7761
