7600
7710
7570
7710
274600
7710
7750
7750
7700
7740
180000
7740
7780
7780
7510
7550
423600
7550
7540
7630
7510
7600
230300
7600
7570
7600
7520
7570
276000
7570
7570
7610
7520
7580
287900
7580
7640
7980
7620
7900
433800
7900
7900
7950
7850
7890
194400
7890
7800
7830
7750
7790
194700
7790
7850
7860
7680
7690
299900
7690
7750
7750
7660
7700
194500
7700
7670
7710
7650
7690
182700
7690
7720
7770
7690
7750
161100
7750
7700
7790
7700
7780
167100
7780
7690
7740
7660
7710
217400
7710
7720
7740
7640
7660
195300
7660
7740
7780
7670
7760
279800
7760
7760
7800
7710
7770
327900
7770
7800
8090
7770
7840
584200
7840
7830
7840
7540
7580
470300
7580
7530
7710
7530
7700
287000
7700
7560
7620
7470
7520
295900
7520
7300
7360
7040
7210
418100
7210
7370
7510
7280
7290
412000
7290
7350
7420
7230
7260
306500
7260
7000
7150
6930
7150
365400
7150
7180
7200
6970
6990
267100
6990
7050
7050
6900
6970
238700
6970
6920
7020
6860
6990
357400
6990
6950
7050
6940
6960
162600
6960
7040
7190
7010
7180
179600
7180
7170
7250
7170
7210
165800
7210
7180
7190
7060
7120
166400
7120
7090
7160
7040
7140
179500
7140
7150
7190
7100
7150
162300
7150
7300
7370
7240
7360
147700
7360
7440
7440
7300
7320
150900
7320
7340
7390
7200
7200
251600
7200
7160
7160
7040
7060
182000
7060
6890
6940
6820
6870
239300
6870
6880
6920
6840
6880
152100
6880
6940
7030
6910
6930
187200
6930
6930
6970
6880
6890
211300
6890
6990
6990
6780
6820
181700
6820
6900
7020
6830
6860
342300
6860
7020
7020
6890
6930
176200
6930
6890
6970
6890
6960
204800
6960
6890
6990
6860
6960
158100
6960
6940
7030
6880
7020
318000
7020
7060
7110
7030
7050
223500
7050
7040
7100
7020
7050
169800
7050
6990
7080
6940
7070
146200
7070
7020
7210
6990
7190
242900
7190
7030
7050
6950
6990
416300
6990
6930
7010
6870
7000
224800
7000
7060
7230
7060
7230
288500
7230
7170
7180
7010
7100
338500
7100
7120
7130
6880
6950
335400
6950
7050
7120
6880
7120
621800
7120
7100
7320
7070
7240
461800
7240
7210
7270
7120
7170
279200
7170
7170
7290
7110
7280
239300
7280
7360
7430
7280
7390
261300
7390
7410
7470
7360
7410
289700
7410
7370
7560
7350
7550
278700
7550
7570
7660
7550
7600
315100
7600
7600
7670
7580
7590
318000
7590
7590
7590
7510
7520
162100
7520
7600
7650
7570
7610
210900
7610
7610
7690
7590
7660
181100
7660
7670
7700
7570
7570
205400
7570
7620
7740
7620
7700
215700
7700
7750
7780
7610
7640
225000
7640
7670
7780
7670
7720
256200
7720
7740
7770
7660
7670
149900
7670
7700
7770
7650
7770
184500
7770
7740
7870
7730
7820
198900
7820
7850
7990
7850
7980
318200
7980
7980
8330
7980
8270
633400
8270
8300
8450
8270
8390
465700
8390
8380
8430
8280
8320
338600
8320
8320
8410
8280
8400
297300
8400
8340
8480
8310
8320
326400
8320
8300
8350
8190
8220
253500
8220
8200
8250
8120
8200
261300
8200
8200
8380
8190
8290
284300
8290
8300
8320
8240
8260
167400
8260
8190
8310
8180
8180
266200
8180
8160
8250
8130
8160
240400
8160
8180
8190
8110
8160
161800
8160
8200
8220
8130
8190
151700
8190
8150
8200
8110
8180
184600
8180
8110
8210
8080
8160
153400
8160
8150
8190
8110
8160
256000
8160
8110
8220
8110
8140
253200
8140
8110
8210
8100
8160
171900
8160
8190
8220
8130
8150
138800
8150
8110
8220
8100
8200
196600
8200
8090
8170
8060
8110
188900
8110
8260
8340
8140
8190
633900
8190
8100
8240
8080
8110
253100
8110
8260
8320
8220
8280
181300
8280
8310
8330
8220
8300
190400
8300
8300
8300
8170
8300
186400
8300
8340
8340
8220
8230
171900
8230
8480
8770
8440
8600
726700
8600
8560
8570
8460
8530
200000
8530
8570
8570
8450
8470
275200
8470
8770
9130
8740
9060
641200
9060
9050
9110
8900
8900
364800
8900
9000
9040
8910
8960
355600
8960
8920
8920
8670
8720
457100
8720
8740
8790
8600
8610
238000
8610
8620
8660
8570
8630
242400
8630
8500
8550
8440
8480
263100
8480
8330
8440
8280
8340
282200
8340
8250
8300
8170
8180
168600
8180
8090
8240
8090
8220
164500
8220
8250
8290
8160
8290
190700
8290
8260
8270
8140
8190
215400
8190
8100
8120
8020
8040
224400
8040
8040
8060
7780
7800
211100
7800
7860
7900
7700
7770
243500
7770
7670
7780
7630
7730
323300
7730
7720
7720
7560
7610
220800
7610
7590
7680
7480
7490
280600
7490
7470
7480
7310
7370
349800
7370
7410
7440
7270
7270
450300
7270
7200
7260
7100
7140
343200
7140
7160
7260
7140
7200
361700
7200
7340
7370
7270
7340
365300
7340
7380
7570
7370
7510
318800
7510
7480
7570
7470
7500
258300
7500
7570
7630
7500
7520
295000
7520
7540
7550
7430
7480
396000
7480
7460
7550
7430
7480
183500
7480
7440
7520
7410
7460
182600
7460
7460
7470
7360
7390
205200
7390
7500
7520
7460
7470
198400
7470
7520
7630
7500
7590
221200
7590
7560
7590
7490
7540
213200
7540
7400
7560
7280
7300
667400
7300
7450
7530
7320
7350
433600
7350
7340
7380
7160
7180
300700
7180
7200
7200
7150
7200
181900
7200
7190
7210
7070
7090
179300
7090
7110
7130
7020
7110
145700
7110
7150
7170
7040
7040
171800
7040
7030
7090
7000
7020
214200
7020
7010
7040
6930
6950
243700
6950
6900
6900
6730
6740
199000
6740
6780
6990
6770
6970
222600
6970
6880
6960
6780
6810
249300
6810
6760
6810
6680
6720
252000
6720
6750
6870
6730
6850
223800
6850
6870
6900
6740
6770
186800
6770
6760
6860
6720
6820
179000
6820
6800
6860
6770
6800
211200
6800
6810
6820
6770
6780
195900
6780
6870
6960
6850
6950
234000
6950
7020
7100
6980
7090
255200
7090
7200
7220
7110
7120
297800
7120
7130
7260
7120
7200
288400
7200
7240
7240
7080
7090
300700
7090
6980
7020
6960
6960
310400
6960
6980
7000
6910
6950
169200
6950
7010
7060
6960
7030
206100
7030
7010
7010
6830
6900
264700
6900
6930
6980
6880
6890
221600
6890
6830
6860
6710
6780
365200
6780
6710
6790
6710
6740
173400
6740
6820
6880
6800
6860
236300
6860
6920
6970
6870
6910
248700
6910
6930
7120
6920
7080
288100
7080
7160
7260
7140
7220
559600
7220
7270
7470
7240
7430
498800
7430
7520
7540
7360
7430
297000
7430
7400
7410
7240
7290
366900
7290
7370
7430
7300
7300
526000
7300
7330
7430
7240
7420
348000
7420
7410
7540
7400
7430
314700
7430
7410
7450
7360
7370
355900
7370
7470
7510
7430
7460
377700
7460
7400
7450
7360
7360
228000
7360
7450
7570
7450
7510
300800
7510
7400
7430
7320
7350
310400
7350
7400
7410
7260
7290
285300
7290
7090
7180
7070
7090
555900
7090
6980
7060
6920
6970
392300
6970
6990
7160
6990
7130
347000
7130
6900
6970
6870
6900
390100
6900
6840
6940
6830
6920
414900
6920
6900
6940
6820
6880
341000
6880
6870
6890
6820
6860
273800
6860
6890
6970
6870
6950
223700
6950
6970
6980
6890
6920
229900
6920
6820
6850
6750
6820
262100
6820
6800
6880
6760
6860
191600
6860
6770
6770
6530
6550
316400
6550
6550
6690
6500
6650
262000
6650
6500
6530
6430
6450
246300
6450
6480
6520
6440
6480
217200
6480
6550
6610
6460
6480
227400
6480
6490
6680
6490
6630
359600
6630
6630
7300
6570
7150
850000
7150
7250
7310
7060
7100
427500
7100
7060
7180
6930
7120
395800
7120
7070
7170
7030
7140
233600
7140
7160
7180
7120
7170
221900
7170
7200
7280
7020
7060
251900
7060
7160
7260
7120
7250
269200
7250
7300
7430
7270
7420
255100
7420
7400
7450
7350
7440
158800
7440
7320
7320
7220
7280
185000
7280
7320
7320
7150
7260
337300
7260
7160
7280
7150
7270
186400
7270
7250
7290
7200
7260
208600
7260
7260
7350
7260
7330
128300
7330
7280
7350
7240
7250
273900
7250
7060
7150
7040
7130
202900
7130
7140
7220
7090
7100
238100
7100
7210
7260
7080
7130
296800
7130
7070
7110
6890
6940
391000
6940
6920
6990
6800
6870
498300
6870
6930
7060
6930
6980
284000
6980
6940
6980
6790
6840
644300
6840
6920
6940
6790
6810
272200
6810
6700
6780
6680
6680
354000
6680
6560
6640
6520
6630
297600
6630
6570
6600
6390
6470
395900
6470
6570
6730
6570
6710
383600
6710
6650
6680
6540
6590
363600
6590
6560
6560
6450
6460
309700
6460
6560
6570
6470
6550
256300
6550
6620
6700
6590
6690
292600
6690
6650
6660
6450
6500
496000
6500
6550
6570
6480
6500
191100
6500
6490
6500
6330
6340
271200
6340
6360
6460
6350
6430
440500
6430
6410
6440
6170
6200
457400
6200
6100
6110
6000
6020
412500
6020
5920
5930
5720
5730
241700
5730
5700
5850
5660
5770
288500
5770
5970
6110
5960
6100
301200
6100
6160
6160
6040
6120
306600
6120
