2299.5
2325
2277.5
2325
2113700
2325
2337.5
2363.5
2319.5
2359.5
1885700
2359.5
2378
2380
2335.5
2340.5
1581000
2340.5
2354
2388
2350
2384.5
1625700
2384.5
2405.5
2492
2405.5
2473.5
5061300
2473.5
2499.5
2515
2487.5
2502.5
3319200
2502.5
2497
2516
2495.5
2503
1683800
2503
2503.5
2507.5
2491
2503
1300900
2503
2493.5
2519.5
2490.5
2514.5
1327600
2514.5
2522.5
2568
2520.5
2530
2500700
2530
2529.5
2531
2497.5
2508
1782200
2508
2520.5
2567
2520
2567
1861500
2567
2584.5
2635
2583
2600
2307300
2600
2601
2653.5
2600
2644
2348700
2644
2628.5
2659.5
2617.5
2653.5
2155000
2653.5
2649
2655.5
2608
2614
1645000
2614
2614
2639.5
2614
2625
1637300
2625
2610.5
2661.5
2599.5
2653
2565800
2653
2750
2892
2738.5
2812
8447000
2812
2796
2918
2783.5
2911.5
3170300
2911.5
2898.5
2915.5
2817
2851
3418700
2851
2781
2820
2780
2801
2764400
2801
2705
2784.5
2705
2781
4098300
2781
2850
2871.5
2769
2784
4415800
2784
2780
2811.5
2757
2778
2564500
2778
2719
2765.5
2710.5
2758
2715300
2758
2768.5
2770
2686
2687.5
3242200
2687.5
2671
2691.5
2646.5
2681.5
5026400
2681.5
2696.5
2703.5
2680
2691
2266800
2691
2704
2732
2686
2696.5
2073600
2696.5
2716.5
2755
2709
2750
1347900
2750
2753
2765
2730
2738.5
1788800
2738.5
2741.5
2746.5
2694
2707
1793500
2707
2694.5
2715.5
2690
2711
1386700
2711
2700
2705
2675
2692
1221300
2692
2729
2799
2726
2796.5
2298400
2796.5
2800
2807
2702
2706.5
2384500
2706.5
2706.5
2711
2678
2678
2418300
2678
2686.5
2704.5
2677
2690
1971600
2690
2630
2646.5
2620
2629.5
2181600
2629.5
2592
2621.5
2587
2606.5
1394900
2606.5
2645
2703.5
2645
2674
2083300
2674
2674
2705
2668.5
2700
2433300
2700
2734
2744.5
2696
2702
2412700
2702
2702.5
2713
2688.5
2699.5
3279800
2699.5
2717.5
2732
2689.5
2703
1696600
2703
2700.5
2721
2697
2704.5
1483900
2704.5
2674.5
2691
2671.5
2672.5
1640100
2672.5
2640.5
2657
2612
2631.5
1867400
2631.5
2660
2709.5
2658.5
2707
2477400
2707
2691
2702.5
2659
2669.5
1489400
2669.5
2649
2665
2641.5
2648
1782800
2648
2605
2634
2599.5
2627
2222800
2627
2583
2608
2573.5
2582
2845500
2582
2572.5
2588.5
2550
2576
2236300
2576
2596
2656.5
2595
2652
1801300
2652
2605.5
2639
2596
2638.5
1702100
2638.5
2647.5
2699
2625.5
2649.5
1805200
2649.5
2676.5
2680
2648.5
2668.5
972700
2668.5
2671
2719
2670
2694
1269200
2694
2675
2708
2654
2704
1564400
2704
2698
2730
2666.5
2719
2424600
2719
2728.5
2781.5
2717.5
2767
1862700
2767
2764
2797.5
2745.5
2778.5
1549600
2778.5
2776
2815
2769.5
2806
1204700
2806
2810
2824
2797.5
2804
1335800
2804
2815
2824.5
2770.5
2778
1557100
2778
2770
2788
2767
2781.5
865400
2781.5
2800
2807.5
2769
2787.5
1390600
2787.5
2800
2812
2789.5
2809.5
1016400
2809.5
2795
2808
2786.5
2801.5
996200
2801.5
2810
2853
2809
2840
1258100
2840
2851
2867.5
2848
2851.5
1480000
2851.5
2852.5
2907.5
2852.5
2895.5
1660000
2895.5
2875.5
2889.5
2865
2885
776200
2885
2896
2904
2870.5
2896
1086900
2896
2884.5
2956.5
2880.5
2938.5
1708600
2938.5
2938
2949
2893
2896
1528400
2896
2796
2842
2785
2817.5
3496700
2817.5
2819.5
2822
2787
2806.5
1725200
2806.5
2900
3010
2859
2981.5
4950600
2981.5
3000
3028
2979
3026
2096300
3026
3030
3040
2996
3037
1684800
3037
3035
3047
2966.5
2971.5
1931000
2971.5
2971.5
2976
2896
2898.5
1901900
2898.5
2898.5
2962
2889
2932.5
1562300
2932.5
2941
2963
2936
2958
952500
2958
2919
2999
2919
2980
1160600
2980
3000
3058
2990
3044
2494500
3044
3028
3053
2960
3049
2397400
3049
3049
3068
3011
3063
1657800
3063
3080
3130
3062
3118
1435800
3118
3106
3151
3072
3147
1482500
3147
3110
3131
3088
3120
1603600
3120
3132
3146
3100
3112
974400
3112
3123
3159
3105
3135
1454900
3135
3138
3153
3103
3107
1047400
3107
3107
3129
3096
3108
1054100
3108
3054
3086
3046
3082
1699100
3082
3120
3141
3082
3124
5056200
3124
3091
3194
3085
3178
1904900
3178
3212
3255
3192
3245
1569900
3245
3242
3261
3177
3182
1663600
3182
3212
3242
3173
3240
1627200
3240
3253
3305
3237
3302
1986300
3302
3338
3338
3260
3286
2819800
3286
3288
3302
3267
3293
767000
3293
3330
3349
3306
3316
1135400
3316
3345
3405
3333
3402
1714400
3402
3398
3432
3380
3405
1706500
3405
3439
3451
3403
3420
1633600
3420
3410
3419
3368
3407
1849000
3407
3427
3437
3395
3407
1846900
3407
3412
3414
3365
3392
2517800
3392
3420
3487
3416
3477
1921800
3477
3481
3496
3427
3441
2267200
3441
3462
3471
3366
3373
1485200
3373
3323
3369
3275
3280
2158700
3280
3250
3268
3210
3256
1869700
3256
3244
3279
3216
3274
1360600
3274
3248
3273
3239
3264
982600
3264
3224
3232
3111
3118
1655000
3118
3148
3169
3052
3077
2276300
3077
3053
3091
3032
3083
1766900
3083
3057
3062
3024
3033
1468400
3033
3075
3084
3041
3057
2145500
3057
3027
3034
3011
3016
1221200
3016
3030
3034
2980
2980
1901600
2980
2969
3011
2949
2985.5
1473300
2985.5
2991
3050
2988.5
3039
1637400
3039
3109
3176
3085
3171
3420700
3171
3190
3291
3174
3284
2293300
3284
3302
3389
3301
3358
1939900
3358
3380
3408
3375
3396
1794000
3396
3405
3412
3352
3360
1798100
3360
3359
3414
3325
3360
1563600
3360
3384
3384
3279
3304
1598800
3304
3234
3277
3202
3248
2846200
3248
3234
3302
3234
3262
1904000
3262
3274
3300
3274
3289
868900
3289
3273
3286
3250
3275
1158400
3275
3260
3272
3196
3233
2196600
3233
3400
3474
3387
3412
2907900
3412
3412
3477
3387
3411
1769700
3411
3424
3433
3361
3374
1142700
3374
3332
3370
3297
3332
1091000
3332
3302
3339
3287
3294
1221300
3294
3291
3345
3266
3276
1580600
3276
3284
3296
3276
3284
865400
3284
3285
3295
3274
3284
1259600
3284
3273
3273
3188
3205
1729600
3205
3236
3313
3222
3313
1020400
3313
3330
3415
3330
3387
1222600
3387
3356
3371
3308
3342
1237300
3342
3386
3392
3354
3369
951300
3369
3386
3414
3361
3365
689400
3365
3364
3420
3346
3412
961400
3412
3410
3413
3304
3306
1020100
3306
3356
3408
3353
3389
1485200
3389
3412
3438
3367
3387
1290900
3387
3380
3408
3352
3352
1503300
3352
3360
3371
3323
3361
1145200
3361
3361
3391
3335
3346
1067400
3346
3349
3373
3330
3348
1241700
3348
3326
3337
3291
3304
1299200
3304
3234
3307
3230
3269
1612300
3269
3259
3267
3221
3253
1557400
3253
3250
3255
3189
3211
1308600
3211
3203
3216
3180
3196
1114700
3196
3186
3210
3145
3154
1195700
3154
3153
3175
3144
3164
977700
3164
3202
3272
3202
3269
1158400
3269
3283
3357
3276
3332
1674600
3332
3354
3388
3321
3349
1051100
3349
3387
3387
3278
3286
2036400
3286
3254
3320
3244
3307
1545800
3307
3358
3380
3327
3373
1288900
3373
3385
3398
3345
3349
1449300
3349
3340
3340
3280
3280
2275800
3280
3313
3440
3301
3424
2381500
3424
3420
3536
3401
3506
1896000
3506
3510
3559
3474
3485
1577000
3485
3508
3524
3462
3488
1463400
3488
3450
3472
3392
3405
1358700
3405
3445
3462
3418
3429
1324700
3429
3443
3459
3411
3432
934300
3432
3470
3488
3398
3418
1316200
3418
3405
3452
3381
3436
1248900
3436
3418
3445
3387
3396
1066500
3396
3406
3460
3402
3451
729900
3451
3363
3389
3302
3327
1308500
3327
3257
3296
3239
3295
1985100
3295
3266
3277
3224
3231
1217300
3231
3182
3201
3155
3184
1878300
3184
3243
3329
3239
3325
1562500
3325
3313
3336
3298
3327
955100
3327
3267
3317
3234
3297
1056000
3297
3275
3304
3247
3284
772200
3284
3275
3275
3180
3203
981000
3203
3217
3276
3179
3251
1202300
3251
3181
3200
3107
3121
1549200
3121
3139
3165
3097
3114
1062400
3114
3118
3137
3083
3091
1081600
3091
3080
3124
3049
3097
1935900
3097
3095
3117
3073
3090
1849600
3090
3049
3067
2791.5
2864.5
3662100
2864.5
2914.5
3040
2881.5
3023
3139900
3023
2987
2987
2894
2902
1996200
2902
2830
2878
2799
2837.5
2631500
2837.5
2887.5
2958
2847.5
2860
2292500
2860
2931
3040
2922
3039
2529100
3039
3050
3063
3000
3023
1612800
3023
3000
3022
2939.5
2948.5
1607800
2948.5
2880
2912.5
2855
2890.5
1609400
2890.5
2865
2890.5
2834
2847.5
2042900
2847.5
2814.5
2858
2784
2840.5
1222100
2840.5
2840.5
2880.5
2834.5
2856
1020300
2856
2856
2879.5
2828
2845
871400
2845
2850
2896
2842.5
2887.5
1024900
2887.5
2849
2932.5
2842.5
2907
1570000
2907
2898
2908.5
2855.5
2905
1244700
2905
2935.5
3024
2931
2989.5
2018900
2989.5
2990
2990.5
2932.5
2954
1448900
2954
2965.5
3034
2950.5
3030
1294000
3030
3048
3077
3028
3055
1119600
3055
3031
3044
2983
2998.5
1636800
2998.5
3031
3106
3031
3063
1221000
3063
3040
3051
2943
2944
1352000
2944
2905.5
2969
2878.5
2961.5
1208800
2961.5
2949
2997.5
2934.5
2963
1650900
2963
3013
3071
2992.5
3066
1656200
3066
3022
3025
2923
2948
1872600
2948
2968
3031
2964.5
3018
1615600
3018
3083
3119
3080
3119
1781400
3119
3132
3166
3095
3133
1430500
3133
3093
3150
3028
3030
2426800
3030
3040
3120
3026
3103
906100
3103
3091
3126
3074
3086
1082500
3086
3056
3119
3045
3092
1133900
3092
3050
3069
2944.5
2951.5
1748500
2951.5
2936.5
2951
2850
2864
1729200
2864
2792
2804.5
2745.5
2779
1373000
2779
2790
2864
2741
2794
1323000
2794
2942.5
3028
2900.5
3005
1707800
3005
2959.5
3031
2951.5
3024
1261300
3024
