2805
2863
2805
2856
3057400
2856
2878
2921
2841
2915
2924600
2915
2954
2968
2910
2918
2338100
2918
2930
3015
2918
2990
2929800
2990
2963
3030
2951
3015
1926000
3015
2987
2990
2920
2937
3097800
2937
2950
2963
2929
2958
1316000
2958
2946
2946
2884
2932
2267700
2932
2882
2905
2838
2899
2801100
2899
2946
2954
2876
2885
2162300
2885
2901
2920
2884
2920
1433200
2920
2916
2925
2852
2863
1558400
2863
2887
2909
2865
2905
1541600
2905
2895
2955
2895
2935
1680100
2935
2925
2925
2887
2894
1251200
2894
2944
2948
2867
2889
2303200
2889
2860
2878
2822
2859
2118900
2859
2825
2837
2775
2795
2234700
2795
2760
2841
2709
2731
3355100
2731
2745
2748
2680
2706
2140000
2706
2700
2729
2690
2710
1693500
2710
2641
2657
2623
2644
1674900
2644
2506
2531
2471
2531
2990200
2531
2601
2609
2486
2489
2709300
2489
2499
2520
2464
2487
1893300
2487
2381
2424
2361
2423
2532300
2423
2435
2445
2343
2347
2505000
2347
2340
2363
2286
2299
2412200
2299
2341
2369
2307
2312
1090000
2312
2298
2320
2258
2315
1823700
2315
2309
2375
2300
2359
2030700
2359
2366
2376
2334
2351
1444300
2351
2351
2363
2306
2322
2285200
2322
2310
2312
2286
2299
1948600
2299
2304
2340
2295
2333
1370900
2333
2350
2358
2325
2350
1223400
2350
2366
2367
2333
2346
1087600
2346
2349
2378
2329
2332
1852900
2332
2301
2304
2280
2293
1666000
2293
2239
2259
2220
2249
2076000
2249
2219
2223
2173
2188
1813100
2188
2228
2254
2210
2214
1589400
2214
2194
2208
2177
2190
1695200
2190
2220
2220
2163
2173
1638900
2173
2188
2237
2169
2177
1809000
2177
2222
2259
2218
2248
1277300
2248
2253
2265
2238
2263
1455100
2263
2230
2259
2218
2248
1703800
2248
2238
2240
2174
2203
1597500
2203
2212
2221
2187
2187
1431000
2187
2178
2189
2158
2163
1695700
2163
2150
2192
2142
2177
1076300
2177
2171
2185
2150
2177
2006400
2177
2120
2137
2079
2087
2943700
2087
2062
2066
2012
2049
2387600
2049
2090
2108
2058
2088
2206100
2088
2045
2085
2038
2069
1375600
2069
2080
2094
2044
2061
1752300
2061
2102
2165
2097
2148
2139300
2148
2142
2168
2131
2137
1325200
2137
2114
2114
2080
2101
1505100
2101
2119
2126
2091
2101
989500
2101
2109
2109
2070
2095
1302600
2095
2092
2093
2066
2068
1528700
2068
2050
2095
2043
2087
1268900
2087
2080
2137
2067
2126
1765300
2126
2150
2209
2137
2164
1798300
2164
2160
2160
2118
2124
1191800
2124
2141
2204
2140
2190
1519500
2190
2218
2225
2167
2187
1271700
2187
2205
2207
2161
2174
870200
2174
2189
2235
2181
2230
1526500
2230
2278
2303
2263
2267
2438500
2267
2260
2320
2260
2308
1978000
2308
2320
2378
2320
2333
2734100
2333
2375
2394
2356
2394
2346700
2394
2369
2390
2346
2380
1661000
2380
2406
2415
2352
2356
1872500
2356
2357
2440
2303
2334
3581000
2334
2322
2430
2316
2429
2854000
2429
2435
2468
2400
2451
2273900
2451
2465
2465
2411
2425
1353500
2425
2399
2428
2391
2424
1313800
2424
2424
2426
2384
2393
1598400
2393
2400
2413
2382
2406
1356100
2406
2416
2464
2407
2458
1619300
2458
2478
2492
2451
2483
1541400
2483
2489
2493
2463
2471
1225600
2471
2464
2490
2440
2443
1633800
2443
2450
2464
2420
2461
1134900
2461
2471
2488
2444
2469
1317300
2469
2463
2463
2444
2449
1109700
2449
2442
2447
2419
2427
1252400
2427
2400
2408
2334
2351
2017700
2351
2340
2363
2301
2311
1837800
2311
2277
2290
2252
2269
1519100
2269
2261
2270
2225
2240
1355700
2240
2242
2255
2209
2229
1143500
2229
2179
2224
2167
2217
1652500
2217
2250
2250
2188
2219
1946900
2219
2211
2248
2193
2234
1698800
2234
2262
2308
2256
2294
1571800
2294
2324
2326
2282
2295
1645300
2295
2309
2339
2294
2322
1554900
2322
2335
2338
2317
2328
1558300
2328
2311
2348
2297
2298
1688100
2298
2241
2286
2216
2264
1863000
2264
2287
2297
2247
2247
1577100
2247
2276
2324
2267
2300
1934600
2300
2327
2362
2319
2325
2200400
2325
2341
2344
2312
2340
1771400
2340
2316
2321
2229
2242
1989400
2242
2250
2289
2213
2214
2124800
2214
2197
2212
2144
2204
2523000
2204
2209
2228
2180
2203
1112900
2203
2180
2202
2158
2199
1795900
2199
2210
2233
2185
2189
1733400
2189
2140
2227
2140
2218
1844800
2218
2229
2230
2156
2206
1598800
2206
2200
2230
2195
2221
1457100
2221
2216
2228
2185
2199
1791900
2199
2186
2207
2161
2162
1427400
2162
2161
2192
2115
2135
2015900
2135
2121
2159
2111
2113
1203500
2113
2104
2110
2070
2078
1419300
2078
2065
2108
2058
2103
1932400
2103
2125
2125
2088
2109
1057100
2109
2133
2156
2124
2143
1638400
2143
2093
2125
2076
2095
1829800
2095
2099
2103
2078
2080
1139600
2080
2092
2104
2079
2092
1495000
2092
2094
2145
2084
2138
1324500
2138
2160
2162
2132
2136
1156800
2136
2145
2161
2137
2157
1164400
2157
2165
2166
2111
2126
1485500
2126
2112
2134
2104
2114
1222100
2114
2127
2144
2112
2114
1436500
2114
2121
2134
2105
2111
1144700
2111
2061
2112
2061
2101
3497100
2101
2113
2133
2099
2120
1664400
2120
2131
2150
2127
2139
1531700
2139
2141
2187
2119
2149
3950900
2149
2175
2180
2141
2179
1715400
2179
2180
2194
2140
2145
2090700
2145
2149
2155
2087
2115
2303900
2115
2100
2120
2091
2102
1177400
2102
2090
2108
2077
2104
1616200
2104
2100
2157
2098
2152
2260100
2152
2141
2152
2128
2145
1149500
2145
2158
2158
2096
2097
2574200
2097
2076
2093
2023
2035
2406600
2035
2039
2045
2013
2040
1746900
2040
2041
2062
2026
2033
1591100
2033
2023
2043
2006
2028
1810400
2028
2032
2067
2025
2059
1574900
2059
2059
2066
2031
2036
1209300
2036
2030
2045
2016
2038
1038800
2038
2039
2066
2032
2054
1060700
2054
2060
2063
2030
2032
1129700
2032
2045
2052
2012
2016
1326800
2016
2018
2046
2011
2026
1652200
2026
2076
2117
2041
2086
3983300
2086
2102
2136
2091
2126
2331200
2126
2156
2172
2121
2122
1873500
2122
2100
2110
2089
2096
1278000
2096
2084
2092
2043
2060
1408300
2060
2066
2075
2046
2056
1266800
2056
2046
2051
2018
2034
1682600
2034
2023
2047
2015
2016
1626500
2016
2000
2009
1973
2004
1969100
2004
1993
2035
1993
2030
1151000
2030
2036
2042
2021
2036
1185200
2036
2039
2043
1995
2001
1934100
2001
2001
2050
1998
2034
1494700
2034
2053
2078
2047
2074
1605400
2074
2050
2122
2048
2102
2292000
2102
2121
2137
2090
2115
1988500
2115
2116
2137
2105
2135
1633700
2135
2140
2191
2136
2186
2271000
2186
2159
2159
2110
2137
2351900
2137
2114
2123
2081
2098
1771300
2098
2099
2129
2087
2105
1616100
2105
2116
2143
2091
2137
1912900
2137
2131
2153
2111
2128
1309900
2128
2146
2166
2133
2142
1674500
2142
2123
2149
2117
2124
1314000
2124
2133
2153
2110
2115
1768600
2115
2100
2122
2092
2093
1407700
2093
2074
2079
2059
2068
1493200
2068
2079
2105
2071
2088
1447200
2088
2019
2032
2004
2023
2779100
2023
2007
2053
2006
2049
2107700
2049
2039
2063
2028
2040
1403400
2040
2040
2087
2038
2087
1569200
2087
2020
2023
1941
1961
6005500
1961
1960
1978
1941
1950
2521700
1950
1928
1928
1882
1903
3616600
1903
1891
1916
1876
1911
1604300
1911
1903
1908
1856
1868
1923900
1868
1865
1871
1827
1841
2768100
1841
1781
1806
1769
1796
2538200
1796
1830
1839
1777
1795
1957400
1795
1795
1829
1793
1807
1413900
1807
1790
1846
1789
1815
1557100
1815
1816
1845
1803
1825
1748800
1825
1801
1822
1783
1818
1842500
1818
1805
1889
1797
1868
4313000
1868
1857
1927
1845
1887
2749400
1887
1880
1948
1880
1924
1990800
1924
1935
1978
1910
1919
2247600
1919
1947
1976
1936
1937
1644300
1937
1927
1954
1926
1932
1135400
1932
1913
1932
1903
1923
1059100
1923
1881
1898
1854
1894
1919900
1894
1890
1919
1877
1898
997300
1898
1886
1900
1872
1884
890300
1884
1884
1913
1875
1878
1148200
1878
1880
1904
1867
1880
913600
1880
1857
1894
1856
1874
1344300
1874
1845
1859
1823
1854
1314500
1854
1868
1891
1850
1852
786700
1852
1859
1889
1859
1876
1257000
1876
1901
1933
1899
1900
2289100
1900
1908
1957
1908
1934
1943000
1934
1945
1969
1935
1936
1419000
1936
1933
1948
1912
1927
1595700
1927
1975
2038
1965
2011
3285500
2011
2000
2009
1919
1939
2484900
1939
1900
1926
1871
1913
2060200
1913
1905
1916
1873
1902
1810800
1902
1895
1910
1864
1888
1249300
1888
1870
1883
1844
1875
1328600
1875
1878
1880
1823
1858
1456800
1858
1852
1904
1852
1889
1547300
1889
1902
1932
1887
1920
1526200
1920
1904
1928
1880
1901
1473800
1901
1888
1923
1882
1896
1062800
1896
1867
1888
1846
1878
1546000
1878
1847
1848
1805
1839
2379400
1839
1823
1823
1742
1755
2726500
1755
1726
1732
1679
1708
3314300
1708
1631
1657
1604
1642
2307000
1642
1645
1679
1623
1649
1550500
1649
1729
1744
1681
1694
2856800
1694
1692
1720
1686
1691
1693400
1691
