3820
3945
3820
3925
1771000
3925
3930
4020
3920
4010
1540500
4010
4045
4050
3975
3990
1086400
3990
4000
4070
3995
4020
1160800
4020
3970
4080
3960
4065
1093100
4065
4070
4120
4030
4080
906700
4080
4125
4170
4100
4120
1009300
4120
4125
4130
4055
4080
821500
4080
4005
4055
4000
4030
1206800
4030
4100
4110
3980
3985
1039500
3985
4010
4045
3975
4020
817100
4020
4000
4005
3935
3955
702800
3955
3965
3985
3935
3965
876700
3965
3975
4035
3975
4000
879300
4000
3985
4025
3945
3945
779500
3945
3995
4020
3925
3935
914200
3935
3950
3975
3930
3945
536900
3945
3925
3940
3900
3920
648100
3920
3930
3965
3875
3910
1678400
3910
3875
3880
3790
3825
1489600
3825
3840
3895
3835
3880
1296900
3880
3790
3800
3760
3785
975000
3785
3615
3640
3570
3625
1761100
3625
3715
3720
3570
3575
1112500
3575
3585
3605
3510
3530
1107100
3530
3390
3420
3340
3380
1900300
3380
3395
3410
3310
3315
996800
3315
3330
3345
3240
3270
960800
3270
3305
3315
3250
3280
877600
3280
3250
3305
3220
3295
1189200
3295
3300
3385
3285
3375
977400
3375
3370
3390
3350
3380
690000
3380
3400
3430
3365
3395
1020200
3395
3375
3375
3315
3340
793300
3340
3320
3405
3295
3390
808800
3390
3425
3440
3385
3420
742800
3420
3460
3460
3390
3415
655900
3415
3440
3450
3370
3370
808300
3370
3340
3345
3295
3315
801100
3315
3220
3260
3190
3240
1033200
3240
3190
3195
3150
3180
773000
3180
3215
3255
3195
3200
879700
3200
3170
3195
3155
3160
659000
3160
3190
3190
3110
3135
829800
3135
3160
3230
3140
3145
971600
3145
3200
3240
3180
3215
613500
3215
3195
3215
3160
3205
715100
3205
3175
3215
3165
3175
618300
3175
3160
3170
3095
3150
1053000
3150
3160
3170
3125
3140
722400
3140
3125
3145
3095
3100
669400
3100
3085
3125
3070
3115
685000
3115
3055
3105
3020
3085
942800
3085
3025
3045
2962
2973
1466700
2973
2944
2961
2891
2958
1025400
2958
3000
3050
2980
3010
912900
3010
2950
3015
2944
3000
615300
3000
3030
3045
2948
2985
684800
2985
3025
3080
3005
3060
1137100
3060
3045
3080
3030
3030
549500
3030
2990
3020
2979
3005
695200
3005
3000
3010
2983
2988
582800
2988
2988
3015
2962
2996
587400
2996
2985
2999
2961
2966
720900
2966
2935
2958
2906
2946
813400
2946
2945
3020
2919
3000
913900
3000
3040
3135
3040
3085
1149800
3085
3075
3075
3015
3015
604900
3015
3060
3155
3060
3130
868700
3130
3145
3155
3100
3115
526300
3115
3125
3130
3080
3105
388000
3105
3115
3200
3105
3185
741100
3185
3255
3310
3190
3200
1460000
3200
3230
3360
3230
3330
1742900
3330
3350
3410
3345
3380
1175300
3380
3450
3470
3400
3455
1172000
3455
3415
3460
3390
3455
663300
3455
3480
3490
3425
3430
616500
3430
3400
3430
3205
3245
2189500
3245
3210
3320
3185
3305
1193400
3305
3360
3380
3315
3335
737400
3335
3375
3390
3285
3295
690600
3295
3290
3325
3275
3310
498400
3310
3330
3340
3230
3260
833600
3260
3245
3285
3225
3270
604300
3270
3260
3285
3230
3280
611700
3280
3290
3325
3275
3300
578100
3300
3290
3335
3290
3305
426000
3305
3300
3330
3280
3290
428900
3290
3280
3305
3265
3275
416100
3275
3320
3370
3290
3330
684400
3330
3335
3340
3270
3275
687200
3275
3280
3285
3240
3260
538400
3260
3235
3235
3165
3170
927100
3170
3125
3130
3035
3065
1238200
3065
3020
3040
2990
3000
1073200
3000
2985
3005
2961
2978
867800
2978
2983
2991
2934
2948
655200
2948
2898
2914
2873
2911
1025800
2911
2920
2925
2843
2878
1191900
2878
2861
2913
2832
2898
887400
2898
2930
2996
2927
2986
933000
2986
3000
3040
2982
2994
773400
2994
2987
2991
2953
2974
906000
2974
2991
2998
2938
2958
882000
2958
2932
2968
2895
2896
1213900
2896
2860
2904
2826
2887
799000
2887
2906
2910
2853
2866
686100
2866
2870
2935
2870
2881
952500
2881
2884
2958
2884
2917
1109800
2917
2942
2965
2917
2940
845600
2940
2917
2917
2778
2793
1521200
2793
2776
2818
2737
2749
1195800
2749
2700
2700
2628
2691
2131100
2691
2680
2687
2633
2667
1216300
2667
2605
2644
2581
2642
1253700
2642
2664
2716
2632
2642
1059000
2642
2593
2722
2580
2705
1227600
2705
2689
2695
2606
2664
932400
2664
2654
2699
2647
2671
959900
2671
2680
2686
2647
2668
675700
2668
2660
2691
2632
2633
641400
2633
2626
2637
2566
2600
1367600
2600
2601
2633
2587
2588
708800
2588
2585
2596
2564
2573
675000
2573
2585
2651
2585
2632
1081600
2632
2640
2649
2602
2638
548200
2638
2683
2715
2666
2676
1328500
2676
2630
2641
2569
2616
1508600
2616
2624
2627
2591
2594
640400
2594
2614
2624
2586
2619
925500
2619
2621
2679
2618
2662
938500
2662
2689
2701
2653
2657
906400
2657
2689
2719
2679
2711
966300
2711
2689
2714
2646
2676
786800
2676
2653
2685
2637
2673
617600
2673
2689
2735
2689
2732
896400
2732
2761
2770
2711
2716
630300
2716
2678
2754
2667
2753
977100
2753
2763
2779
2745
2761
595600
2761
2750
2792
2746
2771
608300
2771
2790
2944
2754
2890
2289000
2890
2883
2951
2849
2945
1599600
2945
2922
2932
2843
2862
1230400
2862
2860
2866
2811
2841
704100
2841
2815
2863
2807
2851
440500
2851
2841
2891
2840
2878
525300
2878
2900
2948
2884
2942
1272400
2942
2920
2948
2898
2942
555900
2942
2954
2965
2870
2879
1147700
2879
2844
2849
2762
2781
922800
2781
2809
2873
2784
2860
907700
2860
2874
2929
2874
2917
1105400
2917
2867
2873
2813
2865
1009700
2865
2895
2947
2892
2937
1141800
2937
2937
2964
2902
2916
799000
2916
2891
2910
2853
2903
566200
2903
2907
2943
2899
2931
607700
2931
2943
2957
2898
2898
594800
2898
2948
2963
2909
2911
516500
2911
2907
2925
2860
2864
1077600
2864
2901
2953
2895
2925
1290200
2925
2965
3060
2965
3045
1524600
3045
3080
3085
2996
3015
1320200
3015
2989
3015
2965
2988
1027700
2988
2979
2993
2951
2965
812500
2965
2965
2978
2936
2945
990500
2945
2922
2922
2852
2890
1022400
2890
2864
2926
2861
2891
875000
2891
2860
2895
2846
2892
514300
2892
2860
2915
2855
2898
526400
2898
2906
2919
2887
2911
445200
2911
2917
2923
2861
2869
663900
2869
2870
3000
2869
2988
1236200
2988
3040
3115
3025
3105
1576400
3105
3070
3195
3060
3180
1352300
3180
3230
3240
3150
3160
941300
3160
3160
3170
3105
3165
857500
3165
3190
3325
3160
3315
1912600
3315
3295
3345
3280
3335
1059200
3335
3320
3320
3240
3245
915800
3245
3270
3310
3245
3270
924800
3270
3295
3340
3255
3315
1050000
3315
3335
3375
3300
3315
607300
3315
3345
3360
3310
3330
769100
3330
3280
3320
3260
3305
894300
3305
3335
3350
3310
3330
844000
3330
3285
3320
3270
3300
598600
3300
3235
3260
3200
3255
851500
3255
3265
3300
3245
3275
558200
3275
3140
3165
3080
3125
1327700
3125
3085
3120
3050
3115
937500
3115
3100
3140
3080
3110
663200
3110
3090
3185
3085
3180
853300
3180
2995
3000
2856
2941
3746200
2941
2946
2960
2841
2852
1540500
2852
2802
2822
2780
2803
1417200
2803
2789
2841
2781
2820
929400
2820
2816
2816
2734
2742
1050700
2742
2721
2734
2683
2707
1053800
2707
2610
2651
2608
2626
1145900
2626
2649
2654
2581
2608
1036600
2608
2632
2675
2626
2652
959100
2652
2625
2713
2624
2688
1291800
2688
2690
2780
2646
2754
1366800
2754
2733
2750
2648
2663
1099600
2663
2672
2838
2650
2826
2132400
2826
2804
2877
2772
2774
1386500
2774
2772
2844
2771
2801
790500
2801
2826
2887
2751
2765
1103700
2765
2822
2840
2785
2789
745300
2789
2789
2813
2771
2784
561100
2784
2751
2760
2710
2718
910800
2718
2640
2660
2581
2647
1499000
2647
2650
2678
2617
2658
687400
2658
2643
2655
2605
2629
645900
2629
2660
2676
2625
2631
548500
2631
2633
2668
2614
2615
662700
2615
2592
2654
2588
2629
473700
2629
2581
2608
2561
2580
1020100
2580
2594
2601
2543
2551
712800
2551
2564
2627
2558
2622
939300
2622
2672
2730
2657
2675
1193500
2675
2691
2742
2690
2699
925900
2699
2720
2735
2673
2680
695700
2680
2670
2679
2635
2669
883600
2669
2717
2814
2712
2776
1349700
2776
2814
2832
2663
2690
1215300
2690
2640
2660
2579
2641
1227300
2641
2624
2624
2567
2610
874600
2610
2616
2629
2562
2590
670800
2590
2549
2558
2502
2547
729400
2547
2564
2576
2472
2524
987600
2524
2531
2604
2531
2589
915400
2589
2609
2652
2605
2642
811200
2642
2606
2666
2574
2610
896500
2610
2610
2651
2593
2602
493400
2602
2537
2586
2483
2563
1184900
2563
2630
2637
2538
2586
1250000
2586
2537
2550
2392
2407
1481000
2407
2358
2378
2301
2330
1754100
2330
2201
2273
2163
2243
964600
2243
2250
2317
2226
2267
725000
2267
2384
2397
2362
2387
895800
2387
2382
2435
2367
2399
645500
2399
