2910
2966
2903
2941
1071000
2941
2956
3005
2945
2971
861600
2971
3000
3020
2971
2977
466100
2977
2991
3040
2989
2993
619100
2993
2987
3035
2976
3030
483900
3030
3015
3020
2978
3005
460600
3005
3010
3035
3010
3020
402300
3020
3015
3020
2976
3000
399000
3000
2962
2992
2957
2985
445700
2985
2998
3000
2941
2948
745900
2948
2961
2975
2943
2958
348100
2958
2955
2955
2924
2941
305000
2941
2952
2971
2939
2963
383800
2963
2951
2975
2940
2966
325900
2966
2949
2974
2918
2950
338700
2950
2960
2998
2958
2973
728200
2973
2966
2967
2929
2937
445100
2937
2925
2954
2913
2938
563800
2938
2955
2982
2888
2893
1146100
2893
2867
2870
2791
2827
1595800
2827
2807
2823
2776
2818
876900
2818
2766
2769
2718
2761
980200
2761
2690
2725
2665
2721
1688100
2721
2757
2762
2699
2702
1092300
2702
2693
2715
2662
2700
702800
2700
2611
2702
2597
2701
1056400
2701
2713
2720
2651
2669
870000
2669
2655
2667
2603
2629
933200
2629
2668
2671
2606
2612
762600
2612
2612
2639
2579
2633
870900
2633
2635
2681
2625
2669
699500
2669
2690
2701
2651
2660
401200
2660
2658
2662
2614
2638
408500
2638
2620
2623
2564
2585
603400
2585
2585
2607
2569
2599
486400
2599
2612
2636
2604
2627
429000
2627
2630
2657
2627
2634
425900
2634
2641
2652
2592
2592
491900
2592
2581
2597
2549
2560
638800
2560
2537
2554
2501
2544
751000
2544
2506
2515
2473
2487
587300
2487
2500
2536
2478
2501
643600
2501
2476
2503
2463
2475
539700
2475
2487
2487
2441
2465
498100
2465
2475
2510
2461
2484
743800
2484
2495
2533
2482
2513
455900
2513
2500
2512
2481
2504
413700
2504
2480
2501
2459
2482
342400
2482
2494
2494
2418
2452
786700
2452
2475
2475
2439
2444
340800
2444
2428
2492
2428
2460
454400
2460
2443
2511
2442
2497
512000
2497
2477
2494
2460
2491
387000
2491
2441
2483
2422
2437
762500
2437
2405
2425
2379
2425
606900
2425
2434
2477
2424
2457
627600
2457
2443
2481
2425
2464
283700
2464
2500
2516
2441
2463
465100
2463
2480
2514
2475
2494
660400
2494
2485
2510
2475
2487
213700
2487
2457
2464
2441
2450
418800
2450
2450
2450
2412
2420
545300
2420
2414
2431
2390
2415
615600
2415
2409
2415
2379
2382
527300
2382
2378
2393
2353
2388
512100
2388
2380
2416
2354
2401
594200
2401
2409
2445
2409
2429
587200
2429
2428
2430
2401
2405
365700
2405
2416
2480
2416
2470
530600
2470
2475
2492
2459
2464
422300
2464
2464
2479
2453
2459
324000
2459
2463
2516
2463
2506
465900
2506
2535
2553
2527
2541
428400
2541
2531
2578
2531
2563
317700
2563
2538
2607
2535
2583
567900
2583
2615
2636
2602
2627
488700
2627
2626
2647
2607
2638
332900
2638
2653
2662
2624
2641
348500
2641
2653
2660
2520
2530
1118900
2530
2494
2499
2436
2490
805100
2490
2498
2503
2444
2459
517600
2459
2470
2476
2448
2463
348400
2463
2452
2462
2427
2435
431400
2435
2442
2447
2372
2385
577200
2385
2394
2420
2394
2415
442800
2415
2402
2456
2379
2444
601700
2444
2458
2489
2458
2465
422200
2465
2461
2500
2458
2485
383500
2485
2478
2515
2469
2501
497600
2501
2494
2520
2477
2501
408600
2501
2523
2560
2515
2529
403000
2529
2527
2541
2490
2495
356400
2495
2513
2542
2510
2525
399600
2525
2502
2502
2447
2453
648600
2453
2456
2466
2404
2416
368000
2416
2401
2408
2367
2374
556200
2374
2353
2353
2324
2330
431400
2330
2316
2326
2287
2302
467900
2302
2264
2318
2244
2314
799200
2314
2313
2318
2240
2240
1745200
2240
2218
2246
2196
2237
642200
2237
2243
2289
2236
2287
627800
2287
2291
2304
2265
2274
462400
2274
2275
2339
2262
2337
516000
2337
2326
2336
2310
2312
434500
2312
2300
2328
2275
2277
565200
2277
2227
2227
2164
2210
830200
2210
2220
2240
2194
2200
494300
2200
2219
2267
2213
2243
440900
2243
2236
2286
2235
2252
482600
2252
2261
2279
2241
2271
584000
2271
2249
2255
2201
2207
638700
2207
2182
2191
2124
2134
684000
2134
2125
2129
2071
2125
425800
2125
2109
2116
2086
2103
361500
2103
2080
2084
2040
2082
343000
2082
2117
2120
2080
2082
343300
2082
2050
2112
2029
2103
515900
2103
2090
2100
2056
2072
317800
2072
2066
2094
2063
2073
387200
2073
2060
2066
2037
2047
613500
2047
2047
2065
2002
2006
512500
2006
1978
1995
1926
1947
771700
1947
1935
1957
1923
1927
454900
1927
1928
1931
1887
1893
624300
1893
1890
1929
1883
1904
577500
1904
1904
1904
1865
1875
645800
1875
1895
1914
1881
1892
530900
1892
1856
1880
1851
1867
583500
1867
1859
1867
1833
1835
539500
1835
1855
1881
1842
1876
364500
1876
1880
1929
1875
1921
500600
1921
1932
1945
1914
1932
408400
1932
1950
1971
1937
1941
676400
1941
1931
1933
1901
1910
685400
1910
1889
1932
1882
1930
404000
1930
1940
1969
1940
1958
400000
1958
1967
1990
1937
1940
468200
1940
1935
1978
1916
1976
521700
1976
1970
1989
1960
1979
334600
1979
1980
2015
1979
1994
632900
1994
2019
2069
1988
2027
1144900
2027
2047
2082
2014
2078
772300
2078
2065
2105
1999
2002
836600
2002
1998
1998
1918
1925
799100
1925
1914
1929
1884
1886
730800
1886
1870
1892
1865
1884
497400
1884
1875
1941
1870
1937
495600
1937
1934
1976
1929
1970
570500
1970
1968
1971
1889
1893
879200
1893
1890
1892
1792
1795
862000
1795
1793
1823
1763
1817
829900
1817
1839
1919
1839
1876
1038700
1876
1869
1920
1857
1912
861500
1912
1952
2006
1911
2003
1169600
2003
2003
2037
1975
1979
525000
1979
1969
1990
1945
1982
314000
1982
1982
2019
1974
2012
403800
2012
2005
2014
1949
1951
522900
1951
1972
1999
1950
1962
361500
1962
1968
1991
1965
1971
306000
1971
2010
2028
2002
2011
418100
2011
2020
2063
2017
2062
540100
2062
2090
2147
2075
2085
929100
2085
2050
2069
2037
2056
450100
2056
2047
2069
2036
2064
350100
2064
2069
2079
2052
2068
298400
2068
2041
2052
2024
2049
357200
2049
2040
2100
2039
2083
504600
2083
2061
2091
2037
2050
626800
2050
2034
2088
2025
2085
397100
2085
2105
2136
2093
2136
459800
2136
2154
2185
2133
2149
514200
2149
2150
2215
2148
2191
514300
2191
2212
2237
2187
2204
694500
2204
2202
2273
2195
2260
535400
2260
2297
2305
2238
2247
459700
2247
2260
2267
2230
2256
378600
2256
2267
2317
2256
2309
640800
2309
2312
2320
2280
2312
629500
2312
2314
2319
2273
2290
508600
2290
2294
2317
2254
2257
551800
2257
2300
2312
2262
2297
493000
2297
2282
2299
2261
2266
355800
2266
2278
2306
2266
2281
483100
2281
2269
2279
2237
2240
356700
2240
2262
2314
2249
2296
478300
2296
2274
2285
2221
2221
509900
2221
2181
2184
2123
2158
1015200
2158
2162
2182
2138
2170
675300
2170
2109
2132
2078
2089
701100
2089
2065
2102
2062
2102
547500
2102
2092
2099
2067
2081
589100
2081
2060
2109
2057
2109
439900
2109
1938
1938
1800
1806
3707200
1806
1800
1803
1725
1768
1923800
1768
1767
1767
1711
1726
979900
1726
1720
1776
1701
1771
977300
1771
1755
1755
1650
1652
1378900
1652
1656
1659
1597
1602
1515300
1602
1535
1569
1515
1521
1422200
1521
1539
1546
1502
1518
1188200
1518
1519
1546
1503
1519
773700
1519
1489
1528
1473
1527
2613500
1527
1544
1544
1488
1509
1330900
1509
1480
1531
1480
1522
917100
1522
1526
1616
1505
1614
1249700
1614
1593
1650
1593
1622
709600
1622
1622
1683
1622
1649
560100
1649
1666
1710
1662
1671
1020700
1671
1705
1718
1660
1667
768300
1667
1678
1707
1676
1697
637400
1697
1668
1688
1652
1660
502200
1660
1618
1643
1591
1639
579600
1639
1638
1680
1622
1660
503800
1660
1644
1670
1614
1623
471100
1623
1615
1642
1599
1608
532300
1608
1605
1626
1568
1587
617500
1587
1571
1641
1569
1599
541900
1599
1563
1578
1543
1551
577500
1551
1540
1549
1508
1513
562300
1513
1526
1577
1526
1569
776400
1569
1583
1630
1583
1612
755700
1612
1635
1657
1618
1632
571100
1632
1621
1652
1607
1607
484900
1607
1624
1640
1609
1631
603200
1631
1645
1701
1640
1684
732200
1684
1650
1658
1511
1515
1987800
1515
1496
1613
1494
1590
1615800
1590
1566
1586
1527
1571
998100
1571
1576
1589
1508
1564
660200
1564
1531
1553
1496
1548
547500
1548
1554
1557
1468
1495
785900
1495
1491
1586
1489
1578
993700
1578
1586
1625
1570
1621
646600
1621
1608
1633
1562
1576
743900
1576
1573
1601
1547
1547
635700
1547
1520
1577
1508
1555
575200
1555
1520
1534
1467
1475
875700
1475
1471
1481
1413
1418
722900
1418
1398
1398
1333
1343
1136600
1343
1300
1312
1248
1286
803000
1286
1299
1337
1276
1298
638300
1298
1358
1365
1320
1335
1236500
1335
1333
1391
1333
1355
679600
1355
