2942
3020
2940
3005
431100
3005
3030
3075
3010
3050
421600
3050
3065
3075
3025
3035
272100
3035
3055
3100
3055
3090
162600
3090
3080
3120
3045
3105
231600
3105
3100
3110
3030
3030
399200
3030
3025
3045
2999
3005
282300
3005
3025
3040
3005
3010
213100
3010
2990
3000
2959
2960
368200
2960
2991
3010
2936
2944
409600
2944
2955
2966
2916
2923
274000
2923
2901
2911
2867
2880
230400
2880
2880
2934
2880
2922
319700
2922
2897
2934
2886
2929
283100
2929
2927
2943
2902
2913
364600
2913
2927
2948
2891
2899
272600
2899
2918
2944
2886
2889
319200
2889
2882
2903
2859
2873
430900
2873
2923
2923
2848
2852
508100
2852
2852
2859
2809
2832
629500
2832
2832
2839
2794
2794
486000
2794
2753
2762
2700
2700
684100
2700
2636
2642
2474
2522
1148700
2522
2652
2704
2594
2595
1258300
2595
2619
2666
2571
2595
715500
2595
2508
2569
2508
2532
1042000
2532
2559
2572
2490
2491
486400
2491
2487
2504
2431
2458
537200
2458
2499
2508
2469
2480
401200
2480
2480
2505
2476
2500
381100
2500
2518
2554
2511
2551
245800
2551
2550
2571
2546
2556
322000
2556
2546
2562
2514
2521
520000
2521
2506
2517
2475
2482
428500
2482
2498
2507
2487
2500
248900
2500
2533
2552
2506
2522
428600
2522
2548
2554
2526
2541
458600
2541
2516
2545
2516
2520
515500
2520
2510
2514
2453
2463
481100
2463
2410
2414
2370
2377
795900
2377
2361
2378
2348
2369
383500
2369
2393
2423
2390
2403
404500
2403
2367
2393
2352
2375
668300
2375
2422
2460
2416
2424
826800
2424
2437
2475
2403
2411
941700
2411
2437
2450
2401
2407
423200
2407
2391
2401
2376
2395
548700
2395
2381
2398
2376
2383
313300
2383
2370
2372
2341
2347
543900
2347
2350
2359
2331
2336
593000
2336
2326
2348
2310
2315
401600
2315
2290
2320
2275
2301
579100
2301
2273
2285
2255
2271
576200
2271
2201
2212
2142
2149
1101300
2149
2137
2180
2135
2179
795500
2179
2215
2260
2199
2254
843000
2254
2200
2232
2199
2219
571800
2219
2227
2261
2190
2214
556300
2214
2263
2271
2221
2260
503300
2260
2290
2298
2263
2266
436200
2266
2235
2247
2215
2240
518100
2240
2241
2280
2232
2269
435600
2269
2293
2333
2265
2318
593700
2318
2318
2338
2285
2289
745600
2289
2275
2326
2264
2320
448700
2320
2321
2338
2293
2323
537000
2323
2335
2357
2322
2333
303500
2333
2319
2332
2307
2322
353100
2322
2355
2386
2345
2370
516800
2370
2380
2400
2353
2396
301900
2396
2405
2409
2371
2384
380100
2384
2381
2443
2381
2435
500500
2435
2449
2499
2440
2475
536800
2475
2466
2478
2449
2452
409300
2452
2453
2459
2402
2405
323800
2405
2426
2443
2403
2437
307600
2437
2435
2463
2420
2461
255700
2461
2469
2489
2462
2474
431700
2474
2496
2538
2468
2532
530700
2532
2512
2541
2480
2540
564000
2540
2543
2543
2421
2438
624900
2438
2475
2483
2442
2475
423800
2475
2488
2509
2475
2486
359900
2486
2494
2499
2452
2459
305600
2459
2448
2495
2448
2495
285600
2495
2516
2526
2489
2525
351900
2525
2521
2533
2484
2528
380600
2528
2513
2539
2504
2529
268900
2529
2516
2521
2484
2500
246100
2500
2499
2538
2495
2526
316600
2526
2535
2536
2515
2518
277500
2518
2475
2486
2463
2467
316400
2467
2463
2479
2447
2472
211100
2472
2443
2445
2381
2393
485200
2393
2395
2400
2364
2385
303500
2385
2366
2399
2360
2387
330500
2387
2403
2418
2390
2407
314100
2407
2385
2400
2361
2378
255400
2378
2314
2327
2296
2318
462800
2318
2321
2344
2302
2306
449200
2306
2300
2338
2287
2310
397400
2310
2353
2357
2334
2339
249200
2339
2339
2362
2332
2338
265700
2338
2350
2364
2340
2346
343900
2346
2346
2369
2344
2348
430400
2348
2356
2368
2322
2326
718100
2326
2349
2404
2338
2379
508000
2379
2401
2409
2370
2390
260100
2390
2395
2414
2390
2392
205600
2392
2395
2398
2376
2379
213300
2379
2410
2410
2371
2380
296700
2380
2393
2393
2349
2359
215600
2359
2343
2365
2324
2324
226800
2324
2320
2374
2305
2370
294900
2370
2351
2375
2335
2362
240800
2362
2345
2366
2322
2363
291400
2363
2359
2401
2355
2378
399600
2378
2352
2386
2329
2381
397600
2381
2401
2411
2345
2375
230300
2375
2368
2390
2338
2386
240900
2386
2414
2418
2369
2393
372900
2393
2380
2400
2342
2343
259700
2343
2359
2379
2292
2315
315700
2315
2320
2392
2320
2382
282000
2382
2373
2391
2346
2367
294200
2367
2396
2457
2390
2445
513800
2445
2450
2489
2438
2447
327500
2447
2470
2490
2463
2463
317500
2463
2431
2448
2360
2360
402600
2360
2380
2407
2342
2355
302600
2355
2398
2418
2379
2405
427400
2405
2420
2481
2419
2467
267200
2467
2490
2490
2449
2449
156100
2449
2448
2456
2425
2432
179000
2432
2433
2459
2414
2454
283400
2454
2434
2454
2430
2445
232900
2445
2479
2480
2440
2447
193100
2447
2478
2492
2440
2445
201500
2445
2479
2491
2445
2460
344000
2460
2461
2461
2425
2437
331300
2437
2414
2457
2407
2452
306200
2452
2452
2566
2449
2549
699300
2549
2470
2496
2379
2447
639300
2447
2433
2533
2433
2508
389600
2508
2517
2517
2471
2494
237900
2494
2499
2531
2494
2518
273200
2518
2511
2538
2498
2532
158500
2532
2509
2530
2488
2499
200900
2499
2494
2497
2463
2466
150400
2466
2480
2480
2426
2434
324200
2434
2402
2409
2358
2365
303800
2365
2388
2452
2378
2452
319200
2452
2466
2491
2447
2461
226300
2461
2449
2497
2421
2479
386300
2479
2465
2474
2437
2465
286300
2465
2460
2482
2429
2450
202900
2450
2448
2489
2423
2486
268200
2486
2499
2505
2463
2475
190900
2475
2487
2501
2478
2496
178400
2496
2517
2540
2509
2538
248000
2538
2541
2561
2533
2538
193200
2538
2555
2566
2538
2545
264900
2545
2551
2562
2543
2559
270400
2559
2580
2583
2531
2541
375000
2541
2517
2548
2495
2545
261600
2545
2502
2531
2461
2527
328600
2527
2526
2567
2521
2562
291300
2562
2578
2616
2556
2605
488300
2605
2615
2648
2587
2621
503100
2621
2597
2618
2575
2615
302300
2615
2589
2614
2574
2614
286000
2614
2623
2649
2622
2644
307900
2644
2648
2663
2625
2660
280600
2660
2678
2684
2646
2674
394500
2674
2707
2707
2649
2662
690100
2662
2687
2780
2669
2779
567100
2779
2800
2822
2790
2807
461000
2807
2815
2830
2785
2822
448900
2822
2838
2878
2815
2864
575200
2864
2878
2906
2863
2904
446900
2904
2875
2923
2856
2906
449700
2906
2901
2937
2892
2905
439800
2905
2933
2957
2891
2936
548600
2936
2932
2966
2897
2934
417400
2934
2940
2982
2930
2965
556900
2965
2990
3045
2970
2983
610800
2983
2976
2995
2925
2934
544600
2934
2907
2938
2893
2917
360900
2917
2852
2935
2848
2903
439000
2903
2927
2940
2875
2913
264300
2913
2852
2875
2816
2842
384300
2842
2792
2817
2759
2790
707200
2790
2754
2804
2750
2787
336700
2787
2767
2829
2761
2803
357600
2803
2811
2854
2795
2805
353100
2805
2830
2845
2790
2803
241500
2803
2759
2796
2750
2788
241600
2788
2761
2806
2740
2786
260100
2786
2762
2765
2703
2718
295600
2718
2750
2793
2736
2780
326500
2780
2730
2736
2697
2714
323800
2714
2714
2736
2679
2721
339300
2721
2734
2796
2729
2775
335800
2775
2764
2791
2727
2737
365900
2737
2713
2763
2549
2583
693600
2583
2550
2693
2532
2664
449700
2664
2654
2690
2600
2672
459000
2672
2646
2660
2599
2604
408500
2604
2633
2700
2610
2668
308200
2668
2681
2740
2647
2658
347900
2658
2688
2721
2681
2696
180700
2696
2720
2758
2698
2728
312600
2728
2720
2751
2687
2742
177500
2742
2671
2688
2624
2681
326900
2681
2707
2748
2697
2742
233800
2742
2702
2771
2702
2742
199600
2742
2727
2776
2727
2754
261900
2754
2757
2762
2711
2716
190800
2716
2730
2774
2723
2771
190500
2771
2721
2731
2675
2710
233700
2710
2749
2749
2708
2729
176500
2729
2770
2806
2767
2788
238000
2788
2807
2830
2794
2806
229300
2806
2786
2817
2768
2807
304800
2807
2830
2839
2787
2795
212700
2795
2809
2822
2775
2804
224600
2804
2835
2835
2791
2812
235300
2812
2800
2806
2704
2712
319800
2712
2704
2724
2657
2719
291200
2719
2711
2718
2672
2702
261800
2702
2656
2691
2651
2686
251900
2686
2639
2663
2628
2639
275400
2639
2598
2625
2577
2607
311100
2607
2633
2661
2625
2653
402100
2653
2677
2702
2664
2679
212900
2679
2645
2697
2625
2628
643600
2628
2639
2677
2635
2669
171700
2669
2622
2666
2622
2641
253200
2641
2663
2663
2611
2629
167500
2629
2602
2613
2502
2516
285200
2516
2536
2537
2452
2463
297400
2463
2401
2419
2355
2374
310300
2374
2365
2423
2358
2400
378900
2400
2450
2479
2437
2464
343500
2464
2464
2500
2460
2497
268400
2497
