509
520
509
520
725100
520
522
527
515
523
828800
523
530
533
526
529
696100
529
530
531
524
526
694000
526
523
526
517
519
733900
519
520
524
512
513
962000
513
517
522
517
519
498700
519
520
524
518
520
529000
520
519
520
516
516
590700
516
520
520
513
514
661100
514
515
518
510
512
718500
512
512
516
511
515
456700
515
516
524
516
521
545100
521
523
527
523
524
428200
524
519
520
512
512
905900
512
514
517
511
516
788500
516
518
524
515
518
667600
518
518
519
513
514
535500
514
519
520
513
515
848800
515
513
519
512
519
732200
519
518
522
516
521
591400
521
512
516
508
514
835600
514
504
512
493
502
1510300
502
508
517
502
502
1074100
502
498
498
481
484
1533700
484
479
479
467
478
1355000
478
480
482
471
472
889000
472
471
476
469
470
967300
470
472
477
470
476
852600
476
478
484
476
481
863500
481
484
493
482
487
1046400
487
486
491
484
491
640100
491
493
494
486
490
728700
490
490
491
485
489
650500
489
490
491
487
490
596800
490
494
494
489
490
737600
490
493
493
486
487
493200
487
490
490
482
483
1001200
483
483
484
476
478
749300
478
473
474
470
472
1179500
472
473
476
471
474
526100
474
480
480
472
473
750600
473
473
480
472
478
705700
478
480
480
474
476
741100
476
479
483
473
478
1200000
478
485
490
481
489
909800
489
492
508
490
507
2057300
507
500
502
495
496
820200
496
495
496
489
495
573300
495
497
498
488
488
1697900
488
486
489
481
483
785400
483
475
481
473
477
1315500
477
479
482
474
479
1168600
479
474
481
473
476
1765900
476
470
473
467
472
1527300
472
475
485
474
484
956900
484
471
480
471
476
806100
476
480
480
471
475
787700
475
473
480
473
478
973200
478
477
479
469
470
773000
470
470
474
467
473
1025500
473
475
480
474
479
1169300
479
480
486
479
484
1058300
484
483
488
483
485
826600
485
484
486
479
485
641900
485
486
489
484
486
754500
486
484
485
477
479
515200
479
479
485
478
482
675200
482
483
483
478
480
748800
480
478
485
477
485
661600
485
486
490
485
487
656800
487
489
496
488
496
989000
496
496
497
491
493
845500
493
497
499
495
496
832200
496
499
499
495
496
379800
496
495
496
490
492
581600
492
490
494
489
492
655900
492
494
497
491
495
512300
495
498
500
493
499
596000
499
498
501
496
501
490000
501
499
504
495
500
473200
500
496
497
491
497
498700
497
497
504
496
502
679100
502
500
500
486
486
1137600
486
495
506
489
497
1824200
497
492
503
492
502
926500
502
505
515
505
515
1117600
515
515
517
513
515
425700
515
511
519
511
517
720100
517
520
523
515
519
759100
519
516
518
511
512
458800
512
520
522
511
513
880800
513
518
519
513
514
505200
514
511
514
503
508
905100
508
507
510
503
504
427800
504
507
509
498
501
592500
501
507
507
501
503
530400
503
503
504
495
499
677100
499
495
502
495
500
656800
500
501
502
490
491
857000
491
490
496
490
492
577000
492
492
497
492
495
562100
495
497
502
496
499
704900
499
500
505
498
499
972300
499
499
506
498
505
861000
505
501
511
501
506
665100
506
510
515
508
513
521600
513
515
517
512
513
470300
513
516
519
515
518
419100
518
519
529
518
519
1222500
519
519
523
519
519
433400
519
520
521
515
516
500600
516
512
519
511
512
527100
512
516
518
512
516
810900
516
515
517
510
510
769900
510
508
517
505
515
832500
515
517
517
507
509
543300
509
513
523
506
523
743600
523
524
530
523
524
930700
524
523
526
520
523
714800
523
521
530
517
528
699500
528
531
550
530
538
2166200
538
538
538
514
518
1052200
518
512
538
510
535
942200
535
525
533
521
525
804600
525
535
548
532
545
1071200
545
550
555
544
545
826900
545
545
549
540
541
1034500
541
533
539
529
537
667100
537
537
546
536
540
527100
540
540
541
533
536
440000
536
537
555
536
554
883800
554
552
557
547
549
597300
549
556
564
549
561
1077700
561
562
567
556
563
1074800
563
555
562
552
556
715900
556
552
559
546
555
613000
555
549
550
539
541
1023500
541
542
550
540
542
753000
542
539
539
525
537
1131700
537
534
543
533
538
557700
538
530
539
526
533
825900
533
539
540
533
538
572400
538
525
527
502
522
1731200
522
526
527
516
519
678500
519
520
530
520
528
745300
528
532
540
531
540
551900
540
539
540
531
534
758100
534
533
533
524
526
591200
526
524
532
521
528
687100
528
518
520
511
514
843600
514
524
528
520
523
602500
523
517
524
514
520
649300
520
515
526
511
523
768000
523
521
526
518
523
552900
523
520
522
516
517
510600
517
515
519
514
518
390800
518
515
524
515
520
535200
520
522
525
518
521
444500
521
526
529
520
525
382200
525
526
528
522
526
402500
526
530
530
521
522
442300
522
527
529
525
527
365200
527
536
536
525
526
367000
526
521
530
521
526
331100
526
528
531
526
530
343000
530
531
531
523
525
435400
525
524
527
520
522
412100
522
525
526
522
524
358200
524
519
524
518
523
343100
523
521
528
521
523
500200
523
525
531
525
529
417200
529
533
542
528
532
916000
532
534
544
534
537
599800
537
539
544
537
537
739300
537
544
553
539
549
909100
549
555
558
552
552
562200
552
555
558
551
554
600200
554
556
559
553
557
602300
557
558
563
557
562
770000
562
558
561
551
560
569800
560
553
558
550
551
427800
551
558
560
548
548
585900
548
547
550
546
548
420800
548
550
552
544
545
437300
545
544
550
542
543
400300
543
549
551
543
544
585100
544
540
545
537
540
648900
540
539
540
532
534
565300
534
534
536
528
531
528200
531
519
521
510
513
796400
513
512
516
509
512
792000
512
513
516
507
509
537700
509
507
514
507
514
555700
514
517
522
515
519
542500
519
524
526
522
524
367700
524
517
525
517
523
371200
523
521
526
517
523
372300
523
521
525
514
515
529000
515
522
525
514
519
560500
519
509
510
499
502
716000
502
502
502
494
496
647700
496
497
505
497
501
583700
501
500
504
498
499
514000
499
501
507
498
502
501800
502
512
526
507
520
1100500
520
508
519
508
517
838800
517
516
517
512
516
592900
516
514
517
510
515
567900
515
515
517
512
514
640600
514
519
530
519
528
519300
528
528
537
527
536
481000
536
533
537
533
536
322400
536
526
529
522
527
491800
527
525
528
522
525
456000
525
520
529
518
527
376600
527
526
535
525
535
741700
535
534
534
525
526
422900
526
524
529
522
528
553200
528
530
534
528
532
637200
532
542
547
539
545
532400
545
547
557
546
555
601900
555
555
562
553
556
635200
556
546
555
543
544
905100
544
554
561
547
550
710600
550
553
553
543
547
462400
547
546
547
535
543
964700
543
540
546
533
533
603000
533
528
534
523
534
538800
534
528
533
526
530
518600
530
526
533
522
533
668200
533
525
528
519
522
603600
522
524
525
517
519
477400
519
529
530
522
524
614900
524
531
533
527
530
655800
530
527
533
526
528
824100
528
524
525
512
515
581000
515
505
505
494
494
662500
494
499
499
489
491
406500
491
484
485
472
474
513000
474
474
474
461
464
577500
464
457
458
439
447
808800
447
444
456
443
451
526400
451
460
470
460
468
460700
468
467
470
463
469
323300
469
