2700
2703.5
2684.5
2700
5223000
2700
2700
2725.5
2683.5
2724
5188500
2724
2727
2729
2696
2699
7077900
2699
2694
2700
2682
2682.5
6096200
2682.5
2678
2685
2664.5
2673.5
5261100
2673.5
2669
2673
2650
2655.5
5978900
2655.5
2673.5
2693
2662
2662.5
5723000
2662.5
2663.5
2707.5
2661.5
2694
5360800
2694
2700
2728
2689
2727
5871900
2727
2741
2743
2721
2724
5645200
2724
2733.5
2734
2717
2725.5
3701300
2725.5
2726
2726
2707.5
2717.5
3380500
2717.5
2730
2742.5
2720
2734.5
4714400
2734.5
2739
2754.5
2734
2744.5
4646500
2744.5
2754.5
2763.5
2738.5
2749.5
4924400
2749.5
2742
2752
2735
2736.5
3825300
2736.5
2745
2762.5
2738
2740
4176600
2740
2739
2740.5
2721
2730
4818200
2730
2725
2736
2702
2704.5
7115100
2704.5
2717
2731
2704.5
2727.5
4971600
2727.5
2721
2738
2703
2719.5
3912000
2719.5
2700
2712.5
2683.5
2688.5
5570100
2688.5
2638.5
2666
2597.5
2636.5
10916100
2636.5
2679.5
2718.5
2663.5
2664.5
10559500
2664.5
2699
2700.5
2688
2695
6143900
2695
2650
2689.5
2645.5
2689.5
7016200
2689.5
2689.5
2689.5
2646.5
2649.5
9114900
2649.5
2652.5
2672
2639
2651.5
6089500
2651.5
2662
2674
2643
2644.5
5484600
2644.5
2652.5
2682
2647.5
2677
4465200
2677
2698
2729.5
2695
2728
4288300
2728
2710
2738
2706.5
2733
3858700
2733
2729.5
2729.5
2686.5
2701.5
4829800
2701.5
2670
2683.5
2665
2668
5947000
2668
2668
2704.5
2668
2701.5
3754200
2701.5
2719.5
2744
2711.5
2740
4383700
2740
2757
2773.5
2746.5
2753
4522500
2753
2747
2778
2742
2745
5596800
2745
2728
2731.5
2714.5
2723
4102200
2723
2700
2722
2694.5
2712.5
4543400
2712.5
2706
2747.5
2696.5
2745
3393400
2745
2765.5
2773
2726.5
2726.5
4245000
2726.5
2727
2752
2724.5
2725
4995000
2725
2739.5
2743.5
2707
2718.5
4319900
2718.5
2710
2728.5
2700.5
2710
7371600
2710
2744
2766
2740.5
2751.5
4796800
2751.5
2748.5
2749.5
2729
2746.5
3844300
2746.5
2740
2755
2725.5
2746.5
4382700
2746.5
2732
2762
2730.5
2757
4072900
2757
2748.5
2768
2738
2760.5
6822200
2760.5
2762.5
2773.5
2751
2762
4579100
2762
2760
2771.5
2739.5
2769
3849500
2769
2757
2785
2750
2782
5965000
2782
2737
2756.5
2700.5
2702.5
8284700
2702.5
2680
2685.5
2658.5
2684
6191700
2684
2686.5
2716
2663.5
2716
6289600
2716
2663
2683.5
2647.5
2681.5
5057300
2681.5
2700
2718
2671
2689.5
5070000
2689.5
2701
2724.5
2693.5
2716.5
4057500
2716.5
2705
2749
2705
2735
3555200
2735
2718.5
2748.5
2712
2739.5
3351500
2739.5
2755
2791
2751
2784.5
7100000
2784.5
2800
2817.5
2796.5
2799.5
4628900
2799.5
2795
2812.5
2790
2806
4931000
2806
2780
2816.5
2779
2809
3508900
2809
2798.5
2826
2796.5
2808
4656500
2808
2803.5
2814
2785
2789.5
2773000
2789.5
2774.5
2786
2743
2754.5
4719200
2754.5
2767
2778
2726.5
2734.5
4397600
2734.5
2727
2765
2725
2760
3520700
2760
2755
2761
2733.5
2733.5
3055500
2733.5
2748
2760
2744.5
2756
2862900
2756
2756
2766.5
2752.5
2760.5
2946300
2760.5
2760
2776
2754
2761.5
2858700
2761.5
2765.5
2783.5
2763.5
2773.5
2043900
2773.5
2771
2778
2752
2758
4049300
2758
2750
2786.5
2747
2783.5
3522800
2783.5
2770
2797
2767.5
2788.5
6228900
2788.5
2800
2837
2797
2835
5868700
2835
2788.5
2795
2757.5
2769
6841600
2769
2770.5
2772
2743
2769.5
3676200
2769.5
2749
2797
2747.5
2797
4697600
2797
2774
2804
2770.5
2801.5
3999900
2801.5
2798
2823
2786
2795
2934800
2795
2812
2813
2781.5
2792.5
2206100
2792.5
2800
2818
2794.5
2810.5
2900900
2810.5
2790
2825
2790
2822
2514900
2822
2822.5
2833
2814.5
2817
2873100
2817
2804
2818.5
2801.5
2805.5
1755400
2805.5
2820
2829
2805.5
2813.5
2332700
2813.5
2815
2821
2804.5
2813
2214300
2813
2820
2835
2818.5
2823.5
2132600
2823.5
2816
2837
2804.5
2832.5
2904900
2832.5
2832.5
2845.5
2823
2839.5
3402800
2839.5
2829
2848
2824
2845
3623300
2845
2839
2839
2812
2833.5
2897100
2833.5
2822.5
2828.5
2796.5
2800.5
2671600
2800.5
2796.5
2819.5
2792
2814
2357100
2814
2790
2811.5
2783
2802
2722000
2802
2805
2823.5
2791
2818
9776800
2818
2804
2807.5
2763
2775.5
4425700
2775.5
2800
2822.5
2789
2806
3300900
2806
2814
2837.5
2812
2836
2794700
2836
2840
2849
2828
2845
2597400
2845
2850
2854.5
2827
2835.5
3466100
2835.5
2820
2867
2818.5
2837
4116300
2837
2833.5
2856
2833.5
2848
1795500
2848
2865
2877.5
2845
2847
3023500
2847
2844.5
2854.5
2838.5
2846.5
2463800
2846.5
2805.5
2827.5
2796
2819
3386300
2819
2828.5
2860
2814
2858.5
4446400
2858.5
2865
2865
2827.5
2848
2877400
2848
2845.5
2848
2810.5
2810.5
3417100
2810.5
2814
2829
2801.5
2826.5
2895100
2826.5
2828.5
2844.5
2813.5
2829.5
2344400
2829.5
2810
2831
2806.5
2830
2666600
2830
2830
2830
2797
2807.5
2005800
2807.5
2828
2845
2808
2843
3799100
2843
2851
2882.5
2847
2879.5
4402500
2879.5
2850
2860
2835
2839.5
3204400
2839.5
2846.5
2848
2818
2822.5
3159800
2822.5
2810
2840
2789.5
2790
3087800
2790
2778
2789.5
2739.5
2749.5
4572300
2749.5
2760
2829.5
2758
2824.5
3283200
2824.5
2810
2828.5
2792
2804
2992800
2804
2814
2826.5
2801.5
2808.5
2810100
2808.5
2815
2849
2803
2842
2465400
2842
2835
2851
2812
2812
4047000
2812
2821
2833.5
2805.5
2816
2919500
2816
2816.5
2837
2802
2811
3734100
2811
2823
2831.5
2808.5
2823.5
3255400
2823.5
2841
2865
2831.5
2858.5
3907200
2858.5
2880
2909
2876
2888.5
4208200
2888.5
2901
2903.5
2864
2864
2694300
2864
2869
2881
2852.5
2868.5
2325000
2868.5
2850
2877.5
2849
2862
1652600
2862
2872
2907
2867
2890.5
3003300
2890.5
2897.5
2902.5
2872.5
2876
3362100
2876
2894
2902.5
2872
2879.5
2606900
2879.5
2897
2901
2886.5
2901
2372800
2901
2897
2906
2881.5
2895
1899600
2895
2882
2888
2855.5
2873
5035900
2873
2894.5
2906
2891
2905
3213500
2905
2889
2902
2850
2853.5
3217300
2853.5
2903.5
2913
2867
2873
3748500
2873
2899.5
2949.5
2895.5
2930.5
5170400
2930.5
2936
2976.5
2926
2970
3966500
2970
3000
3015
2984.5
2999.5
4593100
2999.5
2990
3020
2972.5
3017
3183500
3017
3022
3024
2983.5
2987.5
3372600
2987.5
2985
2985
2925.5
2934.5
3478800
2934.5
2931.5
2984
2926.5
2983
3422900
2983
2969
2992.5
2960.5
2990
2937000
2990
2969
2994.5
2956.5
2965.5
3890800
2965.5
2960
2965.5
2942.5
2952
1828500
2952
2951.5
2963.5
2934
2937.5
1752200
2937.5
2934
2939
2800.5
2820
6949000
2820
2770
2837
2727
2803
7923900
2803
2803
2835.5
2799
2824
4297900
2824
2852
2868.5
2827
2851
3920500
2851
2879
2888
2838.5
2862.5
3447300
2862.5
2862.5
2882
2837
2877.5
3363300
2877.5
2897
2919.5
2890
2901
3510500
2901
2882
2884
2845.5
2856
5328900
2856
2851.5
2890
2849
2885
7945900
2885
2867
2897.5
2856
2892
2538500
2892
2890
2892
2855
2875
2913600
2875
2863.5
2869
2832
2840
3518600
2840
2821
2842.5
2811
2822.5
3037700
2822.5
2845
2856
2828
2851
2802800
2851
2850
2880
2842
2866
3114000
2866
2881.5
2892.5
2862
2886.5
3543800
2886.5
2912.5
2938.5
2906
2928
4483700
2928
2950
2971
2941.5
2961.5
3254200
2961.5
2961.5
2979.5
2954
2959.5
4562300
2959.5
2928
3031
2927.5
3026
4767200
3026
3050
3060
3035
3049
3919700
3049
3057
3063
3030
3034
2951200
3034
3016
3047
3015
3032
5098100
3032
3040
3095
3034
3095
5321800
3095
3032
3061
3015
3060
4523900
3060
3019
3064
3019
3022
2918600
3022
3049
3062
3036
3055
4216700
3055
3050
3066
3036
3045
2195200
3045
3054
3057
3032
3038
2769600
3038
3060
3079
3011
3014
3246900
3014
3033
3043
2985
2989.5
3282300
2989.5
2997.5
2999
2956
2970
4288400
2970
2984
2997
2943
2953.5
4664000
2953.5
3042
3043
2987
2989.5
5382500
2989.5
2939.5
2971.5
2920.5
2944.5
5956100
2944.5
2940
2944.5
2898
2911.5
4360800
2911.5
2862.5
2888
2828
2828
4541300
2828
2830.5
2875
2830.5
2868.5
4150100
2868.5
2912.5
2912.5
2866
2884
3841200
2884
2920.5
2941.5
2904
2938.5
3594000
2938.5
2904
2920
2884
2912.5
2671100
2912.5
2904
2906
2881
2886.5
3199400
2886.5
2892.5
2893.5
2847.5
2854.5
3779500
2854.5
2886
2913.5
2864
2906
4686200
2906
2856.5
2890
2846.5
2885
5102200
2885
2889
2902
2861.5
2886.5
4412200
2886.5
2857.5
2868
2812.5
2812.5
4454600
2812.5
2782
2818.5
2781
2790.5
6345400
2790.5
2798
2858.5
2792.5
2844.5
5989400
2844.5
2560.5
2583.5
2406
2426
23147200
2426
2518
2535
2477.5
2535
10564400
2535
2534
2534.5
2488.5
2501.5
6969300
2501.5
2496
2526
2485
2526
6374300
2526
2502
2543.5
2490
2495
9612200
2495
2519.5
2574
2505.5
2573.5
6844200
2573.5
2564
2568
2543.5
2552.5
3421500
2552.5
2553
2563.5
2534.5
2550
3125500
2550
2522
2556.5
2509
2550.5
4255300
2550.5
2550.5
2562
2547
2556.5
4693300
2556.5
2547.5
2581.5
2535.5
2580.5
4952900
2580.5
2606.5
2608
2550.5
2567.5
4845000
2567.5
2565
2589
2550
2589
2966900
2589
2565.5
2593
2559
2586.5
2738200
2586.5
2566
2586.5
2562.5
2582
2639200
2582
2577.5
2597
2555
2597
2794700
2597
2573
2598.5
2565
2580.5
3358100
2580.5
2587.5
2626.5
2585
2622.5
3720000
2622.5
2645
2678.5
2637
2674
4101400
2674
2682
2684.5
2628
2628
3728300
2628
2615.5
2630
2604.5
2628.5
7019700
2628.5
2669
2670
2623.5
2626
3996900
2626
2635
2636.5
2569
2569.5
5732300
2569.5
2510
2571
2503
2569
5254400
2569
2560.5
2588
2546.5
2549.5
4681200
2549.5
2570
2589.5
2558.5
2582
5288100
2582
2560
2562.5
2544
2551.5
3654800
2551.5
2572
2584
2536.5
2577.5
3795000
2577.5
2600
2602
2571.5
2575
4037800
2575
2578
2582
2565
2567.5
3689700
2567.5
2592
2593.5
2551.5
2559
5704600
2559
2564
2576
2552.5
2572
2864100
2572
2551
2562
2526
2538
5270300
2538
2500
2519.5
2486.5
2504.5
6096200
2504.5
2475.5
2510.5
2452
2452.5
5655300
2452.5
2459
2464
2425
2441
7008000
2441
2368
2369.5
2321
2341.5
4396500
2341.5
2345
2409
2340.5
2388.5
3618200
2388.5
2459.5
2505
2427.5
2492.5
4357700
2492.5
2467
2486
2448
2472.5
3628800
2472.5
