451
452
448
451
9063300
451
452
458
452
458
10423500
458
461
463
459
462
10026500
462
463
471
463
468
13539200
468
464
468
463
467
7472200
467
465
465
458
460
8484200
460
461
462
456
458
5181000
458
457
459
455
457
5121700
457
456
458
454
457
5690300
457
459
459
452
452
7064700
452
455
456
450
455
4636000
455
455
457
452
456
5010000
456
456
459
455
457
5295100
457
456
460
455
460
5293800
460
461
461
456
458
5757200
458
457
460
455
457
4216200
457
454
457
452
457
4280100
457
455
455
448
451
6415200
451
446
447
440
442
9443300
442
445
446
441
445
6982000
445
442
448
440
447
7829200
447
441
445
440
444
12006200
444
436
438
416
421
20123200
421
429
430
415
416
14638000
416
420
421
411
413
13175700
413
399
400
395
398
13501200
398
403
404
394
395
11890600
395
395
397
387
389
12719700
389
392
394
388
388
8759000
388
392
406
391
405
13826000
405
408
415
407
414
9412400
414
416
418
413
417
9730400
417
418
419
409
412
8818200
412
406
407
400
401
10065700
401
405
411
403
408
7256200
408
412
420
412
416
7472800
416
419
419
414
417
7524900
417
413
417
410
412
8054700
412
407
408
403
405
7037600
405
399
400
394
396
10110300
396
395
396
388
391
7927900
391
398
402
397
400
9252600
400
395
398
390
391
8960400
391
393
395
388
389
6359200
389
388
391
382
384
14341100
384
387
391
387
390
7600700
390
388
396
388
395
7416300
395
394
396
392
393
9798200
393
391
395
386
393
7652100
393
394
394
386
388
14435400
388
389
393
387
390
7463200
390
391
400
391
398
11751500
398
395
397
390
392
12146000
392
386
392
383
385
11903200
385
383
384
378
383
9654500
383
385
397
383
395
9985200
395
389
406
389
406
12624000
406
409
414
407
413
9486500
413
414
416
409
410
6996500
410
411
414
411
411
4653300
411
405
412
404
410
7640600
410
408
412
403
410
13007300
410
410
413
405
410
9137800
410
410
415
409
412
11036500
412
412
422
411
419
10920900
419
420
424
418
421
7492000
421
421
429
420
423
9254900
423
423
423
418
422
4824000
422
423
427
423
425
5043500
425
426
432
425
430
7408900
430
443
449
430
433
18223800
433
437
452
436
450
19998600
450
448
458
447
457
13978600
457
460
463
453
456
16501500
456
458
468
458
467
13072400
467
470
480
466
480
15619600
480
474
483
474
480
15679300
480
478
494
475
492
20699400
492
498
523
495
521
43384500
521
523
546
522
546
31601800
546
551
559
533
540
41983700
540
537
565
535
565
38351000
565
566
598
560
597
58431200
597
598
599
543
547
72813900
547
537
555
528
545
39995000
545
543
568
542
562
30600600
562
565
589
559
587
34908100
587
582
598
570
578
46909700
578
577
588
568
579
25727600
579
585
585
566
576
23729000
576
575
593
572
586
26801200
586
584
597
577
578
25998000
578
580
582
556
557
34158700
557
558
561
543
548
22670600
548
548
551
537
540
18631000
540
539
546
532
538
17209100
538
537
545
530
539
16697300
539
535
541
525
530
17043400
530
519
529
514
527
23230500
527
530
531
514
517
20480200
517
509
519
504
513
21727900
513
517
523
508
510
15020300
510
509
509
495
504
20916400
504
503
513
498
505
15547000
505
508
518
507
514
17818900
514
506
514
502
511
20575700
511
552
556
510
514
47416100
514
510
520
505
507
21064600
507
506
520
503
518
20078700
518
518
529
512
514
20929100
514
516
517
506
507
17066200
507
504
511
497
506
13412800
506
501
514
501
506
13403500
506
507
514
507
514
11045200
514
514
516
508
510
8902600
510
510
513
508
511
9755200
511
514
518
508
509
7283100
509
506
521
504
520
10241300
520
520
524
515
521
9879300
521
521
522
513
516
8168000
516
516
520
511
516
9260400
516
515
522
510
511
9354900
511
514
514
507
513
9390500
513
513
519
512
515
8158600
515
517
518
512
513
8460600
513
513
527
513
524
18530000
524
529
540
526
530
14275600
530
534
540
523
523
20316200
523
522
523
514
518
11927400
518
523
528
520
520
7732500
520
518
520
509
509
11491500
509
508
518
507
516
10182500
516
520
526
517
519
10350000
519
518
519
512
513
6426300
513
517
519
511
515
13340100
515
512
516
509
513
9399600
513
517
521
514
515
6943000
515
519
525
517
518
8623400
518
522
543
520
536
24288000
536
536
544
531
538
17019700
538
546
550
533
536
16868200
536
538
538
527
534
16811200
534
533
547
531
544
12307300
544
547
559
544
555
26614300
555
554
556
542
547
15930600
547
547
553
545
548
9536700
548
542
550
538
550
11129700
550
547
553
537
538
13693200
538
538
539
527
536
9784800
536
532
539
527
534
10846700
534
530
532
522
529
14479100
529
531
535
530
533
8779200
533
535
541
525
531
15834900
531
527
535
522
534
14828700
534
536
543
532
540
11058900
540
540
545
537
540
6172800
540
539
544
536
539
7711200
539
541
542
537
540
7257900
540
541
544
530
531
11226300
531
535
537
528
530
8709300
530
530
537
530
535
6634400
535
537
540
529
529
8981900
529
531
533
524
525
8999800
525
528
528
522
524
9820300
524
521
522
513
514
8401000
514
509
513
505
511
14036300
511
513
513
504
508
7311800
508
505
505
496
499
13000800
499
498
499
486
488
13891000
488
482
499
481
495
14761400
495
495
500
493
498
11145600
498
497
503
495
499
5934900
499
501
504
498
502
11390300
502
504
519
504
514
14299700
514
517
522
513
520
13561800
520
519
534
517
533
13090500
533
538
541
533
535
12969900
535
534
538
530
535
10829600
535
536
540
532
538
12494000
538
538
544
537
542
11708700
542
538
542
535
540
9732500
540
540
548
539
545
10624000
545
551
560
547
558
23679400
558
557
557
547
548
9445000
548
552
556
549
554
12420800
554
555
572
555
559
21182400
559
562
570
560
566
14838500
566
568
579
566
577
17103000
577
579
583
564
569
14858600
569
572
590
571
587
19361900
587
567
578
565
574
16916700
574
574
575
557
565
18866300
565
566
574
563
566
15067300
566
570
577
569
576
13073000
576
585
592
578
583
18636200
583
589
592
582
586
14448700
586
586
590
579
590
14067100
590
595
597
587
587
12960200
587
582
583
572
576
15086300
576
577
581
573
575
11744700
575
568
579
561
572
12722400
572
577
577
566
572
14156800
572
576
587
575
583
12431800
583
583
588
573
578
11451700
578
571
578
561
578
12162500
578
578
583
574
578
10219000
578
573
574
564
567
13708300
567
561
574
554
570
11074200
570
576
581
575
576
7499900
576
573
579
565
568
9026700
568
572
584
572
584
11658000
584
586
605
585
593
26551500
593
600
603
594
598
11627700
598
594
601
583
590
12630400
590
597
631
595
630
29661000
630
638
649
626
647
18158600
647
647
656
634
641
18892200
641
648
651
636
640
9371500
640
633
664
632
662
18859100
662
671
681
649
664
21671000
664
663
669
653
668
8875300
668
667
680
661
664
11033900
664
661
674
653
674
11490400
674
670
686
667
682
15271800
682
684
693
679
689
17319100
689
695
700
681
689
23082200
689
696
699
687
693
11368000
693
690
692
661
663
19407900
663
656
682
655
675
14437600
675
670
678
667
675
10724900
675
684
693
674
693
14990100
693
686
697
681
688
13908000
688
685
695
682
685
11777600
685
690
739
687
739
41615000
739
742
755
729
735
26258900
735
727
745
726
741
20770000
741
750
767
745
763
22386800
763
755
758
727
733
25202600
733
735
739
702
716
21236200
716
709
733
693
703
21289700
703
700
701
668
669
23832800
669
639
652
627
646
18708100
646
650
667
634
644
12998400
644
666
674
656
668
12962600
668
665
670
646
653
12958400
653
