2613
2636
2605
2623.5
1849200
2623.5
2638.5
2724
2638
2721
1979200
2721
2750
2758
2717.5
2746
1287300
2746
2744.5
2769.5
2708
2718.5
1311600
2718.5
2700
2722
2690.5
2719
1321200
2719
2697.5
2699
2640
2649.5
1924800
2649.5
2668
2686.5
2645
2681
1078700
2681
2667
2684.5
2662
2677
767400
2677
2685
2697.5
2645.5
2668.5
1407700
2668.5
2692.5
2696
2646.5
2652
749300
2652
2658
2658
2613.5
2628.5
1120700
2628.5
2628.5
2642.5
2617.5
2637
711800
2637
2644.5
2682.5
2644.5
2681
1067200
2681
2676
2713
2660.5
2698.5
953000
2698.5
2680
2699
2667.5
2673
794600
2673
2680.5
2707
2660.5
2669
1070200
2669
2664
2690
2651
2663
1142700
2663
2660
2671.5
2625.5
2638.5
1166300
2638.5
2626.5
2668
2590.5
2593
2127400
2593
2640
2734.5
2638.5
2729
2331300
2729
2699
2755
2696
2746.5
1482100
2746.5
2723.5
2741.5
2686.5
2696.5
1145100
2696.5
2646.5
2657.5
2557.5
2597.5
2357500
2597.5
2647.5
2697
2641.5
2645.5
1886600
2645.5
2688
2723.5
2654.5
2709
2327100
2709
2649.5
2659.5
2621.5
2637.5
1955100
2637.5
2656
2658.5
2600
2609
1806300
2609
2607
2652.5
2585.5
2637
1973200
2637
2637
2645.5
2570.5
2571.5
1620000
2571.5
2597
2648.5
2591.5
2634.5
1241700
2634.5
2666
2705
2649
2692.5
1051100
2692.5
2684
2726
2679.5
2720.5
1110400
2720.5
2707
2717
2653.5
2683.5
1427200
2683.5
2635.5
2658
2627.5
2644
1281300
2644
2643
2673.5
2628
2664.5
926000
2664.5
2699
2730
2684.5
2716.5
935600
2716.5
2730
2742
2716
2724
1014800
2724
2723
2745.5
2685
2685
1796800
2685
2682
2710
2655.5
2690.5
1581500
2690.5
2640.5
2659
2596.5
2616
1671500
2616
2585
2617
2569
2611
904900
2611
2640
2712.5
2625.5
2699
1691700
2699
2660.5
2676
2641
2642
1714000
2642
2664
2675.5
2609
2619
1021900
2619
2630
2649
2584
2597
1731600
2597
2636
2644
2614.5
2630.5
730700
2630.5
2620.5
2697
2617
2697
1605200
2697
2706
2729
2691
2704
1160200
2704
2698.5
2734
2683.5
2719
888500
2719
2713
2726.5
2689.5
2705
1810100
2705
2705
2724.5
2671.5
2683
906700
2683
2683
2750
2676
2732.5
1425000
2732.5
2739.5
2748
2708
2741.5
1501000
2741.5
2691.5
2754.5
2691.5
2702.5
1660100
2702.5
2688
2699
2641.5
2674
1248800
2674
2680.5
2746
2663
2725.5
1938800
2725.5
2725
2812
2721.5
2810
2522400
2810
2820.5
2825
2778.5
2818
1501100
2818
2832
2840
2809.5
2821.5
952200
2821.5
2803
2828
2784.5
2786.5
554500
2786.5
2781.5
2815.5
2774.5
2800.5
1153300
2800.5
2820
2866
2799.5
2853
2193900
2853
2855.5
2870.5
2830
2844
1712500
2844
2833.5
2843
2815.5
2816.5
1553500
2816.5
2816.5
2858.5
2797
2851.5
1408100
2851.5
2848.5
2863.5
2816
2823
1315400
2823
2802.5
2807
2764
2786.5
1214700
2786.5
2810
2822
2791
2805.5
1089700
2805.5
2811
2823.5
2792
2799
966900
2799
2789.5
2834
2783.5
2824.5
873500
2824.5
2819
2829
2806
2809.5
646500
2809.5
2830
2910
2827
2856
1331800
2856
2814.5
2859.5
2805
2844.5
1002500
2844.5
2858
2868.5
2829.5
2846.5
1041300
2846.5
2850
2851.5
2824
2831
776400
2831
2841.5
2871.5
2819.5
2868
1122400
2868
2853.5
2928
2853.5
2919.5
1249800
2919.5
2919
2939
2896.5
2934
1190600
2934
2934
2943
2897
2932
1464600
2932
2910.5
2968.5
2900
2925.5
1437100
2925.5
2943.5
2957.5
2918.5
2956
1394600
2956
2935
2949
2918
2941
1262900
2941
2933.5
2944.5
2916.5
2933
1736700
2933
2911.5
2938.5
2907
2924.5
1690800
2924.5
2914
2918.5
2871
2871.5
1620600
2871.5
2871.5
2923.5
2859
2920
1422400
2920
2921
2951.5
2921
2944.5
1140200
2944.5
2959
2990.5
2956
2982
1163200
2982
2971
2984
2937.5
2939.5
1425100
2939.5
2951.5
2965
2936.5
2938
1364000
2938
2930.5
2964.5
2928
2964
1682100
2964
2973
3006
2972.5
2980.5
1176300
2980.5
2983
2987
2955
2975
1240900
2975
2970
2999
2952
2958
1350800
2958
2960
2979
2956
2968.5
1617700
2968.5
2963.5
2973
2950.5
2962
1165000
2962
2973.5
3017
2970
3009
1304600
3009
2999
3024
2972
2998.5
1086000
2998.5
2977.5
3004
2969
2987.5
1517200
2987.5
2994
3003
2948
2965
3584400
2965
2955
2968.5
2922
2948
1409800
2948
2955
2983
2945
2971
1202900
2971
2966.5
2997
2958.5
2985
1135900
2985
2966.5
3000
2965
2988.5
1329800
2988.5
2986.5
3015
2984
3015
1300700
3015
3031
3068
3031
3043
1991800
3043
3050
3072
3016
3018
1320500
3018
3026
3037
3001
3026
1463600
3026
3047
3070
3043
3052
1596800
3052
3041
3071
3028
3041
1180100
3041
3052
3053
2980
2994.5
3302800
2994.5
2972
2980
2879
2885.5
1738100
2885.5
2870
2880.5
2822
2836.5
1855500
2836.5
2847.5
2930
2839.5
2924
1949900
2924
2902
2902
2862.5
2870.5
1231600
2870.5
2848.5
2859.5
2829
2844.5
1174700
2844.5
2873.5
2883
2842.5
2848.5
1149800
2848.5
2851.5
2893
2845
2885.5
1479700
2885.5
2880.5
2926.5
2869
2910.5
1028000
2910.5
2918.5
2933
2895
2920.5
980400
2920.5
2939
2966
2907.5
2940.5
1308000
2940.5
2921
2924
2868.5
2870.5
1128600
2870.5
2860
2861.5
2809
2842.5
1547300
2842.5
2842.5
2895
2842
2873.5
986000
2873.5
2882
2892
2860
2884
899100
2884
2876
2886.5
2861.5
2868
1201300
2868
2874.5
2908.5
2874.5
2897
696600
2897
2928
2943
2898.5
2898.5
1477400
2898.5
2886.5
2898.5
2840
2873.5
1040900
2873.5
2907
2930.5
2887
2914
1400600
2914
2908.5
2933.5
2896.5
2916
704600
2916
2933
2964
2924
2949.5
875900
2949.5
2966
2984
2949
2964
669600
2964
2936
2936
2870.5
2892
1528200
2892
2870.5
2888
2857
2880.5
1361800
2880.5
2860
2887.5
2856
2872.5
876700
2872.5
2874.5
2898
2870.5
2881
892900
2881
2910
2936.5
2887.5
2890.5
942200
2890.5
2897.5
2911
2877.5
2905
1001000
2905
2925
2940
2786
2885
1851200
2885
2879
2879
2807
2810
1513600
2810
2764
2781.5
2691
2723.5
2980900
2723.5
2702.5
2749
2696
2738
1874300
2738
2754.5
2794
2753.5
2765
1502600
2765
2748.5
2748.5
2700.5
2717.5
1430000
2717.5
2729
2740.5
2700.5
2707
1207300
2707
2691
2733
2659
2727.5
1019600
2727.5
2748
2765
2703.5
2704
1364500
2704
2685.5
2690.5
2663
2676.5
1050900
2676.5
2683
2686.5
2645.5
2668
943800
2668
2644
2653.5
2614.5
2622
1141000
2622
2653.5
2703
2652
2701.5
1562400
2701.5
2740
2772.5
2714
2729.5
1519500
2729.5
2702.5
2710
2672.5
2695.5
1089500
2695.5
2699
2704
2670
2675.5
724900
2675.5
2665.5
2667.5
2629
2648
1027100
2648
2648
2663
2642.5
2648
857600
2648
2642.5
2676
2634
2668.5
996800
2668.5
2682
2700
2659
2665
856200
2665
2689.5
2696.5
2664.5
2670.5
781500
2670.5
2685
2693.5
2678
2686
750600
2686
2688.5
2702.5
2670
2670.5
887000
2670.5
2670
2684
2650.5
2663.5
1166900
2663.5
2676
2680
2634
2640.5
1805800
2640.5
2625
2655.5
2617
2633
1515900
2633
2626.5
2642
2615.5
2636
918600
2636
2632
2633.5
2610.5
2621.5
738100
2621.5
2606.5
2611
2577
2599
1373800
2599
2595
2604
2577
2583
1170700
2583
2583
2624
2583
2623
996400
2623
2608.5
2626
2601
2611.5
770600
2611.5
2613
2639.5
2605.5
2633.5
989600
2633.5
2640
2643
2601.5
2634
1041600
2634
2650
2687.5
2649.5
2677
1345200
2677
2727
2727
2681
2704
2265800
2704
2681.5
2761.5
2676
2754
1727100
2754
2777.5
2792.5
2746.5
2771
1999800
2771
2781
2787
2745
2775
1869700
2775
2772
2778.5
2738.5
2757.5
2532100
2757.5
2760
2799
2757
2786
2525500
2786
2752.5
2784.5
2742
2780
1894900
2780
2784.5
2795
2751.5
2763
1826200
2763
2788
2798.5
2766
2792.5
2000400
2792.5
2789
2802
2779
2785.5
847400
2785.5
2783
2799
2767
2784
1562000
2784
2795
2813.5
2767
2786.5
1323300
2786.5
2792
2800
2781
2787.5
1097000
2787.5
2790
2804.5
2778
2799.5
1270900
2799.5
2779.5
2788.5
2737.5
2753
1574900
2753
2770.5
2807.5
2764.5
2792.5
1765500
2792.5
2742.5
2775.5
2739.5
2763
1452500
2763
2738
2747
2675.5
2697
1831800
2697
2662.5
2679
2648
2668
1032000
2668
2651.5
2680.5
2647.5
2676
974300
2676
2699
2753
2688
2742
1232900
2742
2745.5
2791.5
2743.5
2773
1153300
2773
2769.5
2796
2766
2793.5
1013700
2793.5
2786.5
2833
2786.5
2808.5
963500
2808.5
2782
2783
2693.5
2707.5
1674100
2707.5
2737.5
2773.5
2734.5
2754.5
1947700
2754.5
2717.5
2771
2708
2755
1778200
2755
2758.5
2769.5
2718.5
2743.5
1611300
2743.5
2759
2797.5
2748.5
2766
1115800
2766
2739.5
2784.5
2700.5
2782.5
3701000
2782.5
2682.5
2782.5
2681.5
2781
2750500
2781
2738.5
2765.5
2660.5
2737
2308400
2737
2737
2737
2644.5
2686
2034800
2686
2656
2675
2636
2654
1764900
2654
2678.5
2728
2678.5
2708
1401600
2708
2732
2756.5
2691.5
2703.5
1796400
2703.5
2763
2822
2760
2802
1730900
2802
2808
2849
2807.5
2822
1498100
2822
2814.5
2849
2795.5
2847.5
886300
2847.5
2842
2856
2775.5
2820.5
1513400
2820.5
2805.5
2820
2778
2811
1747100
2811
2810
2861
2787.5
2859.5
1804800
2859.5
2837.5
2840
2800.5
2834.5
1863000
2834.5
2826.5
2859
2819
2851
1379900
2851
2847.5
2884
2842
2874.5
1449800
2874.5
2848.5
2873
2828
2861
1496200
2861
2870.5
2920
2863.5
2911
1299000
2911
2945
2964
2908.5
2926.5
1254900
2926.5
2899
2916.5
2871
2906
1497500
2906
2890
2915.5
2857.5
2909.5
1231000
2909.5
2930
2947.5
2898
2898
1267000
2898
2893
2934
2884.5
2924.5
2153500
2924.5
2952
2968.5
2923.5
2937.5
1196600
2937.5
2911
2919
2865
2878.5
1932200
2878.5
2822.5
2873.5
2792
2860
1593300
2860
2842
2882.5
2833
2874.5
1185500
2874.5
2876.5
2897.5
2853
2878
1832600
2878
2842.5
2859
2826.5
2851
1275100
2851
2865.5
2899
2864
2875.5
2022700
2875.5
2923
2943.5
2901
2927.5
2237000
2927.5
2937
2970
2916
2918
1519300
2918
2913.5
2943
2905
2919
1589000
2919
2941
2985
2941
2956.5
1598100
2956.5
2950.5
2966.5
2876.5
2900.5
1465600
2900.5
2870
2873.5
2731
2776
2797700
2776
2792.5
2854
2788
2823.5
1825900
2823.5
2856
2862.5
2743.5
2773.5
2729100
2773.5
2742
2742
2617.5
2673.5
1994900
2673.5
2677.5
2740
2656
2699
1333800
2699
2750
2812.5
2734.5
2790.5
1373100
2790.5
2767.5
2799
2738.5
2785.5
1123100
2785.5
