3975
4055
3950
4055
643400
4055
4040
4040
3995
4025
254900
4025
4035
4035
3970
3995
295000
3995
3980
3980
3950
3975
222500
3975
3950
3955
3900
3935
334100
3935
3910
3925
3850
3850
427400
3850
3850
3855
3775
3825
478400
3825
3785
3860
3645
3805
1292300
3805
3770
3815
3755
3760
592700
3760
3830
3830
3720
3725
743600
3725
3760
3795
3730
3750
495200
3750
3745
3745
3720
3745
419600
3745
3755
3775
3725
3750
278400
3750
3730
3765
3715
3745
357500
3745
3725
3795
3725
3775
441000
3775
3780
3800
3760
3760
391200
3760
3765
3790
3760
3770
325000
3770
3750
3765
3695
3700
465100
3700
3690
3745
3685
3690
483200
3690
3710
3745
3700
3740
373300
3740
3725
3745
3705
3730
332100
3730
3650
3665
3635
3640
439400
3640
3530
3545
3400
3465
751700
3465
3575
3605
3485
3490
561100
3490
3490
3545
3485
3525
346600
3525
3435
3490
3425
3485
515100
3485
3485
3485
3370
3385
688400
3385
3405
3425
3355
3390
461600
3390
3405
3420
3375
3390
341300
3390
3420
3465
3415
3425
255800
3425
3460
3515
3435
3510
342500
3510
3520
3545
3510
3540
523400
3540
3550
3555
3485
3495
634700
3495
3500
3520
3460
3500
1052200
3500
3500
3520
3475
3485
1766500
3485
3475
3490
3450
3470
664800
3470
3495
3515
3475
3480
290700
3480
3460
3515
3460
3475
401400
3475
3445
3450
3365
3375
279000
3375
3315
3345
3295
3325
503500
3325
3310
3360
3310
3330
168900
3330
3365
3390
3335
3345
219200
3345
3315
3395
3315
3365
336700
3365
3390
3420
3355
3415
474000
3415
3450
3470
3385
3395
439300
3395
3445
3445
3415
3435
214600
3435
3445
3490
3435
3490
232500
3490
3455
3455
3385
3390
402500
3390
3385
3440
3380
3435
237500
3435
3435
3455
3425
3450
321600
3450
3415
3425
3365
3390
180600
3390
3350
3375
3325
3370
246400
3370
3345
3440
3345
3430
295400
3430
3345
3400
3300
3310
439600
3310
3295
3390
3295
3380
434500
3380
3395
3490
3375
3490
414800
3490
3450
3495
3420
3490
340700
3490
3500
3540
3465
3505
326700
3505
3535
3540
3500
3530
219200
3530
3510
3530
3480
3480
134200
3480
3460
3555
3455
3545
319200
3545
3585
3610
3550
3590
334500
3590
3620
3640
3580
3630
295300
3630
3640
3645
3610
3620
425200
3620
3625
3665
3615
3635
287900
3635
3635
3695
3620
3655
385000
3655
3640
3650
3565
3600
286500
3600
3635
3645
3600
3620
410400
3620
3675
3685
3560
3610
560800
3610
3560
3715
3540
3635
904300
3635
3655
3780
3640
3750
786000
3750
3770
3820
3750
3770
464200
3770
3745
3755
3695
3700
434100
3700
3650
3720
3625
3625
599700
3625
3635
3650
3595
3610
436600
3610
3610
3620
3590
3605
219600
3605
3555
3625
3555
3600
412100
3600
3620
3660
3580
3640
297800
3640
3690
3690
3640
3660
363300
3660
3625
3660
3615
3655
262100
3655
3655
3675
3630
3650
205300
3650
3715
3785
3715
3755
403000
3755
3820
3885
3820
3880
523900
3880
3850
3885
3850
3875
309600
3875
3870
3875
3810
3840
251900
3840
3840
3860
3815
3845
359300
3845
3850
3880
3840
3845
204900
3845
3855
3865
3825
3830
244400
3830
3830
3865
3815
3845
265700
3845
3835
3860
3820
3825
321900
3825
3835
3875
3820
3850
217400
3850
3850
3865
3840
3860
202300
3860
3850
3900
3835
3885
243300
3885
3855
3900
3855
3885
226500
3885
3845
3885
3845
3880
378600
3880
3860
3880
3845
3860
245500
3860
3860
3875
3815
3825
209900
3825
3800
3820
3760
3770
340900
3770
3700
3735
3695
3705
409200
3705
3745
3800
3735
3780
833300
3780
3775
3800
3745
3750
332400
3750
3760
3775
3730
3735
255400
3735
3740
3775
3715
3740
237000
3740
3755
3815
3745
3795
211800
3795
3790
3810
3710
3720
324100
3720
3695
3715
3665
3665
424700
3665
3650
3655
3610
3630
252800
3630
3650
3685
3640
3670
299700
3670
3670
3725
3665
3715
184300
3715
3735
3770
3715
3725
251600
3725
3770
3775
3750
3770
391900
3770
3800
3845
3790
3825
267800
3825
3825
3830
3765
3790
239000
3790
3795
3850
3795
3840
384400
3840
3855
3870
3830
3845
314800
3845
3815
3840
3790
3825
204900
3825
3830
3830
3795
3820
242500
3820
3845
3850
3795
3820
233100
3820
3800
3855
3785
3840
269400
3840
3820
3825
3735
3760
364100
3760
3770
3775
3710
3715
386000
3715
3700
3700
3565
3575
453400
3575
3575
3595
3480
3510
422600
3510
3475
3555
3475
3545
234400
3545
3550
3560
3515
3530
256700
3530
3535
3540
3465
3465
312800
3465
3465
3490
3445
3475
297700
3475
3495
3500
3435
3435
333100
3435
3400
3440
3385
3410
334000
3410
3400
3450
3400
3415
324600
3415
3415
3455
3390
3420
630100
3420
3230
3345
3220
3260
1240700
3260
3300
3400
3280
3340
967500
3340
3355
3365
3270
3295
561300
3295
3275
3295
3235
3285
511700
3285
3265
3275
3205
3215
373400
3215
3240
3240
3180
3185
280200
3185
3180
3195
3155
3165
389500
3165
3210
3225
3185
3220
345300
3220
3215
3215
3185
3205
435800
3205
3195
3315
3185
3300
704300
3300
3290
3340
3240
3330
757100
3330
3320
3355
3290
3340
527600
3340
3325
3420
3325
3390
606700
3390
3380
3385
3320
3350
409600
3350
3360
3410
3355
3400
418000
3400
3400
3450
3375
3450
374400
3450
3425
3460
3400
3445
552900
3445
3430
3440
3370
3370
455300
3370
3380
3430
3360
3410
452600
3410
3395
3405
3305
3315
392500
3315
3340
3400
3330
3400
350100
3400
3400
3420
3365
3370
280400
3370
3345
3380
3315
3350
351100
3350
3360
3375
3335
3345
183200
3345
3325
3350
3305
3320
404800
3320
3310
3345
3310
3325
288400
3325
3350
3370
3335
3360
520400
3360
3380
3420
3375
3405
487900
3405
3435
3475
3435
3475
516400
3475
3480
3535
3470
3530
1175700
3530
3500
3505
3405
3415
2391400
3415
3400
3435
3380
3415
674200
3415
3435
3435
3295
3320
879700
3320
3300
3425
3295
3410
617100
3410
3425
3445
3405
3415
213800
3415
3395
3400
3345
3350
322500
3350
3320
3360
3310
3345
282000
3345
3320
3335
3275
3280
272200
3280
3260
3300
3260
3275
265900
3275
3300
3330
3280
3300
269000
3300
3320
3355
3305
3340
324600
3340
3355
3405
3320
3385
420400
3385
3400
3460
3390
3450
355700
3450
3465
3465
3435
3445
491300
3445
3450
3535
3440
3520
436600
3520
3555
3570
3530
3545
331500
3545
3555
3555
3500
3530
337000
3530
3535
3540
3480
3520
532100
3520
3475
3540
3475
3535
462800
3535
3545
3580
3520
3575
353800
3575
3570
3590
3535
3535
305100
3535
3570
3585
3540
3565
456800
3565
3550
3560
3520
3530
303100
3530
3600
3690
3595
3635
675300
3635
3655
3675
3620
3635
373000
3635
3635
3635
3575
3595
347900
3595
3585
3650
3580
3580
405700
3580
3595
3605
3530
3560
445300
3560
3630
3720
3625
3690
582100
3690
3620
3630
3565
3595
620700
3595
3550
3585
3510
3560
693500
3560
3550
3670
3550
3635
1034200
3635
3610
3635
3555
3625
629600
3625
3660
3675
3615
3670
522600
3670
3645
3660
3595
3655
620000
3655
3620
3635
3585
3595
461800
3595
3565
3670
3555
3625
423100
3625
3595
3595
3560
3565
436000
3565
3570
3665
3570
3635
731200
3635
3570
3625
3565
3585
709700
3585
3585
3590
3535
3565
473200
3565
3595
3660
3570
3640
542900
3640
3650
3690
3645
3670
497700
3670
3670
3695
3630
3685
514400
3685
3695
3695
3600
3610
490800
3610
3595
3610
3495
3515
643000
3515
3515
3615
3500
3595
472800
3595
3620
3670
3610
3660
326200
3660
3640
3680
3615
3625
479100
3625
3695
3710
3660
3680
290300
3680
3690
3730
3685
3705
256100
3705
3695
3725
3680
3710
253700
3710
3655
3655
3600
3610
456500
3610
3595
3625
3560
3615
417000
3615
3590
3665
3590
3650
457500
3650
3650
3670
3625
3655
512700
3655
3665
3740
3665
3740
368000
3740
3660
3715
3645
3690
373600
3690
3650
3700
3645
3665
420300
3665
3690
3710
3655
3685
412000
3685
3685
3755
3685
3745
353500
3745
3750
3780
3725
3760
317700
3760
3760
3820
3740
3810
389400
3810
3860
3865
3805
3840
395000
3840
3855
3950
3840
3950
1586300
3950
4000
4000
3910
3930
462500
3930
3900
3935
3865
3865
452000
3865
3755
3795
3725
3755
633100
3755
3745
3760
3715
3735
403200
3735
3760
3840
3750
3835
436900
3835
3775
3830
3775
3815
325800
3815
3815
3875
3805
3875
478900
3875
3940
3965
3855
3865
620700
3865
3885
3935
3860
3915
453900
3915
3865
3915
3855
3870
654900
3870
3875
3915
3875
3900
294900
3900
3860
3860
3785
3810
470900
3810
3820
3825
3760
3785
333600
3785
3800
3835
3740
3760
441800
3760
3785
3800
3700
3725
567800
3725
3680
3705
3600
3685
769400
3685
3730
3855
3720
3800
681400
3800
3870
3990
3865
3960
727600
3960
3975
4000
3935
3980
653600
3980
