1363
1403
1362
1403
4249800
1403
1405
1416
1395
1412
3359400
1412
1422
1424
1403
1410
2866900
1410
1403
1409
1392
1397
2014200
1397
1390
1402
1382
1394
2664500
1394
1391
1395
1366
1369
4619600
1369
1390
1417
1375
1377
4372200
1377
1379
1396
1379
1393
1871400
1393
1379
1396
1373
1392
3421600
1392
1402
1408
1373
1378
5064300
1378
1378
1382
1362
1367
3425900
1367
1364
1368
1352
1359
1967400
1359
1368
1380
1365
1375
2325300
1375
1366
1372
1355
1356
2798400
1356
1351
1354
1332
1332
2793800
1332
1345
1350
1334
1338
3029200
1338
1335
1348
1320
1324
2740100
1324
1320
1340
1315
1321
3214000
1321
1319
1322
1282
1283
5508400
1283
1293
1308
1287
1308
3227800
1308
1301
1311
1288
1302
3699000
1302
1285
1291
1274
1276
3720100
1276
1216
1226
1175
1211
7788900
1211
1171
1223
1159
1164
10616700
1164
1161
1182
1159
1176
4887100
1176
1153
1171
1145
1160
7605200
1160
1171
1175
1122
1126
4788500
1126
1112
1118
1096
1106
4852400
1106
1113
1123
1107
1118
3475400
1118
1112
1129
1106
1110
5440300
1110
1108
1117
1099
1116
4640200
1116
1108
1111
1097
1106
4191900
1106
1107
1119
1100
1113
4991000
1113
1102
1104
1084
1089
4731500
1089
1081
1092
1076
1091
3269500
1091
1105
1108
1095
1100
2417000
1100
1129
1136
1113
1125
5497300
1125
1119
1124
1112
1112
4012300
1112
1113
1113
1094
1100
3068400
1100
1074
1076
1058
1063
5244400
1063
1055
1063
1051
1055
2379000
1055
1069
1081
1069
1074
2731500
1074
1074
1095
1072
1084
5152900
1084
1095
1096
1081
1090
4157500
1090
1099
1112
1091
1098
7051900
1098
1140
1140
1131
1135
3792400
1135
1131
1139
1124
1132
3052600
1132
1128
1135
1115
1126
4950300
1126
1126
1133
1117
1125
2666700
1125
1123
1127
1111
1114
4175800
1114
1105
1119
1099
1113
2837300
1113
1098
1112
1086
1110
4511400
1110
1110
1120
1108
1120
3627200
1120
1090
1096
1062
1067
7280700
1067
1056
1072
1052
1072
3911900
1072
1075
1105
1071
1104
4585900
1104
1080
1100
1078
1092
4421800
1092
1113
1116
1093
1103
3862300
1103
1116
1133
1109
1132
3889800
1132
1132
1136
1115
1116
2322000
1116
1106
1110
1096
1102
3348600
1102
1100
1108
1090
1103
3162400
1103
1113
1133
1106
1122
3007200
1122
1117
1127
1112
1117
3649600
1117
1119
1149
1117
1146
3245500
1146
1178
1183
1149
1160
4906500
1160
1151
1152
1117
1118
3290600
1118
1120
1142
1115
1131
3109400
1131
1139
1144
1131
1133
3914200
1133
1140
1148
1135
1138
2232600
1138
1136
1144
1127
1142
2544000
1142
1145
1169
1142
1166
2709300
1166
1174
1181
1171
1174
3326200
1174
1174
1177
1162
1170
3517200
1170
1173
1173
1157
1158
2179000
1158
1166
1179
1156
1176
2574200
1176
1163
1165
1154
1160
2375700
1160
1157
1170
1156
1167
2400100
1167
1182
1190
1176
1179
3535400
1179
1170
1196
1167
1191
3087400
1191
1200
1202
1189
1197
2715900
1197
1197
1200
1171
1178
2985000
1178
1194
1222
1188
1215
5107900
1215
1217
1233
1209
1224
4164200
1224
1240
1245
1223
1241
4055800
1241
1224
1229
1181
1195
7498000
1195
1195
1198
1175
1181
3848800
1181
1193
1225
1187
1220
4150900
1220
1213
1213
1192
1199
2534100
1199
1187
1201
1174
1183
4170900
1183
1182
1190
1167
1170
4220600
1170
1175
1197
1174
1195
2850600
1195
1198
1203
1189
1199
2728400
1199
1205
1210
1179
1183
3953400
1183
1188
1229
1186
1226
7294200
1226
1240
1252
1220
1232
5617800
1232
1233
1241
1224
1241
2731300
1241
1226
1228
1208
1226
3694700
1226
1201
1214
1200
1210
3603700
1210
1211
1225
1195
1217
9644400
1217
1223
1231
1211
1220
3292100
1220
1234
1246
1233
1244
2091700
1244
1253
1267
1251
1266
3545600
1266
1264
1268
1258
1266
2834800
1266
1270
1279
1262
1276
3662600
1276
1276
1287
1266
1280
5072300
1280
1278
1285
1269
1278
1641100
1278
1285
1290
1275
1284
2721900
1284
1289
1290
1277
1284
1774900
1284
1273
1274
1255
1255
3149500
1255
1265
1288
1265
1287
3133900
1287
1279
1286
1273
1283
1755900
1283
1268
1268
1239
1244
3181600
1244
1249
1267
1248
1265
3080200
1265
1264
1286
1259
1281
3400900
1281
1271
1271
1256
1264
2955400
1264
1267
1272
1258
1266
2157900
1266
1255
1273
1245
1270
3125800
1270
1270
1283
1265
1273
3035500
1273
1262
1273
1252
1270
2737400
1270
1270
1279
1264
1276
2486900
1276
1275
1283
1248
1251
2375800
1251
1255
1262
1226
1241
3435500
1241
1230
1270
1228
1265
2100400
1265
1269
1281
1250
1262
3467900
1262
1266
1267
1240
1248
3424000
1248
1241
1267
1236
1261
2468000
1261
1252
1270
1250
1258
2584300
1258
1250
1255
1234
1243
2955500
1243
1242
1277
1241
1270
4076800
1270
1279
1301
1274
1293
4309000
1293
1304
1310
1299
1304
3029200
1304
1310
1312
1278
1280
3201900
1280
1287
1304
1285
1298
3206500
1298
1290
1291
1268
1284
3109600
1284
1272
1278
1262
1270
2868300
1270
1284
1287
1274
1280
2190500
1280
1290
1290
1271
1277
1780200
1277
1298
1298
1271
1276
3308500
1276
1281
1293
1277
1288
2512600
1288
1282
1282
1266
1269
1711600
1269
1260
1277
1258
1273
2825200
1273
1264
1285
1263
1284
2244100
1284
1285
1302
1273
1280
2350600
1280
1289
1290
1266
1276
2775900
1276
1387
1395
1354
1372
7805400
1372
1393
1420
1390
1400
5619700
1400
1351
1352
1305
1316
7633400
1316
1315
1333
1307
1327
3167200
1327
1330
1330
1306
1310
3522500
1310
1302
1311
1291
1291
2940100
1291
1317
1344
1309
1344
3364700
1344
1350
1353
1330
1341
2276900
1341
1336
1368
1331
1360
3442300
1360
1367
1375
1356
1357
1962500
1357
1357
1359
1343
1350
1743600
1350
1355
1370
1348
1366
2920500
1366
1391
1397
1367
1376
2583800
1376
1380
1396
1377
1393
2573300
1393
1398
1420
1392
1418
2701600
1418
1423
1435
1414
1422
2431600
1422
1435
1441
1418
1422
2963100
1422
1422
1439
1415
1425
2731200
1425
1440
1440
1417
1419
3129100
1419
1411
1430
1404
1428
3251500
1428
1426
1433
1413
1427
1972900
1427
1425
1426
1412
1424
2412000
1424
1424
1432
1414
1422
2615800
1422
1412
1416
1402
1411
2652600
1411
1408
1432
1403
1432
3372100
1432
1433
1447
1421
1446
2656700
1446
1450
1465
1446
1465
3143300
1465
1495
1509
1480
1506
4998900
1506
1507
1541
1507
1523
4271300
1523
1540
1540
1486
1501
7762200
1501
1515
1554
1509
1551
4232300
1551
1579
1582
1552
1559
3671700
1559
1559
1560
1536
1549
3924600
1549
1567
1567
1551
1552
4933100
1552
1554
1595
1554
1577
4088300
1577
1573
1584
1560
1581
4168200
1581
1573
1585
1556
1556
3247200
1556
1571
1584
1560
1573
4691700
1573
1578
1603
1578
1588
3093900
1588
1605
1607
1584
1589
4378100
1589
1584
1589
1572
1582
2896800
1582
1594
1597
1548
1552
4242000
1552
1540
1551
1519
1543
3936500
1543
1519
1553
1519
1527
4485000
1527
1538
1557
1536
1545
3479600
1545
1485
1494
1465
1477
5033800
1477
1447
1503
1447
1502
6901600
1502
1489
1498
1456
1477
3713100
1477
1500
1520
1482
1496
4147800
1496
1512
1531
1503
1510
3755200
1510
1518
1534
1517
1527
2743500
1527
1494
1515
1489
1507
4110700
1507
1501
1543
1501
1536
3115600
1536
1534
1535
1509
1514
3830300
1514
1531
1532
1493
1511
3869100
1511
1471
1479
1447
1457
3697700
1457
1460
1467
1417
1429
4787100
1429
1427
1434
1402
1404
3625500
1404
1396
1439
1392
1434
8574000
1434
1425
1459
1414
1456
4087200
1456
1462
1483
1452
1468
3924100
1468
1472
1505
1458
1479
5678100
1479
1389
1397
1341
1356
6630400
1356
1374
1382
1356
1378
4470500
1378
1384
1400
1357
1388
4558800
1388
1411
1428
1404
1415
2726400
1415
1417
1423
1392
1396
3609700
1396
1376
1406
1372
1401
2020500
1401
1355
1373
1342
1363
3811900
1363
1370
1375
1346
1351
2363400
1351
1335
1372
1334
1370
2141200
1370
1373
1375
1348
1349
2520500
1349
1341
1358
1333
1335
1753400
1335
1321
1324
1297
1298
2942700
1298
1285
1285
1266
1270
2908300
1270
1289
1293
1276
1283
2456500
1283
1290
1298
1262
1271
3249500
1271
1292
1309
1279
1308
3925600
1308
1313
1341
1301
1337
4181300
1337
1343
1355
1310
1311
3465100
1311
1308
1326
1307
1320
3956600
1320
1341
1348
1332
1341
2682400
1341
1341
1364
1315
1315
4132600
1315
1306
1338
1302
1333
3452900
1333
1325
1333
1292
1298
3663900
1298
1307
1322
1303
1318
3062600
1318
1290
1305
1284
1292
3133800
1292
1309
1332
1303
1315
5693700
1315
1338
1393
1333
1382
7706800
1382
1393
1398
1366
1369
3344400
1369
1350
1371
1320
1322
7333300
1322
1316
1342
1315
1336
3085300
1336
1332
1337
1289
1290
3564300
1290
1272
1297
1265
1273
3381300
1273
1251
1257
1203
1211
4351200
1211
1216
1218
1197
1209
4060500
1209
1157
1168
1144
1148
3819900
1148
1158
1183
1146
1173
4295000
1173
1203
1215
1193
1200
4365000
1200
1194
1210
1187
1205
3242300
1205
