8582
8701
8565
8697
800000
8697
8726
8730
8655
8712
685200
8712
8774
8833
8753
8769
545400
8769
8790
8790
8635
8651
478500
8651
8695
8700
8532
8573
586800
8573
8564
8573
8439
8470
919200
8470
8484
8524
8441
8450
533500
8450
8437
8507
8437
8479
343000
8479
8481
8524
8455
8522
668700
8522
8565
8570
8429
8450
776900
8450
8500
8519
8422
8442
444800
8442
8489
8596
8455
8573
567200
8573
8576
8647
8576
8627
467100
8627
8636
8701
8636
8697
590800
8697
8765
8804
8658
8685
773200
8685
8722
8739
8578
8602
591400
8602
8615
8638
8509
8520
445400
8520
8595
8640
8540
8581
895700
8581
8529
8531
8333
8342
1092000
8342
8394
8616
8369
8610
735600
8610
8570
8597
8492
8546
487000
8546
8419
8473
8353
8372
818600
8372
8081
8163
7966
8071
1818200
8071
8221
8354
7997
8030
1358800
8030
8103
8207
8056
8169
812300
8169
8118
8118
7721
7754
1521500
7754
7800
7816
7575
7591
1288200
7591
7572
7665
7509
7579
946400
7579
7588
7682
7579
7627
801700
7627
7621
7758
7610
7719
674700
7719
7849
7932
7814
7927
464300
7927
7930
7966
7908
7962
567900
7962
7915
7982
7863
7889
672300
7889
7739
7788
7721
7750
757500
7750
7755
7821
7753
7812
377600
7812
7859
7911
7815
7850
525200
7850
7911
7919
7837
7862
702300
7862
7770
7835
7680
7680
1245800
7680
7715
7772
7691
7724
859700
7724
7550
7591
7473
7524
1138400
7524
7490
7545
7478
7514
386800
7514
7688
7703
7577
7577
644900
7577
7595
7652
7552
7573
831100
7573
7672
7677
7575
7604
765700
7604
7750
7780
7591
7643
1554900
7643
7816
7835
7721
7775
517800
7775
7789
7842
7708
7839
546800
7839
7768
7829
7739
7768
563600
7768
7752
7819
7719
7810
393600
7810
7871
7872
7736
7760
733700
7760
7735
7763
7651
7672
439500
7672
7646
7702
7608
7698
421900
7698
7737
7865
7697
7858
853800
7858
7632
7688
7464
7488
1486500
7488
7445
7545
7435
7534
896300
7534
7596
7907
7585
7901
1245300
7901
7775
7799
7665
7765
879800
7765
7840
7907
7760
7830
723600
7830
7944
7952
7853
7920
564200
7920
7945
7954
7852
7854
422400
7854
7775
7872
7751
7852
621700
7852
7882
7959
7822
7930
639300
7930
7978
8080
7948
8049
598500
8049
8066
8112
8030
8038
811300
8038
8037
8113
8026
8088
613400
8088
8094
8134
8026
8094
733700
8094
8040
8057
7959
7979
405500
7979
8024
8058
7980
8030
357200
8030
8096
8100
7980
8018
641100
8018
8080
8123
8055
8107
393100
8107
8090
8120
8034
8105
496700
8105
8150
8210
8146
8192
525000
8192
8220
8220
8154
8170
694400
8170
8196
8229
8149
8165
427600
8165
8195
8200
8110
8150
413000
8150
8203
8262
8181
8248
646400
8248
8203
8298
8163
8279
395000
8279
8230
8247
8180
8200
702000
8200
8243
8267
8185
8202
776000
8202
8160
8267
8151
8244
526000
8244
8288
8288
8227
8272
392100
8272
8303
8319
8250
8294
422700
8294
8339
8361
8284
8324
453000
8324
8334
8372
8288
8338
383300
8338
8411
8477
8387
8417
478200
8417
8398
8398
8254
8290
946200
8290
8242
8282
8200
8256
551300
8256
8233
8248
8195
8195
586900
8195
8174
8195
8124
8135
541500
8135
8158
8160
8059
8074
526600
8074
8084
8150
8055
8148
659600
8148
8132
8189
8115
8150
341300
8150
8145
8172
8085
8158
440200
8158
8088
8159
8067
8076
727900
8076
8095
8167
8084
8120
505100
8120
8108
8164
8079
8146
512200
8146
8126
8156
8109
8144
300500
8144
8186
8208
8134
8206
496600
8206
8103
8171
8101
8142
723200
8142
8158
8189
8111
8119
1205100
8119
8118
8176
8090
8130
647500
8130
8150
8229
8140
8157
567600
8157
8177
8207
8137
8152
479500
8152
8150
8217
8150
8203
478800
8203
8234
8265
8186
8197
608000
8197
8226
8306
8220
8256
954900
8256
8259
8285
8228
8262
344400
8262
8347
8389
8310
8340
540400
8340
8364
8383
8340
8349
307300
8349
8348
8358
8228
8234
504100
8234
8297
8297
8213
8270
681400
8270
8267
8269
8207
8251
258400
8251
8219
8259
8186
8195
607300
8195
8239
8366
8239
8354
774800
8354
8350
8458
8318
8427
642000
8427
8403
8407
8331
8365
453300
8365
8365
8367
8311
8355
350100
8355
8317
8368
8283
8342
519900
8342
8304
8377
8290
8350
475000
8350
8403
8515
8380
8498
900500
8498
8545
8550
8437
8507
860700
8507
8506
8515
8274
8297
529000
8297
8330
8350
8130
8216
822100
8216
8135
8327
8135
8292
485400
8292
8276
8329
8248
8301
591400
8301
8301
8382
8270
8351
726400
8351
8350
8427
8337
8403
485700
8403
8446
8486
8364
8364
513200
8364
8330
8370
8275
8325
554400
8325
8388
8464
8347
8354
502900
8354
8431
8550
8385
8500
746200
8500
8539
8629
8510
8583
597000
8583
8637
8638
8558
8558
376300
8558
8562
8583
8524
8524
371800
8524
8528
8583
8464
8578
522900
8578
8522
8557
8502
8535
395400
8535
8547
8547
8480
8514
361700
8514
8525
8581
8511
8517
312800
8517
8598
8632
8567
8599
399100
8599
8588
8592
8540
8585
330500
8585
8515
8536
8460
8494
333700
8494
8449
8580
8437
8530
610100
8530
8510
8555
8488
8542
526200
8542
8554
8604
8528
8560
369800
8560
8550
8550
8486
8538
326700
8538
8521
8590
8503
8556
309100
8556
8566
8645
8544
8638
336100
8638
8627
8700
8587
8612
478600
8612
8587
8598
8550
8565
271500
8565
8646
8680
8498
8508
707800
8508
8508
8669
8486
8553
846000
8553
8579
8669
8544
8668
637300
8668
8680
8746
8665
8689
446700
8689
8639
8765
8599
8747
587000
8747
8763
8781
8711
8734
531500
8734
8720
8739
8677
8690
473700
8690
8634
8760
8629
8725
604700
8725
8744
8748
8696
8726
336800
8726
8784
8849
8770
8839
575000
8839
8911
9107
8909
9104
754600
9104
9130
9139
9022
9029
520700
9029
9064
9115
9047
9089
609400
9089
9047
9097
8982
9023
556100
9023
9095
9114
9031
9092
630900
9092
9077
9148
9061
9145
658700
9145
9120
9187
9090
9173
443400
9173
9173
9195
9058
9082
677700
9082
9032
9061
8934
9013
712500
9013
9007
9023
8943
9011
472100
9011
9011
9065
8958
9042
602000
9042
8994
9067
8986
9059
594400
9059
9080
9106
9052
9078
583500
9078
9078
9108
9012
9100
628600
9100
9119
9164
9079
9111
690800
9111
9140
9145
9068
9101
1565800
9101
9159
9275
9148
9214
1371500
9214
9300
9325
9204
9293
1151900
9293
9350
9368
9233
9263
914400
9263
9243
9324
9217
9224
1386100
9224
9220
9320
9194
9196
1124000
9196
9141
9254
9117
9241
884300
9241
9190
9312
9180
9207
653600
9207
9220
9302
9181
9262
1153500
9262
9300
9506
9276
9417
813800
9417
9444
9481
9411
9451
864500
9451
9500
9644
9499
9539
846000
9539
9475
9586
9464
9531
797900
9531
9477
9566
9477
9524
596600
9524
9546
9645
9480
9591
1145600
9591
9606
9625
9543
9560
846400
9560
9339
9406
9236
9295
962200
9295
9265
9400
9244
9340
1410300
9340
9307
9316
9129
9146
809500
9146
9201
9235
9122
9222
623200
9222
9274
9416
9228
9366
594200
9366
9405
9442
9311
9322
521400
9322
9188
9357
9182
9357
528500
9357
9312
9354
9230
9332
493200
9332
9321
9327
9152
9193
644900
9193
9302
9371
9214
9329
879800
9329
9119
9141
8918
8950
731400
8950
9010
9051
8908
8963
815600
8963
8997
9076
8963
8979
424700
8979
8993
9136
8960
9092
764400
9092
9168
9276
9058
9251
764500
9251
9304
9378
9245
9267
598200
9267
9297
9344
8975
9127
1230900
9127
9069
9071
8924
8932
796100
8932
8918
9064
8900
9049
644300
9049
8970
9046
8874
8917
792800
8917
9047
9113
8994
9079
426100
9079
8990
8990
8783
8885
779300
8885
8898
9089
8898
9085
503500
9085
8904
8935
8765
8930
564300
8930
8956
8990
8883
8937
455100
8937
8857
9022
8839
8995
341200
8995
9025
9102
8987
9000
398800
9000
9011
9080
8958
9021
254900
9021
8982
9042
8939
8976
411000
8976
8881
9058
8877
9032
490500
9032
9104
9222
9078
9206
476000
9206
9312
9364
9216
9345
704100
9345
9450
9495
9333
9371
666900
9371
9371
9398
9280
9303
612700
9303
9364
9394
9305
9343
508000
9343
9400
9657
9340
9606
1207000
9606
9696
9792
9592
9738
636900
9738
9752
9827
9448
9470
709700
9470
9401
9520
9322
9503
542800
9503
9395
9446
9298
9397
877300
9397
9426
9619
9396
9612
873900
9612
9425
9460
9314
9394
704400
9394
9450
9492
9389
9400
855900
9400
9549
9668
9536
9583
928400
9583
9604
9765
9581
9738
847400
9738
9637
9817
9559
9573
1434800
9573
9540
9640
9470
9628
676300
9628
9558
9710
9558
9597
983100
9597
9587
9664
9368
9420
819000
9420
9351
9421
9157
9217
684600
9217
9230
9289
9168
9252
824800
9252
8979
9043
8794
8860
679200
8860
8999
9025
8801
8962
1005100
8962
9199
9315
9123
9234
1015100
9234
9181
9230
9086
9114
906200
9114
