6300
6380
6250
6370
797600
6370
6400
6410
6310
6370
494200
6370
6400
6480
6360
6470
602500
6470
6410
6430
6370
6370
322400
6370
6400
6440
6330
6380
418700
6380
6350
6370
6240
6270
908200
6270
6260
6300
6200
6220
630500
6220
6250
6330
6230
6320
338600
6320
6260
6350
6250
6310
564800
6310
6410
6450
6180
6230
905500
6230
6260
6310
6210
6220
499100
6220
6220
6240
6130
6150
332300
6150
6190
6400
6180
6370
558500
6370
6290
6330
6250
6270
408400
6270
6190
6230
6140
6140
457100
6140
6180
6280
6180
6220
528200
6220
6250
6280
6190
6210
473800
6210
6170
6190
6100
6120
538500
6120
6210
6300
6170
6240
768500
6240
5920
6170
5800
6090
1416000
6090
6000
6040
5930
6000
805000
6000
5910
5920
5760
5790
960100
5790
5590
5610
5350
5490
2077900
5490
5590
5630
5460
5490
1380600
5490
5690
5730
5590
5700
1146700
5700
5480
5610
5450
5600
1624100
5600
5680
5700
5490
5520
1006500
5520
5430
5480
5300
5380
899900
5380
5420
5490
5380
5480
630200
5480
5500
5580
5450
5540
510100
5540
5600
5680
5560
5670
509300
5670
5630
5660
5600
5630
458400
5630
5640
5760
5610
5740
819100
5740
5680
5690
5600
5630
636400
5630
5640
5670
5570
5650
533600
5650
5730
5780
5680
5740
404400
5740
5800
5800
5690
5720
734400
5720
5670
5730
5650
5650
548400
5650
5660
5660
5580
5620
544300
5620
5460
5490
5370
5420
1001700
5420
5400
5510
5400
5440
489700
5440
5550
5590
5510
5550
481900
5550
5530
5590
5490
5550
705200
5550
5560
5580
5520
5560
711100
5560
5600
5710
5530
5560
1271100
5560
5710
5750
5530
5570
637000
5570
5550
5620
5540
5610
415500
5610
5510
5550
5450
5500
785900
5500
5510
5570
5450
5550
425100
5550
5610
5650
5570
5620
640700
5620
5520
5570
5430
5530
763200
5530
5510
5590
5430
5560
779000
5560
5590
5590
5510
5530
699200
5530
5330
5360
5140
5160
1566100
5160
5120
5230
5060
5230
851900
5230
5250
5320
5220
5320
847500
5320
5250
5300
5200
5260
789400
5260
5310
5370
5280
5320
669800
5320
5520
5640
5440
5590
1395500
5590
5570
5660
5520
5610
599600
5610
5550
5590
5480
5520
754200
5520
5490
5550
5420
5520
616900
5520
5540
5650
5500
5610
565800
5610
5580
5600
5470
5540
734700
5540
5550
5620
5530
5570
464900
5570
5510
5570
5460
5500
643400
5500
5460
5480
5360
5360
454100
5360
5380
5440
5340
5350
395600
5350
5390
5410
5330
5340
545100
5340
5340
5440
5330
5400
386000
5400
5360
5440
5350
5410
469700
5410
5470
5540
5430
5510
417300
5510
5500
5530
5180
5230
2142100
5230
5280
5390
5270
5310
1004300
5310
5320
5380
5290
5320
511800
5320
5390
5450
5340
5410
436800
5410
5420
5430
5340
5360
393400
5360
5330
5350
5290
5310
472700
5310
5410
5460
5370
5380
642400
5380
5360
5540
5350
5520
516100
5520
5540
5550
5470
5520
383600
5520
5520
5530
5440
5510
434600
5510
5490
5500
5440
5470
443200
5470
5480
5500
5440
5460
377600
5460
5530
5630
5490
5520
431400
5520
5470
5520
5360
5460
879400
5460
5410
5480
5390
5470
616900
5470
5510
5520
5380
5390
569500
5390
5370
5370
5230
5290
965600
5290
5330
5400
5300
5370
449500
5370
5350
5450
5350
5420
552500
5420
5400
5580
5400
5560
560600
5560
5460
5550
5440
5450
577300
5450
5400
5450
5290
5300
737600
5300
5290
5300
5170
5190
588100
5190
5130
5150
5100
5110
402400
5110
5150
5170
5100
5150
259400
5150
5130
5170
5100
5140
386300
5140
5010
5040
4965
5020
719000
5020
5050
5140
5000
5110
1464900
5110
5060
5140
5050
5090
681200
5090
5150
5190
5130
5160
472100
5160
5180
5190
5080
5110
517000
5110
5110
5200
5100
5140
618500
5140
5130
5250
5130
5220
713300
5220
5250
5380
5230
5350
1424600
5350
5340
5420
5310
5360
523900
5360
5400
5410
5290
5340
613400
5340
5360
5380
5310
5360
371300
5360
5370
5440
5320
5400
556400
5400
5450
5580
5430
5530
1080600
5530
5540
5540
5430
5470
424800
5470
5450
5530
5390
5500
886800
5500
5540
5610
5430
5590
748400
5590
5590
5730
5480
5700
1037600
5700
5670
5730
5590
5620
647600
5620
5700
5810
5660
5750
769700
5750
5730
5730
5560
5560
788300
5560
5590
5600
5500
5540
564400
5540
5560
5600
5480
5570
578000
5570
5600
5680
5580
5640
543500
5640
5590
5590
5400
5400
598800
5400
5390
5390
5150
5220
891000
5220
5230
5340
5230
5310
558400
5310
5280
5360
5250
5300
547100
5300
5300
5430
5300
5410
611400
5410
5380
5450
5350
5400
613700
5400
5500
5540
5440
5450
760500
5450
5400
5410
5270
5310
513800
5310
5340
5440
5310
5320
609000
5320
5390
5580
5380
5510
841700
5510
5530
5790
5520
5660
858200
5660
5710
5720
5530
5550
678700
5550
5600
5630
5520
5560
421100
5560
5540
5730
5540
5700
887000
5700
5630
5630
5470
5500
750600
5500
5520
5530
5430
5470
367500
5470
5460
5470
5300
5320
645600
5320
5350
5390
5230
5270
699900
5270
5300
5320
5240
5300
472600
5300
5260
5260
5190
5230
454700
5230
5180
5270
5180
5250
487400
5250
5150
5210
5070
5210
1029200
5210
5190
5190
5080
5110
511600
5110
5140
5170
5080
5160
418600
5160
5120
5220
5120
5140
359900
5140
5140
5230
5110
5220
335200
5220
5140
5190
5100
5160
517300
5160
5200
5210
5140
5170
443200
5170
5190
5200
5030
5050
646400
5050
5000
5010
4825
4825
799500
4825
4835
4920
4835
4915
645900
4915
4870
4875
4655
4710
970900
4710
4645
4790
4645
4720
937800
4720
4735
4750
4700
4715
503100
4715
4715
4715
4615
4620
618200
4620
4635
4700
4570
4685
717500
4685
4670
4695
4610
4670
380000
4670
4665
4710
4650
4700
427200
4700
4770
4840
4760
4810
656000
4810
4835
4905
4830
4860
610500
4860
4875
4895
4745
4770
661100
4770
4630
4755
4575
4665
1283500
4665
4720
4750
4680
4720
791400
4720
4680
4695
4645
4655
770900
4655
4645
4650
4605
4630
471500
4630
4655
4675
4615
4655
511400
4655
4635
4645
4605
4620
413400
4620
4480
4495
4425
4425
883100
4425
4430
4465
4370
4385
615300
4385
4365
4375
4305
4345
603500
4345
4340
4350
4240
4285
783400
4285
4315
4320
4225
4255
439100
4255
4220
4255
4175
4190
679200
4190
4205
4250
4190
4245
1283600
4245
4235
4315
4170
4300
832900
4300
4340
4340
4280
4280
945400
4280
4280
4285
4220
4235
871000
4235
4305
4425
4290
4410
1364700
4410
4415
4425
4315
4340
1044700
4340
4300
4335
4265
4315
713000
4315
4290
4360
4285
4340
682000
4340
4370
4465
4365
4450
1075800
4450
4500
4555
4435
4460
878000
4460
4465
4485
4415
4475
1039100
4475
4470
4505
4430
4485
599900
4485
4460
4470
4370
4395
950600
4395
4370
4440
4345
4425
703300
4425
4365
4380
4305
4320
700900
4320
4320
4380
4320
4365
662800
4365
4245
4315
4230
4310
994600
4310
4255
4455
4250
4450
1366300
4450
4450
4455
4345
4365
901400
4365
4360
4415
4325
4410
638700
4410
4475
4580
4460
4515
691400
4515
4530
4580
4510
4525
551100
4525
4465
4505
4355
4500
697000
4500
4490
4545
4405
4505
587200
4505
4470
4470
4365
4410
819700
4410
4450
4525
4420
4455
858300
4455
4350
4360
4265
4280
656400
4280
4275
4315
4190
4220
638900
4220
4240
4295
4170
4185
544900
4185
4140
4215
4110
4175
731200
4175
4165
4350
4125
4310
908200
4310
4590
4770
4550
4675
1310200
4675
4645
4710
4580
4675
957000
4675
4635
4715
4590
4635
674100
4635
4735
4830
4730
4750
893700
4750
4810
4940
4760
4910
1187800
4910
5080
5110
5020
5060
720800
5060
5030
5080
4990
5050
633400
5050
4995
5070
4970
5050
380000
5050
4905
4975
4830
4925
928500
4925
4950
4950
4780
4820
774400
4820
4765
4875
4760
4825
526600
4825
4855
4955
4855
4870
633700
4870
4870
4975
4870
4920
449400
4920
4880
4895
4800
4830
443400
4830
4770
4890
4765
4870
642600
4870
4895
4905
4815
4885
696400
4885
4930
5100
4920
5070
1024600
5070
5130
5150
5090
5110
751200
5110
5130
5160
5100
5140
572200
5140
5180
5230
5140
5150
506900
5150
5160
5170
5070
5080
1032200
5080
5180
5190
5100
5170
452800
5170
5190
5220
5100
5140
783400
5140
5100
5120
4965
4980
740400
4980
4985
4995
4875
4955
781600
4955
4920
5050
4920
5040
506900
5040
4935
4960
4875
4885
758200
4885
4895
4960
4870
4930
828300
4930
4935
4935
4825
4915
970100
4915
4940
4980
4895
4930
644600
4930
4885
4960
4795
4820
1405600
4820
4840
4970
4775
4940
512800
4940
4870
4870
4775
4785
602400
4785
4820
4895
4795
4835
538000
4835
4735
4765
4600
4630
764600
4630
4630
4695
4565
4690
871800
4690
4570
4575
4435
4530
752000
4530
4575
4725
4530
4640
769400
4640
4740
4835
4725
4780
826100
4780
4805
4825
4735
4805
585500
4805
