595
596
587
590
5027900
590
593
594
588
590
3386100
590
593
598
591
596
4979600
596
598
609
597
606
5220200
606
605
606
600
604
4325000
604
604
604
591
594
6094100
594
596
600
592
594
3338300
594
594
596
592
593
1842100
593
593
594
588
589
3508200
589
591
595
585
586
3191300
586
587
592
584
587
2467300
587
589
591
585
588
2016900
588
592
596
592
593
3248600
593
596
599
593
595
2870300
595
596
597
590
591
2746900
591
594
597
592
595
3070500
595
594
594
588
589
2470700
589
587
588
580
582
3437000
582
582
588
580
580
3225200
580
584
586
582
586
3037000
586
581
583
578
581
3088400
581
578
579
550
570
8089100
570
550
555
537
548
7469200
548
564
564
542
543
5210800
543
540
543
536
539
3539100
539
524
526
516
523
5155800
523
535
539
521
523
5369500
523
520
528
514
518
4308100
518
518
522
513
514
3638400
514
515
524
513
522
2607300
522
523
539
523
538
2435600
538
541
543
536
538
1934000
538
538
546
536
544
2196300
544
541
542
531
535
2559400
535
544
552
543
549
2959000
549
552
555
550
553
2148500
553
558
560
555
555
1781000
555
555
558
553
553
2229400
553
550
551
541
543
1901200
543
533
535
527
531
2535500
531
530
536
526
530
1586000
530
537
547
537
542
2230900
542
534
539
526
532
3733800
532
534
540
530
537
2171100
537
547
555
542
545
3757200
545
548
549
539
543
1926200
543
542
548
540
547
1788200
547
545
548
541
545
1715200
545
540
541
531
536
1872700
536
536
539
533
538
2057700
538
535
538
531
536
2069500
536
532
536
528
535
2121000
535
537
539
533
538
3076800
538
526
533
525
528
3378300
528
529
531
521
529
2800000
529
529
549
529
548
3544900
548
538
544
536
541
2470800
541
544
550
542
549
2510000
549
549
554
545
552
2214500
552
550
560
550
556
1926600
556
550
558
544
556
2201700
556
560
566
556
563
2315600
563
567
570
562
563
3241600
563
564
570
560
567
4499500
567
567
575
566
573
2733900
573
571
577
564
571
4080200
571
572
574
564
573
2991600
573
572
578
570
575
3745000
575
576
578
572
572
3728200
572
572
575
570
573
2020700
573
573
577
573
574
2697300
574
574
577
573
576
2284700
576
576
583
571
582
3618900
582
583
591
583
589
4588900
589
589
591
582
583
2521400
583
585
589
584
585
2341500
585
584
588
581
587
2802800
587
588
592
585
591
2861900
591
590
595
589
594
3329400
594
594
598
590
596
3183200
596
596
600
592
598
2723100
598
597
601
593
600
3869700
600
597
600
596
599
3285900
599
599
602
597
600
4254100
600
599
606
599
602
4716500
602
604
607
602
606
4493300
606
606
610
577
585
11488100
585
572
577
565
569
5152700
569
566
571
562
564
2486500
564
566
573
565
571
2788500
571
571
576
570
572
2276700
572
572
575
569
570
2558600
570
572
573
568
571
2408100
571
571
571
560
562
2832400
562
559
559
548
551
2899300
551
546
551
545
547
1384900
547
547
550
538
539
1857300
539
536
537
531
536
2177600
536
528
533
528
532
2194000
532
535
539
530
533
2322200
533
530
534
527
533
1489000
533
537
540
535
538
1494800
538
541
542
528
532
2717600
532
530
536
529
533
1625700
533
537
541
536
537
2386700
537
540
542
534
536
2873500
536
538
541
536
538
1808700
538
543
547
540
541
2383800
541
542
547
542
543
1607100
543
541
548
541
546
2034500
546
549
553
544
545
2466500
545
547
549
541
544
1668900
544
542
542
531
533
3288700
533
533
545
533
544
2689600
544
537
543
537
537
1866100
537
534
537
532
536
1355600
536
540
547
539
540
1671900
540
540
551
537
548
2721700
548
548
549
538
546
1659900
546
544
549
542
544
2294700
544
545
548
540
546
1763600
546
547
552
537
537
2453100
537
538
541
530
534
1925600
534
535
540
534
537
1517400
537
541
544
531
536
2279800
536
540
545
537
537
1655100
537
537
543
537
538
1149200
538
537
538
531
531
1742700
531
530
530
515
516
3096200
516
518
524
517
520
1768100
520
522
532
520
528
1995400
528
529
541
526
538
2112200
538
544
546
538
538
910500
538
538
540
533
536
1811400
536
533
535
525
530
2577400
530
529
529
526
527
1301700
527
534
538
532
535
1473900
535
536
538
534
535
1192500
535
541
545
538
544
1881000
544
545
547
542
546
1269800
546
545
550
540
547
1989300
547
547
552
543
549
2471100
549
547
548
537
541
2227400
541
540
546
540
543
2216700
543
546
595
531
568
10720300
568
573
587
573
581
6394100
581
577
583
574
579
2520800
579
575
583
564
580
4261800
580
580
586
579
581
2208900
581
584
588
580
581
2744900
581
580
582
573
574
1588400
574
578
584
576
584
2472300
584
583
590
582
587
2813600
587
587
591
583
588
2190300
588
590
594
586
592
2178300
592
598
605
595
600
3848700
600
605
612
600
605
5258000
605
603
608
600
604
2202300
604
604
609
601
604
3391300
604
604
607
603
605
1708800
605
602
607
602
605
1829800
605
604
607
601
605
2728400
605
605
608
604
606
1509500
606
608
617
608
612
5291500
612
608
615
607
610
1854800
610
611
619
611
618
2728900
618
618
623
617
619
2152700
619
619
625
610
624
2857800
624
630
638
626
631
5579600
631
630
636
628
635
3035100
635
635
640
631
632
2041500
632
629
630
618
621
2726300
621
625
640
624
640
3655500
640
641
645
638
639
2004200
639
643
644
635
640
3289900
640
638
648
638
647
2566500
647
645
646
639
641
2801700
641
642
644
633
643
2477300
643
645
657
644
654
3798800
654
684
700
672
673
8125700
673
668
697
666
694
4565600
694
699
730
698
721
8956600
721
735
746
726
740
6639200
740
743
746
735
735
4136900
735
727
728
711
719
5047200
719
719
719
701
713
3630800
713
712
723
711
718
2752100
718
714
720
709
713
2873000
713
705
712
694
702
3334700
702
711
728
710
725
3030400
725
710
717
705
715
3482400
715
706
715
704
714
3204300
714
709
725
707
719
2789300
719
721
734
711
731
3732100
731
739
743
732
737
3550000
737
737
738
730
730
2437300
730
730
740
728
736
2660400
736
742
745
732
738
2632500
738
732
736
720
720
2804100
720
730
744
725
741
2977200
741
727
729
712
715
2643200
715
713
724
708
720
3035400
720
715
728
710
721
2822000
721
718
724
713
718
3808100
718
719
722
706
721
3585600
721
716
729
715
724
2290700
724
719
720
703
714
4064900
714
710
713
658
694
9932500
694
678
714
670
708
5055800
708
705
708
679
680
3885200
680
680
707
676
705
3586100
705
709
725
708
708
3020400
708
705
720
705
712
3632300
712
706
712
692
700
2980500
700
693
700
693
698
2269400
698
693
704
687
701
1979900
701
697
709
695
706
1556900
706
708
714
703
708
1784300
708
705
712
699
711
1755800
711
706
711
700
701
1443200
701
702
720
701
713
2551700
713
722
725
711
720
2196700
720
715
720
707
708
1626200
708
708
714
704
707
1707500
707
708
708
691
692
3015400
692
692
697
684
686
2474400
686
688
695
686
686
2502500
686
690
696
685
686
2446700
686
678
694
677
694
3073600
694
686
688
676
685
2908800
685
688
696
676
681
2680200
681
677
681
664
666
2148600
666
676
685
672
677
3088100
677
682
696
681
696
3611300
696
693
695
674
676
3288300
676
671
682
670
673
3341800
673
669
675
666
669
1768800
669
660
661
646
649
2572500
649
642
654
633
639
3539400
639
631
645
626
634
3570400
634
647
651
625
629
3187600
629
605
607
594
597
2252800
597
595
609
588
599
3013100
599
611
618
605
615
2817700
615
616
621
612
614
2096200
614
