5690
5740
5620
5730
1410600
5730
5740
5780
5700
5780
1062400
5780
5880
5890
5780
5820
1130800
5820
5760
5800
5750
5770
1184500
5770
5740
5760
5700
5740
890600
5740
5720
5740
5640
5660
1135900
5660
5660
5700
5620
5640
662100
5640
5640
5730
5620
5720
810100
5720
5730
5770
5700
5700
863300
5700
5740
5770
5700
5700
811600
5700
5750
5840
5740
5840
919000
5840
5850
5860
5790
5830
475400
5830
5850
5850
5790
5810
656300
5810
5800
5830
5780
5820
646500
5820
5780
5790
5710
5740
799300
5740
5750
5790
5730
5780
609700
5780
5800
5820
5710
5720
643300
5720
5670
5710
5620
5640
944400
5640
5620
5630
5550
5550
944900
5550
5550
5610
5520
5570
1042000
5570
5540
5600
5530
5560
969300
5560
5460
5510
5440
5470
884300
5470
5210
5220
5030
5170
2060600
5170
5280
5330
5070
5080
1539000
5080
5060
5290
4965
5170
2080900
5170
5090
5140
5000
5080
1220700
5080
5130
5150
5040
5050
1135200
5050
5060
5130
5020
5110
1316500
5110
5260
5300
5180
5180
1262300
5180
5220
5400
5210
5330
1113900
5330
5380
5390
5310
5360
624700
5360
5350
5400
5300
5400
977400
5400
5380
5480
5340
5410
828300
5410
5330
5340
5190
5220
1279400
5220
5280
5370
5270
5370
675200
5370
5410
5460
5370
5440
631500
5440
5530
5540
5430
5440
717500
5440
5400
5540
5380
5450
1308200
5450
5370
5370
5240
5260
934700
5260
5160
5220
5140
5160
1007000
5160
5070
5230
5060
5210
956000
5210
5250
5290
5210
5230
858000
5230
5320
5430
5290
5360
1354500
5360
5400
5400
5300
5330
862800
5330
5360
5490
5360
5420
1405800
5420
5490
5500
5390
5430
684000
5430
5350
5450
5340
5440
742300
5440
5400
5410
5330
5350
602200
5350
5290
5310
5190
5250
908000
5250
5260
5300
5230
5260
852100
5260
5260
5330
5230
5240
714200
5240
5200
5270
5150
5260
873600
5260
5220
5350
5220
5330
951900
5330
5190
5210
5110
5130
1125900
5130
5040
5160
5030
5160
764700
5160
5210
5390
5170
5380
1069100
5380
5280
5290
5210
5270
880500
5270
5330
5380
5320
5380
1042400
5380
5420
5450
5380
5400
713000
5400
5410
5410
5320
5320
479600
5320
5260
5370
5260
5350
645600
5350
5340
5380
5310
5360
634100
5360
5400
5440
5340
5430
740200
5430
5450
5530
5440
5470
845900
5470
5410
5470
5380
5450
529300
5450
5500
5600
5490
5570
965900
5570
5580
5580
5440
5450
657100
5450
5470
5500
5370
5390
705200
5390
5400
5430
5350
5360
620800
5360
5380
5430
5370
5410
362200
5410
5380
5410
5370
5390
518400
5390
5490
5600
5480
5600
774900
5600
5730
5730
5650
5670
875100
5670
5630
5680
5580
5640
855500
5640
5620
5630
5580
5610
513200
5610
5640
5660
5590
5660
484000
5660
5630
5730
5620
5730
762900
5730
5740
5890
5660
5890
1507800
5890
5880
5950
5850
5910
1357900
5910
5920
5940
5850
5910
671900
5910
5930
5930
5840
5900
610200
5900
5890
5910
5850
5910
754700
5910
5890
5930
5590
5900
1135000
5900
5900
5930
5850
5900
850800
5900
5900
5970
5850
5970
720100
5970
5980
6070
5810
6060
2111700
6060
6010
6200
5990
6140
1563700
6140
6130
6220
6090
6150
1238700
6150
6110
6170
6060
6130
1024200
6130
6140
6150
6060
6130
832500
6130
6130
6180
6100
6170
636500
6170
6170
6220
6130
6130
771100
6130
6120
6180
6100
6140
546600
6140
6120
6200
6050
6050
1289200
6050
6040
6110
6020
6060
962500
6060
6040
6080
6000
6040
835700
6040
6040
6140
6030
6130
606500
6130
6070
6120
6040
6100
698800
6100
6100
6150
6060
6090
1053400
6090
6170
6170
5940
5990
3405800
5990
6000
6140
6000
6110
1063200
6110
6130
6190
6110
6180
683200
6180
6210
6250
6120
6150
736300
6150
6170
6250
6140
6220
926600
6220
6210
6220
6170
6170
947600
6170
6140
6210
6140
6140
790400
6140
6120
6180
6110
6150
484700
6150
6170
6250
6170
6240
845100
6240
6190
6290
6190
6270
622300
6270
6220
6230
6150
6200
734700
6200
6210
6210
6130
6170
854100
6170
6190
6210
6090
6170
721900
6170
6160
6220
6120
6150
954700
6150
6130
6150
6000
6130
1280300
6130
6090
6130
6040
6080
929900
6080
6020
6080
6020
6030
813200
6030
6030
6050
5950
6000
835900
6000
5940
6050
5900
6040
800800
6040
6010
6220
5970
6200
1213400
6200
6190
6220
6100
6170
1166400
6170
6160
6170
6070
6110
884000
6110
6080
6180
5970
5980
1016700
5980
5980
6030
5920
5960
954800
5960
5930
6080
5930
6030
714600
6030
6020
6070
5990
6020
792300
6020
6040
6040
5970
6000
1130100
6000
6050
6080
6020
6060
923000
6060
6080
6200
6060
6150
821700
6150
6160
6230
6120
6170
861800
6170
6180
6190
6070
6070
663600
6070
6100
6130
6080
6130
542900
6130
6110
6180
6100
6160
607100
6160
6180
6230
6150
6150
497100
6150
6190
6240
6160
6170
536100
6170
6120
6130
6050
6090
805400
6090
6030
6090
6020
6050
498700
6050
6100
6140
6080
6140
316500
6140
6170
6210
6150
6180
416100
6180
6220
6300
6180
6190
895100
6190
6230
6280
6230
6240
464500
6240
6230
6250
6200
6210
341300
6210
6250
6270
6190
6210
708300
6210
6170
6180
6080
6090
605800
6090
6100
6140
6040
6050
552300
6050
6030
6030
5960
6030
541800
6030
6020
6050
5170
5300
3424400
5300
5350
5480
5180
5360
3442500
5360
5360
5360
5170
5190
1371700
5190
5200
5250
5170
5190
753300
5190
5190
5190
5080
5110
997700
5110
5110
5120
5000
5020
708700
5020
5070
5180
5020
5180
721800
5180
5180
5210
5080
5110
556300
5110
5040
5070
4980
5060
822400
5060
5080
5090
4985
5000
549900
5000
5000
5160
4995
5130
1111500
5130
5100
5160
5070
5120
897100
5120
5140
5140
5070
5090
410800
5090
5060
5090
5040
5050
468500
5050
5080
5110
5020
5090
486000
5090
5100
5130
5090
5130
377700
5130
5170
5190
5110
5140
664200
5140
5110
5120
5030
5030
936100
5030
5030
5050
4990
4990
843400
4990
4980
4990
4890
4970
1132700
4970
4990
5000
4910
4915
464200
4915
4975
5040
4955
5000
817900
5000
4955
5040
4945
4985
845700
4985
5000
5070
4950
5020
912400
5020
4995
4995
4860
4880
1078600
4880
4860
4935
4860
4900
427000
4900
4900
4940
4870
4910
601000
4910
4915
4930
4790
4840
753200
4840
4875
4960
4875
4950
552500
4950
4965
5010
4950
4985
863800
4985
4925
5030
4915
5010
640200
5010
5090
5100
5010
5010
693400
5010
5050
5070
4980
5040
803600
5040
5080
5160
5060
5130
1210300
5130
5120
5290
5110
5270
1291300
5270
5210
5220
5120
5180
867200
5180
5150
5200
5070
5080
772500
5080
5150
5240
5150
5180
768900
5180
5180
5200
5120
5180
608100
5180
5220
5220
5080
5100
806700
5100
5120
5150
5060
5070
466000
5070
5050
5130
5050
5100
811800
5100
5060
5130
5040
5120
594400
5120
5090
5220
5060
5080
1056500
5080
5070
5140
5060
5130
520400
5130
4980
5000
4905
4960
1011200
4960
4900
5050
4900
5040
810600
5040
4990
5010
4895
4895
675600
4895
4855
4930
4855
4920
600300
4920
4990
5020
4965
4985
625100
4985
4985
5040
4975
5000
513300
5000
4960
5040
4930
5030
639300
5030
4995
5020
4930
5010
472500
5010
4910
4925
4725
4730
1030700
4730
4780
4840
4725
4810
1021700
4810
4670
4705
4605
4620
964700
4620
4640
4655
4530
4585
799800
4585
4645
4715
4630
4660
557900
4660
4595
4720
4585
4705
688500
4705
4775
4845
4735
4835
911200
4835
4835
4930
4805
4925
707100
4925
4940
5060
4895
5040
931300
5040
4985
5220
4920
5120
1328600
5120
5130
5150
5070
5120
671300
5120
5110
5140
4995
5010
744500
5010
5100
5140
4810
5010
1533000
5010
5090
5170
5040
5050
937500
5050
4975
5050
4915
5040
620200
5040
4940
4940
4800
4830
956300
4830
4845
4875
4820
4850
650700
4850
4800
4860
4780
4805
709700
4805
4790
4840
4780
4805
938200
4805
4780
4885
4780
4855
572600
4855
4785
4870
4770
4855
573300
4855
4785
4865
4780
4835
500000
4835
4895
4940
4845
4930
486100
4930
4990
5100
4990
5080
760500
5080
5050
5050
4965
5020
671600
5020
5050
5050
4885
4905
851000
4905
4960
4980
4920
4960
653000
4960
4965
5050
4945
4990
1219200
4990
5050
5070
5000
5010
594500
5010
5000
5010
4815
4815
825100
4815
4810
4975
4780
4975
926400
4975
4930
4985
4885
4980
1016000
4980
5000
5010
4775
4850
1311100
4850
4805
4860
4730
4835
855600
4835
4790
4800
4680
4785
952400
4785
4790
4885
4790
4875
927100
4875
4910
5080
4905
5060
1024000
5060
5040
5090
4930
4950
1280400
4950
4945
4990
4910
4955
738500
4955
4885
4885
4790
4800
1127400
4800
4895
4945
4830
4900
1030000
4900
4865
4915
4710
4730
799700
4730
4685
4740
4625
4650
1157400
4650
4505
4515
4390
4405
728100
4405
4420
4525
4385
4460
665600
4460
4615
4770
4615
4745
802200
4745
4730
4750
4665
4705
632300
4705
