1385
1391
1380
1391
3983300
1391
1396
1398
1389
1396
2848700
1396
1424
1426
1394
1404
3889200
1404
1395
1400
1387
1391
2693000
1391
1382
1386
1374
1380
2543900
1380
1388
1394
1378
1380
3605400
1380
1385
1386
1371
1371
1786100
1371
1373
1379
1365
1375
1971400
1375
1375
1394
1374
1377
3481600
1377
1386
1396
1381
1384
3339400
1384
1396
1416
1394
1407
3627900
1407
1404
1406
1390
1399
2072200
1399
1398
1404
1391
1395
2310000
1395
1395
1406
1395
1404
2124000
1404
1398
1401
1389
1390
2207300
1390
1395
1399
1387
1398
2773900
1398
1385
1398
1382
1383
2070700
1383
1375
1379
1332
1336
4422300
1336
1327
1334
1312
1312
3729600
1312
1315
1333
1310
1330
2028500
1330
1323
1342
1323
1338
2366900
1338
1308
1321
1306
1313
2774200
1313
1259
1262
1219
1241
5305100
1241
1271
1273
1218
1221
4834800
1221
1225
1227
1203
1220
5603000
1220
1190
1206
1181
1196
3956900
1196
1216
1217
1165
1168
4776500
1168
1191
1191
1143
1151
4329600
1151
1156
1166
1146
1150
2827400
1150
1150
1176
1142
1169
2811500
1169
1178
1200
1171
1199
2251600
1199
1199
1199
1184
1194
1520500
1194
1192
1213
1186
1199
2460100
1199
1188
1190
1171
1177
2287400
1177
1187
1213
1185
1209
1932000
1209
1218
1225
1209
1220
1547200
1220
1243
1245
1228
1239
2403500
1239
1231
1244
1214
1214
2995700
1214
1201
1204
1182
1187
3042000
1187
1157
1167
1150
1155
3214500
1155
1146
1158
1142
1156
1396200
1156
1169
1191
1163
1170
2745500
1170
1161
1179
1159
1174
2462800
1174
1182
1189
1165
1172
1925200
1172
1191
1214
1189
1198
3828400
1198
1215
1215
1195
1201
1860600
1201
1193
1207
1185
1207
2515400
1207
1198
1206
1187
1188
2133700
1188
1171
1182
1160
1178
2938600
1178
1176
1191
1172
1180
3375700
1180
1180
1191
1174
1177
1468700
1177
1164
1173
1151
1173
2002700
1173
1170
1176
1159
1174
2079900
1174
1144
1155
1129
1135
3761500
1135
1119
1130
1110
1130
2481500
1130
1134
1171
1122
1171
2471900
1171
1140
1150
1133
1150
2492200
1150
1161
1168
1142
1156
2882500
1156
1165
1170
1156
1164
1502900
1164
1162
1166
1152
1152
1287900
1152
1142
1150
1136
1146
2117200
1146
1146
1152
1138
1146
2210100
1146
1156
1160
1144
1153
2382300
1153
1150
1157
1144
1148
3062200
1148
1147
1155
1141
1143
2106700
1143
1140
1168
1139
1163
2877800
1163
1165
1165
1153
1156
2328600
1156
1154
1156
1146
1149
1562400
1149
1149
1168
1142
1162
2969400
1162
1164
1164
1148
1153
1877400
1153
1147
1154
1138
1151
2629800
1151
1151
1191
1149
1185
3214800
1185
1195
1198
1187
1189
2213800
1189
1185
1192
1177
1186
1991600
1186
1198
1198
1181
1185
1519800
1185
1195
1205
1181
1203
2394700
1203
1196
1217
1189
1214
2509100
1214
1219
1237
1204
1232
3532100
1232
1246
1263
1245
1262
3418200
1262
1257
1260
1236
1239
2146200
1239
1244
1255
1238
1252
2147700
1252
1251
1251
1222
1233
2222700
1233
1229
1245
1228
1236
1840000
1236
1225
1229
1205
1211
2357000
1211
1209
1227
1204
1225
1804000
1225
1231
1254
1229
1254
2952600
1254
1256
1266
1227
1234
3465600
1234
1225
1235
1216
1231
2666700
1231
1215
1215
1181
1181
4497300
1181
1182
1186
1165
1166
2738900
1166
1165
1174
1157
1162
2757200
1162
1164
1173
1158
1161
1787400
1161
1161
1162
1151
1154
1741200
1154
1144
1152
1137
1142
2746300
1142
1131
1141
1118
1119
3632200
1119
1119
1144
1119
1136
2962000
1136
1133
1141
1130
1141
1461400
1141
1133
1138
1125
1130
1984200
1130
1113
1116
1101
1104
2936200
1104
1100
1109
1083
1099
11184700
1099
1118
1147
1118
1142
4459700
1142
1158
1167
1148
1152
2401600
1152
1152
1156
1138
1141
2390000
1141
1135
1164
1131
1163
2614100
1163
1165
1168
1156
1159
2492700
1159
1151
1165
1142
1142
3375000
1142
1140
1154
1138
1152
1617100
1152
1161
1168
1153
1154
2364100
1154
1151
1158
1145
1155
1758100
1155
1148
1151
1138
1141
1912900
1141
1148
1148
1130
1142
2940800
1142
1141
1167
1126
1166
3191300
1166
1165
1188
1137
1138
4737100
1138
1156
1171
1148
1156
5293500
1156
1151
1160
1136
1151
4351500
1151
1140
1145
1133
1138
2302100
1138
1144
1144
1132
1133
1627000
1133
1131
1156
1117
1154
2708800
1154
1150
1157
1132
1154
2626800
1154
1162
1181
1155
1160
3308900
1160
1157
1164
1148
1153
2361700
1153
1145
1145
1101
1101
3149400
1101
1104
1109
1089
1097
2773200
1097
1085
1107
1080
1101
2065600
1101
1096
1096
1078
1080
2146400
1080
1080
1093
1068
1081
2800200
1081
1093
1114
1093
1112
2165100
1112
1123
1153
1120
1132
4092200
1132
1126
1151
1120
1145
4087200
1145
1141
1147
1133
1137
3350500
1137
1143
1144
1129
1129
2891600
1129
1130
1135
1119
1126
2470200
1126
1142
1159
1140
1144
2940000
1144
1144
1145
1131
1131
1991900
1131
1132
1134
1109
1116
3039200
1116
1109
1125
1109
1115
2395900
1115
1114
1133
1109
1129
2595000
1129
1127
1150
1120
1145
2002800
1145
1160
1185
1160
1180
3516100
1180
1185
1192
1167
1174
2663500
1174
1171
1186
1169
1177
1648900
1177
1182
1182
1158
1165
3328000
1165
1171
1177
1157
1160
2326400
1160
1160
1161
1132
1134
2527100
1134
1135
1135
1115
1115
1937500
1115
1111
1114
1056
1060
5003400
1060
1060
1095
1024
1080
6509600
1080
1054
1067
1036
1037
4203800
1037
1033
1052
1033
1049
2652100
1049
1051
1057
1041
1048
2662100
1048
1041
1044
1024
1026
2606600
1026
1029
1054
1027
1054
2177200
1054
1052
1054
1024
1030
2561400
1030
1017
1024
1007
1021
2612900
1021
1023
1029
1015
1026
1774900
1026
1026
1036
1020
1029
1421400
1029
1018
1025
1013
1017
1456000
1017
1022
1030
1021
1027
1396600
1027
1036
1038
1026
1032
2025500
1032
1038
1054
1036
1042
3224200
1042
1042
1053
1038
1051
1496700
1051
1060
1067
1052
1054
1891700
1054
1050
1058
1044
1051
1953900
1051
1055
1056
1040
1041
2566700
1041
1039
1046
1032
1041
2878300
1041
1041
1042
1019
1023
1767700
1023
1027
1036
1021
1029
1898400
1029
1029
1036
1025
1033
3346800
1033
1032
1053
1022
1037
3747100
1037
1028
1029
1009
1016
3217400
1016
1010
1024
1009
1020
1907600
1020
1020
1024
1008
1014
2258500
1014
1014
1018
1001
1009
2705900
1009
1020
1045
1020
1045
2576800
1045
1055
1072
1049
1068
3992400
1068
1067
1075
1055
1067
3330000
1067
1090
1100
1079
1088
2782000
1088
1097
1117
1091
1112
3767800
1112
1116
1120
1105
1113
5318900
1113
1113
1142
1112
1138
4660200
1138
1127
1131
1116
1125
3927400
1125
1122
1125
1073
1074
5413300
1074
1070
1089
1069
1076
5357500
1076
1076
1084
1072
1076
2544900
1076
1079
1095
1075
1085
2872800
1085
1092
1105
1085
1085
3277300
1085
1087
1090
1074
1074
3613200
1074
1065
1080
1063
1069
3110500
1069
1067
1082
1063
1070
3032000
1070
1080
1084
1066
1079
2207600
1079
1041
1054
1029
1036
3149900
1036
1023
1053
1021
1049
3759200
1049
1037
1040
1022
1024
3109000
1024
1020
1038
1018
1036
3122100
1036
1050
1067
1048
1059
2293600
1059
1057
1070
1052
1053
2163600
1053
1045
1054
1038
1049
2760700
1049
1040
1055
1034
1050
1661800
1050
1033
1035
993
993
3403000
993
1008
1008
988
998
3568200
998
968
979
955
962
4652600
962
977
982
952
969
4227900
969
979
997
974
988
2718000
988
983
998
973
990
2764900
990
1002
1009
994
997
2906200
997
1003
1018
995
1002
2909500
1002
1013
1019
1002
1015
2920900
1015
1007
1054
997
1047
3706300
1047
1052
1062
1041
1050
3523100
1050
1049
1052
1025
1029
3056900
1029
1052
1057
1035
1041
2289500
1041
1046
1056
1040
1042
2049800
1042
1032
1087
1022
1078
3906700
1078
1072
1072
1049
1063
3279200
1063
1064
1073
1053
1063
3026000
1063
1053
1080
1047
1078
3015300
1078
1078
1088
1076
1088
2763500
1088
1090
1107
1085
1090
2438600
1090
1072
1108
1071
1106
3037500
1106
1080
1095
1076
1092
2016600
1092
1098
1105
1087
1097
2852800
1097
1129
1155
1128
1142
5442500
1142
1144
1144
1121
1132
3403400
1132
1138
1138
1122
1130
2484600
1130
1138
1142
1128
1129
2475600
1129
1121
1144
1113
1132
4830700
1132
1147
1148
1130
1132
2208800
1132
1127
1129
1091
1092
3251400
1092
1089
1119
1088
1112
3550100
1112
1108
1116
1100
1107
2864900
1107
1110
1112
1080
1088
3382900
1088
1070
1078
1064
1070
2075300
1070
1052
1055
1038
1047
3087100
1047
1045
1071
1033
1067
4182000
1067
1077
1094
1071
1093
2715200
1093
1080
1083
1049
1050
4584500
1050
1050
1059
1041
1057
2550100
1057
1047
1047
1032
1042
2014300
1042
1046
1053
1030
1041
3267400
1041
1034
1039
999
1004
3236700
1004
1003
1009
970
975
3556700
975
951
959
932
935
2730300
935
942
960
929
946
2258700
946
976
999
971
996
2529200
996
993
1004
987
994
2093600
994
