1100
1110
1078
1109
6955000
2218
1109
1109
1094
1108
5744000
2216
1130
1134
1120
1123
5009000
2246
1109
1117
1106
1109
4114000
2218
1102
1104
1092
1097
4308000
2194
1095
1100
1086
1093
4188000
2186
1103
1111
1094
1098
3692000
2196
1089
1097
1078
1093
3612000
2186
1096
1112
1094
1096
4685000
2192
1104
1111
1098
1103
4934000
2206
1114
1140
1113
1138
6503000
2276
1141
1143
1132
1140
3227000
2280
1144
1146
1132
1136
2500000
2272
1139
1153
1138
1144
3568000
2288
1138
1143
1131
1136
4172000
2272
1128
1133
1117
1127
3358000
2254
1115
1137
1115
1128
2828000
2256
1116
1120
1089
1092
4360000
2184
1087
1102
1079
1079
5435000
2158
1085
1097
1080
1096
3276000
2192
1087
1098
1084
1094
2684000
2188
1071
1084
1070
1080
3530000
2160
1028
1039
994
1019
7345000
2038
1041
1045
986
986
8616000
1972
991
1006
976
997
8932000
1994
971
993
969
987
5541000
1974
1001
1011
981
991
6728000
1982
995
1001
966
983
5168000
1966
970
987
962
966
5849000
1932
966
1001
966
993
4364000
1986
1006
1010
1002
1008
2583000
2016
1010
1014
996
1008
3035000
2016
1015
1040
1010
1033
5861000
2066
1012
1019
988
992
5575000
1984
1005
1028
1003
1026
4716000
2052
1027
1034
1023
1029
2338000
2058
1045
1049
1036
1041
2973000
2082
1040
1050
1022
1022
4155000
2044
1015
1018
999
1003
4276000
2006
979
992
976
983
5155000
1966
970
983
966
981
3927000
1960
987
1001
982
989
4262000
1978
984
1002
982
989
4068000
1978
1004
1007
990
997
3739000
1994
1005
1037
1002
1018
6020000
2036
1038
1039
1014
1019
2666000
2038
1015
1021
1007
1020
3921000
2040
1009
1010
993
996
4065000
1992
988
993
974
990
3907000
1980
996
1009
993
1000
4020000
2000
984
997
982
985
2756000
1970
979
992
969
991
2830000
1982
981
997
977
997
3678000
1994
968
974
950
953
5012000
1906
938
946
929
945
4626000
1890
948
981
941
980
4705000
1960
964
969
954
968
3367000
1936
983
995
977
987
3783000
1974
990
995
980
987
2969000
1974
990
991
972
972
2107000
1944
959
974
955
968
3044000
1936
972
977
965
973
2504000
1946
984
991
977
987
2863000
1974
985
996
983
989
3036000
1978
987
995
985
988
2073000
1976
995
1010
992
1007
3423000
2014
1008
1009
992
992
2964000
1984
991
994
984
985
1944000
1970
989
993
979
986
2813000
1972
985
990
981
988
2022000
1976
981
989
979
988
2375000
1976
999
1029
998
1027
5411000
2054
1035
1043
1025
1032
2879000
2064
1020
1025
1010
1017
3642000
2034
1011
1013
1000
1004
3058000
2008
1009
1011
994
1005
3767000
2010
999
1027
997
1023
4027000
2046
1025
1047
1010
1044
5162000
2088
1057
1062
1043
1055
4105000
2110
1053
1057
1045
1051
2913000
2102
1046
1052
1032
1038
2990000
2076
1018
1029
1011
1027
3500000
2054
1025
1039
1022
1028
3321000
2056
1031
1036
1011
1016
2880000
2032
1012
1037
1006
1034
3553000
2068
1033
1053
1031
1052
4418000
2104
1043
1064
1043
1049
3157000
2098
1043
1052
1000
1013
6690000
2026
1000
1004
974
977
6994000
1954
980
986
955
955
7459000
1910
950
951
921
926
9495000
1852
926
926
901
911
10125000
1822
917
921
910
917
5246000
1834
921
931
918
921
7698000
1842
921
925
907
909
5575000
1818
910
922
909
914
4736000
1828
914
915
901
914
4063000
1828
909
912
902
909
3719000
1818
890
897
887
893
6413000
1786
881
891
872
888
20472000
1776
877
902
877
898
6812000
1796
910
919
907
912
4119000
1824
918
918
899
903
3107000
1806
899
918
899
918
4309000
1836
926
927
914
915
3714000
1830
905
911
893
897
6558000
1794
899
907
896
906
2832000
1812
906
911
899
902
3246000
1804
898
913
897
913
3185000
1826
908
909
898
901
4133000
1802
906
907
893
899
5063000
1798
893
895
880
889
3790000
1778
886
890
869
875
5709000
1750
852
865
846
863
6267000
1726
861
869
851
864
6167000
1728
855
861
850
852
3401000
1704
863
866
850
851
2935000
1702
842
864
833
863
5911000
1726
857
865
843
862
4113000
1724
859
865
856
858
3420000
1716
864
864
849
858
3715000
1716
852
852
821
823
5345000
1646
826
832
817
824
4760000
1648
815
828
815
823
4100000
1646
815
820
807
812
4048000
1624
800
810
790
806
7122000
1612
815
839
815
838
5767000
1676
851
871
848
862
8198000
1724
855
866
846
857
6678000
1714
861
865
855
859
4735000
1718
867
868
856
858
4409000
1716
866
873
863
868
3897000
1736
872
878
864
864
3729000
1728
868
868
856
856
3800000
1712
853
853
837
844
6160000
1688
837
850
835
847
3774000
1694
848
861
843
858
3782000
1716
859
873
853
868
3474000
1736
879
890
879
889
4490000
1778
894
895
878
883
3497000
1766
886
887
880
883
2685000
1766
883
884
870
871
5433000
1742
865
865
851
854
4137000
1708
854
861
841
842
2983000
1684
838
840
832
833
2603000
1666
833
836
788
797
7002000
1594
803
856
799
851
12271000
1702
836
841
810
824
8823000
1648
825
840
824
829
5635000
1658
830
832
818
827
4710000
1654
820
826
810
811
3581000
1622
818
832
811
830
3740000
1660
832
836
813
816
3729000
1632
805
811
800
810
4053000
1620
812
815
805
809
2958000
1618
806
811
803
808
2552000
1616
808
808
799
799
3120000
1598
799
807
794
802
4696000
1604
799
800
792
797
4165000
1594
804
814
797
805
5044000
1610
808
812
805
810
2639000
1620
816
819
807
808
3198000
1616
809
818
809
812
2976000
1624
819
819
805
807
3499000
1614
804
808
799
800
4968000
1600
802
805
786
789
3254000
1578
788
795
784
787
2551000
1574
785
790
783
787
2964000
1574
780
794
779
783
5184000
1566
777
778
761
764
5929000
1528
757
774
755
769
2602000
1538
769
774
755
759
3706000
1518
759
762
748
754
3932000
1508
755
772
754
771
3846000
1542
778
795
776
791
5537000
1582
781
799
777
795
4544000
1590
808
813
800
803
4129000
1606
812
829
806
826
5864000
1652
830
837
825
832
6254000
1664
836
845
832
841
4687000
1682
1659
1662
1624
1656
2255500
1656
1661
1661
1621
1631
1989000
1631
1658
1668
1644
1651
2080300
1651
1650
1657
1640
1649
1482300
1649
1661
1664
1635
1643
2163300
1643
1647
1652
1605
1611
2347100
1611
1617
1623
1604
1607
2085600
1607
1600
1620
1599
1616
1867600
1616
1621
1645
1599
1609
2267200
1609
1622
1624
1598
1612
1787600
1612
1555
1571
1532
1549
2639500
1549
1534
1572
1532
1572
2366100
1572
1543
1547
1514
1519
2065700
1519
1519
1545
1519
1541
1650900
1541
1561
1581
1554
1575
1729100
1575
1574
1588
1557
1559
1664600
1559
1547
1551
1529
1548
1248900
1548
1528
1550
1516
1547
1481200
1547
1519
1521
1474
1476
1987500
1476
1501
1516
1476
1510
2013700
1510
1470
1471
1420
1422
3049800
1422
1434
1441
1397
1418
2489600
1418
1423
1445
1419
1431
1774700
1431
1420
1459
1420
1441
4949800
1441
1454
1460
1442
1456
1984200
1456
1469
1487
1458
1482
1601700
1482
1498
1521
1489
1505
2067400
1505
1494
1533
1477
1524
2304000
1524
1526
1541
1506
1530
1751700
1530
1530
1539
1504
1511
2044200
1511
1541
1548
1520
1524
1864800
1524
1531
1547
1528
1540
1270200
1540
1530
1551
1528
1545
1406100
1545
1538
1539
1475
1486
3088000
1486
1473
1493
1465
1480
2629000
1480
1470
1499
1463
1496
1894900
1496
1496
1508
1487
1501
1942600
1501
1499
1518
1486
1510
2294200
1510
1482
1502
1475
1499
2374600
1499
1469
1477
1456
1472
1717400
1472
1487
1523
1487
1522
1645600
1522
1550
1581
1548
1558
1976600
1558
1559
1569
1540
1560
1776200
1560
1565
1567
1521
1527
2011100
1527
1542
1574
1539
1567
2307800
1567
1562
1585
1554
1571
4580900
1571
1591
1595
1571
1577
1691400
1577
1576
1577
1518
1521
1988800
1521
1520
1565
1520
1560
2028400
1560
1548
1556
1514
1531
2022300
1531
1555
1557
1501
1514
2277400
1514
1488
1496
1472
1475
1327600
1475
1473
1477
1449
1473
1981600
1473
1493
1527
1490
1524
2506700
1524
1540
1574
1528
1569
2322900
1569
1587
1591
1512
1512
3209400
1512
1512
1543
1505
1537
1663300
1537
1524
1543
1511
1532
2807600
1532
1554
1568
1524
1536
2346800
1536
1524
1543
1484
1490
2041300
1490
1479
1493
1448
1452
2707600
1452
1395
1411
1369
1371
1828300
1371
1371
1405
1366
1395
1858500
1395
1450
1498
1437
1490
1849100
1490
1481
1493
1473
1478
1640600
1478
