4397
4458
4360
4457
1975000
4457
4479
4520
4447
4515
1465400
4515
4529
4532
4481
4507
2211800
4507
4585
4594
4500
4532
1816400
4532
4485
4485
4435
4465
1525600
4465
4450
4461
4406
4431
1838900
4431
4428
4481
4422
4447
1228800
4447
4420
4477
4415
4456
921000
4456
4456
4484
4442
4468
1133900
4468
4515
4537
4440
4453
1683900
4453
4480
4552
4480
4507
1428500
4507
4508
4530
4480
4530
792300
4530
4529
4569
4515
4566
921700
4566
4560
4591
4559
4581
945100
4581
4567
4577
4536
4574
1327800
4574
4555
4579
4496
4516
1442300
4516
4501
4547
4492
4504
907500
4504
4509
4540
4449
4457
1873500
4457
4440
4440
4300
4305
2163100
4305
4305
4386
4305
4383
1424700
4383
4317
4365
4308
4355
1329700
4355
4270
4301
4249
4256
1537100
4256
4089
4120
3958
4023
3121300
4023
4144
4162
4001
4008
2352900
4008
4020
4064
4009
4053
2260400
4053
3888
4020
3874
3941
3010700
3941
3998
4003
3851
3866
2498200
3866
3871
3907
3827
3852
1875600
3852
3890
3892
3842
3849
1290500
3849
3870
3915
3848
3892
1374400
3892
3940
3993
3924
3993
1635700
3993
3993
4004
3950
3972
1159400
3972
3977
3981
3921
3942
1438000
3942
3881
3893
3854
3876
1297000
3876
3935
3979
3921
3975
1220500
3975
4005
4033
3973
4016
1062300
4016
4071
4080
4035
4058
1413700
4058
4019
4038
3977
3977
1693300
3977
3925
3926
3856
3873
1551800
3873
3819
3847
3799
3825
1795400
3825
3796
3861
3783
3853
889600
3853
3890
3916
3835
3846
2046800
3846
3800
3873
3784
3812
2051800
3812
3849
3866
3823
3863
1795000
3863
3910
3988
3881
3909
2550900
3909
3978
3992
3924
3949
978500
3949
3962
4051
3939
4041
1654100
4041
4031
4056
4018
4022
1805900
4022
4037
4133
4027
4124
1805100
4124
4150
4150
4092
4132
2093700
4132
4122
4139
4046
4063
1037600
4063
4033
4085
4000
4081
1011100
4081
4004
4063
4004
4044
2139300
4044
3914
3945
3837
3848
2709800
3848
3782
3878
3782
3878
1750300
3878
3918
4046
3895
4040
2260400
4040
3963
4020
3925
4019
2065000
4019
4074
4105
4000
4040
1359400
4040
4078
4118
4045
4100
1600000
4100
4089
4115
4044
4044
749800
4044
4008
4080
3991
4063
968400
4063
4059
4064
3988
4029
1519400
4029
4063
4103
4049
4076
1402000
4076
4069
4104
4053
4057
1374300
4057
4055
4129
4051
4111
1693000
4111
4088
4160
4073
4119
1638500
4119
4079
4097
4020
4021
1430800
4021
3992
4041
3988
4005
1017000
4005
3992
4020
3957
4004
1276900
4004
4015
4071
4010
4058
937500
4058
4056
4058
3998
3998
1104100
3998
4020
4055
4006
4032
1573100
4032
4060
4060
4024
4026
1363700
4026
4054
4054
4012
4024
1155500
4024
4012
4012
3965
3984
1225400
3984
4000
4020
3973
4001
1372100
4001
3968
4028
3958
4018
1203000
4018
4019
4023
3972
3993
1483700
3993
3995
4032
3981
4010
2099700
4010
4029
4036
4016
4025
1248400
4025
4031
4036
3988
4014
1162500
4014
4047
4057
4000
4056
1370900
4056
4091
4131
4073
4104
1561100
4104
4095
4102
4005
4021
1337800
4021
3995
4089
3926
4071
2205300
4071
4114
4175
4063
4164
2250800
4164
4180
4277
4171
4268
1543000
4268
4293
4293
4216
4230
1242100
4230
4193
4201
4162
4168
984400
4168
4207
4214
4164
4200
908800
4200
4264
4267
4188
4197
1193000
4197
4197
4227
4183
4205
920400
4205
4203
4205
4151
4184
1000700
4184
4145
4173
4104
4109
1247900
4109
4064
4091
4024
4034
1221600
4034
4022
4041
3986
4029
1236500
4029
4024
4046
4016
4036
747300
4036
4030
4043
3994
4017
718100
4017
3960
3962
3917
3926
1460500
3926
3940
4010
3907
3947
2840800
3947
3936
4037
3936
4013
1302200
4013
4063
4095
4038
4068
1031600
4068
4099
4127
4051
4067
985200
4067
4088
4099
4068
4087
970200
4087
4082
4096
4061
4087
1021700
4087
4056
4102
4048
4059
1801800
4059
4053
4065
4029
4032
769400
4032
4081
4099
4042
4066
907100
4066
4104
4107
4050
4084
1388900
4084
4056
4056
3985
3986
1407900
3986
4013
4013
3933
3963
1766100
3963
3956
3997
3944
3969
1085500
3969
3946
3958
3853
3854
1491000
3854
3825
3863
3778
3834
1974100
3834
3786
3823
3755
3756
1691000
3756
3733
3754
3711
3727
1401100
3727
3737
3749
3690
3694
1221900
3694
3664
3724
3641
3716
1341300
3716
3688
3738
3660
3715
1327200
3715
3710
3726
3666
3718
1999600
3718
3735
3797
3719
3776
2402900
3776
3781
3825
3738
3742
1812100
3742
3812
3816
3716
3758
1997100
3758
3758
3809
3740
3797
1462500
3797
3812
3838
3775
3798
1933800
3798
3830
3863
3819
3845
1706300
3845
3845
3885
3845
3874
1011800
3874
3885
3907
3855
3859
1481000
3859
3835
3890
3821
3862
1386600
3862
3885
3914
3858
3860
936200
3860
3889
3901
3868
3890
1074100
3890
3929
3957
3901
3937
1060900
3937
4000
4031
3992
4001
1365900
4001
4010
4018
3976
3976
1189500
3976
4000
4014
3951
3966
1292800
3966
3935
3957
3928
3943
846300
3943
3951
3982
3939
3971
1095900
3971
3985
4036
3983
4007
1060300
4007
4049
4081
4034
4073
1219700
4073
4077
4079
4039
4056
811900
4056
4043
4046
4000
4000
796900
4000
4015
4079
3981
4068
1690200
4068
4040
4084
4036
4046
1150300
4046
4045
4057
3959
3966
938400
3966
3960
3973
3910
3916
919500
3916
3927
3948
3902
3912
771600
3912
3909
3999
3905
3989
899300
3989
4030
4061
3813
3858
2105600
3858
3578
3695
3576
3636
3294400
3636
3616
3627
3503
3508
3046900
3508
3466
3475
3355
3365
2475100
3365
3380
3424
3357
3424
1848600
3424
3437
3457
3390
3420
1482300
3420
3391
3419
3376
3413
1917400
3413
3402
3472
3394
3467
1327500
3467
3462
3482
3437
3467
1111900
3467
3440
3477
3423
3466
1265500
3466
3477
3517
3464
3514
1146900
3514
3541
3543
3502
3521
1062000
3521
3539
3541
3500
3514
1216100
3514
3513
3540
3510
3531
950900
3531
3560
3575
3529
3529
1131300
3529
3493
3503
3443
3446
2102600
3446
3427
3429
3378
3397
2917900
3397
3385
3404
3372
3389
2362200
3389
3370
3378
3275
3285
2520600
3285
3269
3309
3257
3302
1957400
3302
3272
3296
3259
3284
1689200
3284
3280
3310
3256
3256
1630900
3256
3214
3216
3133
3178
2286300
3178
3160
3183
3151
3166
1421300
3166
3170
3203
3163
3168
1991200
3168
3170
3175
3119
3149
1789400
3149
3157
3226
3153
3205
1507100
3205
3250
3263
3200
3259
3787800
3259
3189
3265
3186
3249
3110300
3249
3303
3321
3280
3301
1827500
3301
3283
3290
3234
3257
2547000
3257
3304
3392
3304
3380
3471200
3380
3365
3432
3358
3425
3044700
3425
3400
3414
3363
3396
2162000
3396
3340
3343
3280
3293
2288800
3293
3337
3409
3321
3368
2837000
3368
3367
3390
3355
3375
2243600
3375
3407
3419
3359
3367
2171600
3367
3382
3406
3361
3370
1832400
3370
3375
3391
3342
3356
1967200
3356
3303
3348
3280
3336
1975500
3336
3322
3359
3313
3337
1943200
3337
3344
3363
3319
3356
1547200
3356
3259
3376
3257
3363
3542500
3363
3330
3378
3317
3366
2815700
3366
3324
3344
3286
3336
2178400
3336
3353
3413
3347
3395
2240000
3395
3431
3487
3403
3487
2139400
3487
3510
3518
3422
3430
1582100
3430
3392
3431
3365
3425
1547000
3425
3394
3482
3384
3472
1398200
3472
3392
3409
3245
3250
3502700
3250
3284
3333
3253
3310
2788400
3310
3240
3296
3213
3237
1887700
3237
3270
3290
3220
3268
1857200
3268
3323
3404
3307
3349
1776700
3349
3313
3446
3310
3403
5427100
3403
3421
3456
3350
3409
2240000
3409
3409
3437
3368
3426
1697800
3426
3404
3405
3318
3365
2094200
3365
3346
3374
3304
3360
1361000
3360
3385
3423
3349
3417
1266600
3417
3390
3407
3330
3346
1896700
3346
3390
3585
3380
3555
3146800
3555
3555
3576
3472
3486
2113900
3486
3482
3588
3480
3584
1735700
3584
3507
3507
3425
3456
1859000
3456
3455
3458
3412
3439
2299100
3439
3392
3394
3342
3355
1744900
3355
3366
3459
3365
3431
2109500
3431
3406
3441
3394
3417
1530300
3417
3383
3470
3361
3464
1407800
3464
3420
3454
3419
3436
2235100
3436
3440
3503
3434
3489
1976200
3489
3440
3467
3350
3386
3121900
3386
3366
3504
3356
3488
3042300
3488
3486
3569
3476
3558
2945000
3558
3585
3597
3535
3536
1412700
3536
3569
3603
3546
3575
5113800
3575
3657
3657
3552
3573
1549700
3573
3542
3579
3422
3431
2010500
3431
3400
3471
3382
3453
1237800
3453
3439
3454
3407
3423
1386000
3423
3489
3505
3444
3498
1772400
3498
3444
3478
3409
3417
1222400
3417
3432
3485
3429
3472
1673000
3472
3546
3605
3542
3582
2989500
3582
3588
3676
3581
3638
2069400
3638
3605
3631
3553
3559
2925200
3559
3575
3651
3569
3631
1793100
3631
3629
3636
3593
3602
2217200
3602
3669
3674
3605
3637
2264100
3637
3617
3634
3509
3522
1695700
3522
3522
3537
3431
3448
2356200
3448
3381
3398
3270
3300
1970900
3300
3322
3374
3274
3334
1569400
3334
3426
3552
3414
3512
1892700
3512
3478
3512
3457
3498
1184400
3498
