9680
9720
9630
9710
485300
9710
9760
9770
9690
9710
328400
9710
9820
9840
9750
9790
381500
9790
9700
9720
9640
9650
506900
9650
9600
9620
9520
9550
344100
9550
9500
9500
9340
9370
528100
9370
9400
9540
9370
9470
421200
9470
9490
9580
9490
9520
410400
9520
9480
9540
9450
9500
529100
9500
9490
9500
9340
9360
557400
9360
9390
9430
9350
9370
301100
9370
9380
9440
9380
9430
309200
9430
9460
9500
9440
9490
328300
9490
9430
9490
9400
9420
328700
9420
9410
9430
9340
9360
331300
9360
9390
9420
9270
9270
465700
9270
9300
9370
9300
9300
273600
9300
9260
9290
9160
9170
439000
9170
9210
9310
9130
9130
478100
9130
9200
9260
9160
9250
386400
9250
9230
9270
9150
9160
540700
9160
9010
9070
8900
8900
586200
8900
8660
8700
8500
8670
972100
8670
8770
8950
8580
8580
667200
8580
8350
8390
8130
8140
1375500
8140
8010
8180
7940
8150
879700
8150
8200
8200
8010
8020
619500
8020
8020
8060
7940
8020
786800
8020
8040
8090
7920
7940
488200
7940
7980
8090
7960
8070
373200
8070
8140
8230
8110
8200
362900
8200
8150
8170
8030
8030
421800
8030
8000
8000
7920
7940
623200
7940
7850
7930
7770
7890
695700
7890
7890
7890
7790
7840
480200
7840
7900
7970
7870
7940
265400
7940
7980
7980
7900
7910
352300
7910
7880
7940
7830
7830
458300
7830
7820
7830
7650
7680
639900
7680
7580
7590
7480
7530
607000
7530
7510
7660
7500
7610
408400
7610
7670
7690
7570
7570
430400
7570
7540
7630
7500
7500
470400
7500
7600
7660
7550
7610
470600
7610
7730
7850
7700
7780
903500
7780
7880
7900
7820
7870
530600
7870
7910
8000
7870
7990
355500
7990
8110
8150
7930
7960
646900
7960
7890
7910
7790
7890
362500
7890
7870
7980
7860
7950
455900
7950
7900
7910
7790
7820
380600
7820
7800
7860
7740
7840
313200
7840
7800
7880
7780
7850
367700
7850
7810
7870
7700
7720
683900
7720
7740
7950
7730
7950
527000
7950
7960
8140
7910
8130
713800
8130
7990
8020
7880
7970
476800
7970
8060
8150
8050
8130
443500
8130
8200
8200
8040
8100
399700
8100
8110
8220
8090
8160
404500
8160
8120
8220
8080
8110
491800
8110
8130
8240
8070
8210
430400
8210
8270
8420
8250
8390
644100
8390
8390
8430
8350
8370
535100
8370
8340
8430
8300
8400
501000
8400
8400
8550
8350
8390
533700
8390
8300
8320
8100
8130
575200
8130
8190
8260
8110
8120
462400
8120
8160
8170
8080
8090
361400
8090
8140
8280
8130
8260
398800
8260
8500
8630
8490
8530
817300
8530
8530
8620
8480
8580
562600
8580
8500
8590
8470
8570
390600
8570
8580
8620
8520
8590
327900
8590
8620
8620
8540
8590
241100
8590
8620
8630
8550
8560
329600
8560
8560
8690
8560
8640
532000
8640
8650
8700
8620
8680
321200
8680
8700
8800
8700
8780
368200
8780
8780
8850
8750
8820
338100
8820
8790
8790
8720
8770
245700
8770
8710
8760
8690
8740
273800
8740
8740
8800
8700
8770
354600
8770
8770
8790
8610
8650
368000
8650
8690
8720
8590
8610
461600
8610
8650
8700
8590
8650
555900
8650
8500
8960
8490
8940
771300
8940
9000
9220
8980
9140
891900
9140
9090
9200
9070
9190
405700
9190
9210
9240
9170
9200
325100
9200
9200
9200
9070
9080
390200
9080
9100
9190
9100
9130
229800
9130
9100
9120
9030
9070
193200
9070
9020
9170
9010
9100
324100
9100
9100
9160
9020
9030
358900
9030
9030
9180
9030
9160
251600
9160
9190
9270
9130
9220
356400
9220
9220
9260
9190
9250
292500
9250
9170
9220
9140
9190
369800
9190
9250
9280
9180
9270
444400
9270
9240
9330
9210
9230
353500
9230
9320
9360
9260
9330
344300
9330
9400
9420
9330
9380
287000
9380
9320
9400
9300
9380
299100
9380
9400
9440
9330
9360
377200
9360
9390
9410
9320
9320
474600
9320
9370
9390
9270
9310
291900
9310
9430
9470
9390
9450
443200
9450
9500
9630
9490
9550
507800
9550
9560
9610
9540
9590
415200
9590
9620
9630
9540
9630
531300
9630
9600
9610
9400
9410
314300
9410
9350
9360
9220
9240
486400
9240
9300
9430
9270
9370
562600
9370
9270
9330
9240
9260
429300
9260
9230
9280
9160
9260
329800
9260
9300
9360
9250
9310
295000
9310
9340
9410
9300
9380
407700
9380
9380
9420
9290
9410
270200
9410
9370
9400
9240
9300
331400
9300
9320
9350
9170
9340
345300
9340
9220
9240
8980
8980
382400
8980
9020
9100
8910
8980
428000
8980
8910
9120
8910
9100
320900
9100
9080
9120
8970
9010
327600
9010
9100
9160
9020
9030
323200
9030
9020
9150
8970
9090
209000
9090
9040
9080
8890
8890
332000
8890
8870
8900
8710
8770
333600
8770
8780
8930
8750
8890
371500
8890
8920
9030
8870
9000
301900
9000
9050
9320
9040
9300
460500
9300
9390
9460
9330
9330
735300
9330
9250
9260
9050
9050
481700
9050
9010
9080
8930
9030
466000
9030
9030
9110
9010
9040
361900
9040
8850
8960
8850
8880
449400
8880
8880
8900
8860
8880
384800
8880
8940
8980
8900
8930
397600
8930
8960
8980
8940
8960
308600
8960
8900
8910
8850
8850
248000
8850
8780
8790
8690
8780
498400
8780
8780
8820
8760
8790
282400
8790
8770
8880
8730
8760
269500
8760
8770
8780
8680
8700
371400
8700
8700
8740
8650
8670
280300
8670
8690
8720
8600
8660
423100
8660
7800
7940
7740
7760
1534200
7760
7770
7820
7710
7720
650400
7720
7730
7750
7650
7650
584900
7650
7610
7660
7570
7570
421300
7570
7590
7620
7530
7560
509400
7560
7640
7650
7560
7590
289700
7590
7600
7640
7530
7570
441000
7570
7610
7640
7570
7590
355000
7590
7580
7590
7530
7540
314100
7540
7520
7550
7480
7480
403400
7480
7480
7520
7450
7500
267800
7500
7500
7500
7460
7480
300600
7480
7520
7590
7490
7550
465000
7550
7560
7660
7560
7600
462100
7600
7640
7650
7480
7480
442300
7480
7460
7540
7460
7490
327200
7490
7470
7500
7420
7420
653200
7420
7390
7410
7340
7380
643000
7380
7400
7470
7400
7420
319600
7420
7380
7390
7350
7370
360000
7370
7350
7360
7300
7300
476300
7300
7280
7340
7270
7290
356500
7290
7300
7370
7200
7270
411700
7270
7260
7290
7230
7240
300900
7240
7220
7300
7220
7280
279600
7280
7270
7310
7240
7310
225200
7310
7340
7460
7330
7360
337500
7360
7360
7360
7170
7170
834800
7170
7210
7470
7210
7450
456600
7450
7510
7560
7450
7450
467400
7450
7460
7480
7390
7410
496800
7410
7480
7600
7440
7580
737500
7580
7570
7690
7480
7680
733700
7680
7630
7690
7540
7670
476500
7670
7650
7660
7550
7560
416700
7560
7640
7700
7580
7630
419600
7630
7700
7730
7650
7680
296000
7680
7760
7790
7720
7770
539200
7770
7790
7820
7700
7750
358400
7750
7740
7760
7620
7670
547900
7670
7700
7770
7680
7740
384400
7740
7690
7690
7570
7620
471900
7620
7640
7750
7630
7700
324400
7700
7530
7590
7510
7550
436100
7550
7500
7550
7460
7530
478700
7530
7530
7530
7400
7400
323100
7400
7380
7460
7350
7460
338400
7460
7500
7630
7500
7610
276000
7610
7590
7590
7530
7550
303700
7550
7520
7530
7430
7510
250700
7510
7550
7650
7510
7620
261400
7620
7490
7490
7350
7360
421200
7360
7440
7550
7390
7510
365800
7510
7410
7460
7350
7380
430800
7380
7400
7450
7330
7360
445300
7360
7380
7500
7370
7410
281400
7410
7410
7520
7390
7440
1168700
7440
7440
7530
7410
7500
509300
7500
7520
7620
7500
7520
316200
7520
7520
7560
7390
7550
523000
7550
7520
7530
7440
7500
282700
7500
7520
7700
7500
7690
314000
7690
7720
7760
7630
7710
623300
7710
8110
8560
8110
8360
1837300
8360
8430
8770
8410
8610
1256700
8610
8590
8720
8470
8710
425900
8710
8570
8570
8430
8540
465500
8540
8580
8640
8540
8590
359900
8590
8600
8650
8510
8650
394600
8650
8670
8730
8610
8710
438500
8710
8700
8700
8590
8680
250800
8680
8690
8790
8660
8760
500800
8760
8830
8970
8780
8970
666500
8970
8980
9040
8970
9040
454000
9040
9070
9090
8980
9050
436000
9050
9090
9170
9070
9150
420400
9150
9200
9240
9080
9090
464900
9090
9110
9110
8840
8850
567500
8850
8890
9000
8820
8930
745500
8930
8940
9050
8920
8990
311900
8990
9020
9060
8910
8920
321000
8920
8850
8970
8760
8940
354300
8940
8910
8950
8750
8790
344800
8790
8750
9000
8720
8990
387900
8990
8840
8860
8670
8720
323200
8720
8780
8830
8700
8760
369600
8760
8830
8940
8800
8920
395800
8920
8950
8960
8840
8950
368300
8950
8910
9000
8830
8830
634100
8830
8880
9000
8880
8990
449300
8990
8990
9040
8790
8840
634100
8840
8930
9000
8860
8960
544900
8960
9000
9040
8770
8850
616800
8850
8900
8910
8660
8740
590900
8740
8610
8630
8320
8430
557600
8430
8490
8670
8420
8560
574900
8560
8710
9000
8690
8970
685300
8970
8980
8990
8840
8960
447700
8960
