2761
2763
2734
2756
1650000
5512
2766
2769
2737
2747
1806000
5494
2761
2790
2755
2774
1584000
5548
2785
2785
2754
2756
1133000
5512
2745
2760
2730
2734
1261000
5468
2723
2725
2661
2663
2555000
5326
2663
2670
2659
2661
1101000
5322
2666
2682
2665
2676
796000
5352
2675
2681
2666
2672
1289000
5344
2680
2705
2654
2659
1962000
5318
2660
2668
2635
2638
1702000
5276
2638
2663
2637
2641
1097000
5282
2660
2685
2652
2666
1262000
5332
2665
2681
2652
2661
1473000
5322
2657
2659
2636
2636
1648000
5272
2643
2650
2628
2632
1488000
5264
2631
2640
2611
2615
1405000
5230
2613
2622
2607
2610
1429000
5220
2633
2659
2622
2622
1830000
5244
2645
2647
2627
2641
1105000
5282
2626
2698
2625
2679
2397000
5358
2641
2657
2621
2630
2183000
5260
2547
2553
2465
2487
3621000
4974
2511
2542
2453
2453
2903000
4906
2453
2460
2422
2432
1988000
4864
2382
2408
2360
2405
2131000
4810
2430
2443
2394
2398
1357000
4796
2395
2402
2358
2373
1369000
4746
2370
2372
2317
2321
2340000
4642
2320
2375
2317
2364
2036000
4728
2385
2413
2376
2402
944000
4804
2403
2405
2388
2394
739000
4788
2399
2449
2394
2439
1656000
4878
2420
2431
2401
2425
1365000
4850
2411
2426
2406
2419
855000
4838
2430
2454
2429
2435
834000
4870
2450
2452
2426
2433
1000000
4866
2424
2438
2405
2405
1353000
4810
2400
2400
2340
2352
1549000
4704
2316
2322
2268
2276
1985000
4552
2276
2294
2265
2279
1029000
4558
2318
2331
2282
2286
1104000
4572
2279
2279
2239
2250
2179000
4500
2279
2285
2266
2282
1336000
4564
2275
2298
2250
2263
2304000
4526
2288
2288
2252
2264
1034000
4528
2265
2274
2257
2271
967000
4542
2261
2264
2240
2243
1108000
4486
2233
2233
2187
2229
2000000
4458
2234
2242
2220
2223
1633000
4446
2211
2213
2173
2182
1350000
4364
2205
2209
2186
2206
1482000
4412
2206
2210
2175
2181
1259000
4362
2156
2167
2145
2152
1973000
4304
2153
2184
2142
2183
1307000
4366
2191
2256
2190
2256
1619000
4512
4365
4385
4300
4340
691300
4340
4375
4435
4300
4345
723400
4345
4320
4380
4295
4360
484900
4360
4365
4400
4355
4365
284400
4365
4320
4400
4305
4385
516500
4385
4410
4495
4395
4480
633900
4480
4530
4635
4530
4600
755100
4600
4605
4620
4520
4535
549900
4535
4565
4680
4555
4665
613200
4665
4665
4695
4595
4620
973500
4620
4640
4640
4570
4570
379000
4570
4570
4595
4470
4505
510600
4505
4535
4535
4475
4500
388700
4500
4590
4655
4585
4645
502400
4645
4665
4725
4665
4720
592100
4720
4725
4785
4695
4740
710500
4740
4745
4830
4745
4810
708200
4810
4775
4780
4715
4750
781600
4750
4770
4770
4715
4730
325700
4730
4760
4785
4710
4730
387000
4730
4730
4765
4710
4760
435200
4760
4765
4785
4725
4775
471900
4775
4760
4790
4710
4785
547300
4785
4750
4785
4705
4780
399700
4780
4755
4760
4715
4725
461600
4725
4745
4775
4715
4765
400300
4765
4765
4795
4745
4770
372000
4770
4750
4785
4665
4675
496500
4675
4675
4710
4665
4695
336200
4695
4475
4535
4390
4470
1251200
4470
4470
4555
4465
4545
519800
4545
4590
4715
4580
4665
708600
4665
4640
4670
4615
4630
351800
4630
4630
4695
4625
4665
375600
4665
4695
4695
4660
4670
387700
4670
4660
4670
4610
4615
318900
4615
4615
4615
4565
4585
401900
4585
4570
4580
4520
4545
458700
4545
4515
4540
4450
4470
753600
4470
4475
4510
4455
4475
524400
4475
4470
4490
4415
4490
384700
4490
4425
4490
4420
4480
459600
4480
4460
4500
4435
4500
656300
4500
4475
4480
4385
4475
2319100
4475
4435
4520
4420
4490
776400
4490
4490
4515
4455
4455
538300
4455
4450
4485
4425
4480
450800
4480
4445
4490
4425
4475
546700
4475
4450
4455
4395
4415
640000
4415
4405
4480
4400
4455
677000
4455
4465
4470
4440
4445
330600
4445
4475
4490
4440
4470
468100
4470
4475
4540
4465
4505
347200
4505
4505
4530
4485
4485
284100
4485
4540
4540
4485
4535
436900
4535
4520
4525
4415
4430
446600
4430
4410
4415
4340
4375
538100
4375
4375
4410
4330
4410
557200
4410
4395
4425
4380
4410
408400
4410
4390
4400
4335
4365
381000
4365
4360
4400
4335
4395
338600
4395
4395
4515
4380
4490
505300
4490
4460
4460
4360
4405
540600
4405
4385
4390
4335
4380
421400
4380
4400
4485
4390
4475
522300
4475
4460
4475
4320
4325
448000
4325
4350
4360
4205
4250
626500
4250
4205
4310
4200
4305
350800
4305
4315
4330
4250
4280
427200
4280
4280
4340
4260
4285
465100
4285
4280
4325
4260
4295
335000
4295
4340
4340
4260
4260
366700
4260
4225
4240
4100
4135
678100
4135
4140
4180
4135
4150
516800
4150
4160
4225
4155
4210
511400
4210
4240
4325
4230
4310
363300
4310
4350
4370
4300
4305
236800
4305
4285
4290
4245
4265
291600
4265
4300
4340
4265
4305
593600
4305
4290
4305
4270
4295
269200
4295
4305
4310
4240
4250
234500
4250
4270
4285
4230
4240
299400
4240
4285
4320
4280
4310
323400
4310
4330
4330
4285
4320
308200
4320
4320
4330
4280
4295
340900
4295
4310
4525
4310
4440
1092400
4440
4310
4315
4170
4225
711000
4225
4220
4255
4145
4160
727300
4160
4160
4175
4125
4140
391700
4140
4160
4165
4130
4135
227000
4135
4130
4180
4130
4165
236800
4165
4160
4185
4135
4140
361500
4140
4145
4150
4120
4130
273800
4130
4155
4160
4070
4075
598400
4075
4050
4050
3980
3985
492700
3985
4010
4040
3980
4040
428500
4040
4075
4120
4030
4035
455300
4035
4010
4050
3970
4030
460800
4030
4060
4085
4040
4065
212500
4065
4080
4090
4025
4030
263700
4030
4040
4055
4005
4040
292800
4040
4005
4015
3980
3990
370600
3990
4020
4035
4005
4015
252200
4015
4040
4085
4035
4070
229800
4070
4100
4100
4060
4060
172400
4060
4050
4060
4005
4020
322000
4020
4020
4075
4020
4045
285300
4045
4115
4145
4105
4130
544100
4130
4075
4085
4020
4055
449400
4055
4060
4080
4050
4070
184400
4070
4055
4060
4030
4030
330300
4030
4015
4030
3990
4005
360900
4005
4000
4030
3980
3980
412600
3980
3955
3965
3910
3945
448500
3945
3840
3845
3730
3825
782700
3825
3850
3880
3825
3840
395800
3840
3860
3875
3805
3870
368500
3870
3870
3910
3850
3880
304000
3880
3885
3910
3855
3860
701600
3860
3905
4045
3890
4035
469500
4035
4045
4075
4025
4050
453600
4050
4070
4075
4020
4050
458700
4050
4095
4180
4075
4150
685200
4150
4150
4195
4125
4180
623000
4180
4150
4185
4120
4180
380600
4180
4170
4200
4150
4165
372400
4165
4195
4255
4165
4195
558200
4195
4190
4210
4155
4165
347300
4165
4160
4240
4140
4225
508600
4225
4195
4220
4165
4185
319500
4185
4175
4205
4140
4175
509500
4175
4170
4190
4125
4165
444200
4165
4150
4185
4105
4160
469200
4160
4190
4215
4155
4165
299100
4165
4095
4140
4065
4120
589500
4120
4065
4130
4050
4120
654700
4120
4105
4120
4055
4060
357500
4060
4005
4025
3950
4000
522800
4000
4020
4055
3985
4050
438400
4050
4050
4085
4035
4065
275200
4065
4020
4075
4015
4060
336400
4060
4100
4155
4065
4140
270300
4140
4100
4100
3985
3995
494800
3995
4050
4095
4000
4080
455200
4080
4015
4045
3975
3990
440100
3990
4000
4040
3980
4020
476900
4020
4000
4060
3730
3860
1141500
3860
3790
3835
3735
3765
806100
3765
3720
3915
3655
3900
1114300
3900
3920
3985
3870
3885
465500
3885
3865
3935
3825
3915
624800
3915
3900
3930
3885
3915
354700
3915
3930
4030
3930
4020
387400
4020
4035
4135
4030
4075
543000
4075
4130
4170
4115
4165
407900
4165
4180
4230
4135
4140
507100
4140
4135
4245
4135
4245
352000
4245
4175
4180
4070
4150
471600
4150
4150
4180
4130
4160
296000
4160
4095
4135
4070
4130
354100
4130
4120
4180
4110
4165
405400
4165
4180
4190
4140
4175
205800
4175
4170
4200
4135
4200
312100
4200
4175
4185
4110
4130
372700
4130
4145
4200
4135
4195
356900
4195
4195
4285
4190
4250
606700
4250
4285
4285
4210
4250
337100
4250
4280
4280
4230
4260
316700
4260
4300
4305
4175
4195
358100
4195
4235
4270
4170
4210
1228800
4210
4210
4255
4210
4235
304100
4235
4220
4220
4150
4155
372200
4155
4100
4205
4095
4205
322500
4205
4205
4215
4115
4150
488700
4150
4125
4185
4050
4170
495800
4170
4125
4125
4045
4065
378900
4065
4065
4100
4035
4045
422400
4045
4090
4140
4065
4135
541000
4135
4125
4195
4110
4185
374600
4185
4150
4220
4140
4150
845000
4150
4255
4370
4255
4335
1170600
4335
4335
4380
4300
4355
785500
4355
4305
4330
4215
4260
794900
4260
4245
4295
4205
4245
639500
4245
4205
4220
4065
4100
662900
4100
3990
4015
3890
3890
650000
3890
3880
3955
3835
3890
609200
3890
3960
4115
3935
4085
586100
4085
4060
4165
4060
4135
503500
4135
