2345
2382
2331
2365
2738800
2365
2379
2405
2368
2390
1858500
2390
2405
2418
2385
2400
1896200
2400
2410
2416
2382
2397
1287200
2397
2380
2403
2371
2396
1237600
2396
2390
2414
2388
2402
1649400
2402
2412
2427
2393
2404
1512900
2404
2400
2408
2374
2387
1889200
2387
2371
2383
2331
2377
1333700
2377
2391
2410
2358
2363
2500300
2363
2380
2417
2370
2397
1962800
2397
2394
2410
2388
2400
777900
2400
2410
2441
2401
2431
1988200
2431
2433
2452
2425
2433
1253900
2433
2430
2448
2415
2429
1357600
2429
2433
2440
2421
2426
917600
2426
2430
2438
2406
2415
1076100
2415
2391
2394
2366
2390
2553000
2390
2374
2387
2359
2363
1877000
2363
2368
2453
2358
2395
4261600
2395
2391
2424
2387
2401
1565700
2401
2351
2370
2330
2361
1752800
2361
2267
2279
2176
2228
4399300
2228
2280
2291
2203
2208
2417700
2208
2186
2205
2153
2195
3242700
2195
1967
2020
1963
1996
7199400
1996
2001
2005
1925
1945
5382400
1945
1893
1906
1808
1829
7565500
1829
1850
1853
1824
1835
3564900
1835
1847
1919
1845
1897
3856600
1897
1900
1940
1900
1930
2107700
1930
1940
1941
1920
1936
1880000
1936
1924
1928
1898
1923
2444900
1923
1900
1926
1884
1911
1923500
1911
1911
1950
1908
1933
2104500
1933
1956
1974
1949
1956
1678300
1956
1970
1975
1944
1964
1636900
1964
1959
1983
1953
1955
2097600
1955
1945
1954
1934
1943
2138500
1943
1911
1939
1905
1925
2385000
1925
1918
1922
1890
1901
2554300
1901
1922
1927
1902
1905
2005700
1905
1898
1911
1880
1883
2288800
1883
1893
1914
1873
1903
1697400
1903
1903
1950
1903
1924
2625400
1924
1945
1947
1923
1939
1401800
1939
1945
1988
1942
1979
2360700
1979
1979
1988
1951
1973
1935000
1973
1984
1987
1943
1966
1495800
1966
1972
1978
1957
1966
1246000
1966
1953
1957
1922
1940
1217400
1940
1932
1979
1926
1969
1373400
1969
1950
1950
1906
1929
2322500
1929
1880
1908
1878
1885
2090400
1885
1877
1909
1866
1909
1987500
1909
1939
1944
1920
1929
2037800
1929
1884
1907
1878
1904
1472600
1904
1922
1936
1901
1918
1606400
1918
1935
1938
1898
1920
1461100
1920
1929
1966
1926
1933
1584100
1933
1919
1942
1917
1934
1752300
1934
1942
1962
1926
1952
2359900
1952
1987
2048
1985
2023
3930900
2023
2023
2030
1989
2013
2342100
2013
2019
2045
2007
2043
1865600
2043
2050
2058
1976
2013
3134500
2013
2007
2039
2001
2004
1475800
2004
2005
2038
2003
2007
1441000
2007
2015
2030
1999
2018
1805900
2018
2020
2044
2014
2029
1241300
2029
2021
2058
2013
2054
1869900
2054
2074
2117
2065
2091
2059400
2091
2100
2111
2072
2077
1749300
2077
2098
2114
2081
2091
1547200
2091
2110
2126
2101
2112
1744100
2112
2120
2121
2083
2109
1542200
2109
2101
2135
2098
2132
1419800
2132
2127
2141
2120
2128
728000
2128
2099
2099
2006
2085
2616600
2085
2073
2125
2053
2116
1339200
2116
2138
2148
2122
2126
1180500
2126
2140
2148
2125
2142
890100
2142
2140
2173
2131
2157
1087400
2157
2166
2192
2156
2172
1385300
2172
2160
2188
2139
2178
1489400
2178
2005
2123
1963
2104
5309200
2104
2051
2139
2047
2133
1914000
2133
2120
2171
2117
2168
2362500
2168
2162
2196
2142
2174
1604400
2174
2164
2169
2135
2163
1301900
2163
2142
2163
2116
2160
1283900
2160
2168
2187
2165
2170
1009700
2170
2151
2167
2135
2151
877400
2151
2148
2170
2123
2141
1227600
2141
2144
2147
2115
2120
1263400
2120
2100
2128
2084
2114
1130100
2114
2114
2123
2102
2108
720500
2108
2100
2120
2087
2097
850200
2097
2083
2110
2068
2100
1916300
2100
2115
2124
2086
2094
1422500
2094
2076
2110
2073
2079
1089100
2079
2091
2096
2076
2080
785600
2080
2073
2085
2059
2075
1091500
2075
2065
2084
2064
2072
1053100
2072
2061
2081
2054
2070
1489100
2070
2070
2133
2067
2107
2411300
2107
2099
2105
2074
2103
920800
2103
2115
2135
2113
2127
1287600
2127
2140
2149
2127
2128
671000
2128
2130
2163
2118
2144
1181000
2144
2170
2179
2132
2134
1239900
2134
2120
2128
2075
2100
939200
2100
2093
2097
2067
2073
1051500
2073
2058
2105
2052
2099
1137700
2099
2097
2113
2084
2099
854500
2099
2084
2106
2077
2088
948800
2088
2070
2087
2061
2067
1009200
2067
2044
2061
2019
2055
976500
2055
2065
2074
2050
2058
772100
2058
2048
2092
2032
2081
1565700
2081
2081
2081
2044
2077
1079100
2077
2084
2110
2056
2056
778200
2056
2062
2074
2030
2053
970600
2053
2041
2048
2026
2042
866400
2042
2026
2034
1998
2031
1759100
2031
2026
2061
2001
2055
1311800
2055
2057
2098
2055
2085
1165300
2085
2098
2112
2071
2071
991800
2071
2052
2069
2036
2065
1261500
2065
2080
2105
2062
2068
1248100
2068
2083
2105
2071
2103
1010000
2103
2125
2166
2122
2143
1764300
2143
2160
2165
2140
2149
803600
2149
2152
2159
2141
2154
650900
2154
2144
2161
2142
2154
716200
2154
2155
2172
2142
2147
1091900
2147
2158
2162
2136
2148
913900
2148
2133
2151
2126
2137
725200
2137
2123
2136
2110
2129
922900
2129
2120
2130
2113
2120
836100
2120
2110
2118
2101
2105
791300
2105
2080
2108
2068
2105
1274500
2105
2100
2133
2097
2110
1171600
2110
2108
2123
2104
2106
760000
2106
2091
2100
2038
2048
1872300
2048
2048
2053
2025
2047
830600
2047
2047
2066
2035
2066
746900
2066
2056
2065
2040
2045
1253800
2045
2033
2033
1992
2001
1899100
2001
1996
2012
1963
1992
2352600
1992
1983
1989
1917
1924
1811700
1924
1900
1906
1876
1896
1594200
1896
1890
1890
1846
1871
1793400
1871
1845
1873
1834
1867
1284200
1867
1857
1876
1851
1875
776000
1875
1870
1882
1859
1871
688600
1871
1844
1864
1835
1862
973500
1862
1848
1875
1837
1873
837500
1873
1873
1890
1869
1870
664200
1870
1876
1894
1873
1889
775100
1889
1900
1923
1896
1912
963700
1912
1907
1927
1890
1898
989000
1898
1906
1933
1906
1918
1096100
1918
1934
1934
1911
1921
906000
1921
1915
1926
1906
1922
755700
1922
1934
1946
1908
1916
911400
1916
1914
1925
1902
1911
643900
1911
1917
1932
1911
1924
844100
1924
1899
1901
1849
1878
1704200
1878
1858
1882
1855
1874
925700
1874
1882
1886
1859
1865
681800
1865
1859
1862
1844
1855
883500
1855
1867
1887
1845
1851
797000
1851
1846
1873
1842
1859
653800
1859
1880
1896
1859
1878
1531100
1878
1877
1917
1875
1897
985300
1897
1932
1941
1914
1919
895600
1919
1906
1931
1894
1925
1161900
1925
1940
1961
1936
1954
1715600
1954
1948
1967
1944
1948
1113500
1948
1935
1985
1935
1973
1409200
1973
1980
2022
1975
1978
1855600
1978
1979
2008
1974
2007
1353600
2007
2025
2054
2016
2025
1563800
2025
2038
2041
2010
2019
1164700
2019
2014
2021
1979
1994
1545000
1994
2018
2024
1985
2000
1615600
2000
1976
1994
1958
1985
1002700
1985
1973
1975
1936
1947
1086900
1947
1952
1977
1938
1953
844200
1953
1880
1906
1860
1900
1776000
1900
1878
1910
1874
1897
1382100
1897
1900
1927
1893
1910
1347800
1910
1890
1922
1883
1921
1323300
1921
1944
1951
1928
1935
1030200
1935
1934
1963
1916
1927
1090000
1927
1911
1950
1907
1947
1649000
1947
1941
1942
1918
1933
822200
1933
1927
1937
1906
1924
806300
1924
1948
1956
1934
1942
1128400
1942
1886
1891
1852
1869
1827600
1869
1869
1887
1838
1854
1288200
1854
1866
1872
1826
1840
1514400
1840
1820
1852
1817
1848
1108300
1848
1860
1897
1855
1884
1328600
1884
1900
1929
1900
1915
1390400
1915
1914
1949
1906
1945
1142100
1945
1923
1972
1920
1942
1099300
1942
1951
1965
1939
1951
626500
1951
2021
2136
2018
2062
5776400
2062
2092
2111
2071
2091
2544800
2091
2130
2244
2123
2150
4479000
2150
2104
2158
2104
2143
1543100
2143
2093
2152
2072
2140
2218000
2140
2123
2159
2117
2143
2209600
2143
2136
2171
2125
2164
1066200
2164
2158
2191
2149
2152
1323600
2152
2138
2149
2108
2117
1954300
2117
2087
2114
2073
2103
1085300
2103
2077
2114
2070
2110
781400
2110
2115
2124
2101
2118
868300
2118
2106
2139
2104
2117
982400
2117
2120
2148
2115
2125
1024300
2125
2130
2141
2088
2114
1683300
2114
2127
2161
2121
2149
1407500
2149
2152
2156
2104
2106
1730300
2106
2141
2150
2111
2127
1021700
2127
2129
2137
2092
2105
1244400
2105
2083
2089
2057
2080
1325900
2080
2080
2085
2038
2063
1225300
2063
2073
2090
2062
2069
1225200
2069
2044
2050
2019
2041
920100
2041
2027
2031
1995
2015
1486300
2015
2017
2038
2011
2025
1781200
2025
2037
2064
2032
2041
1154000
2041
2032
2056
1995
2010
1483300
2010
2015
2025
1997
2004
880000
2004
1968
1977
1932
1961
1278300
1961
1950
1955
1933
1937
1082800
1937
1911
1930
1888
1899
1186200
1899
1850
1880
1833
1850
1552600
1850
1785
1794
1756
1786
1579400
1786
1794
1814
1751
1777
1067100
1777
1823
1836
1805
1818
1182500
1818
1820
1839
1807
1834
1103900
1834
