1312
1347
1310
1347
770200
1347
1352
1370
1329
1367
821900
1367
1370
1370
1320
1337
912600
1337
1351
1352
1337
1339
566500
1339
1346
1367
1334
1342
755900
1342
1338
1342
1316
1321
1035700
1321
1318
1335
1312
1320
653100
1320
1337
1343
1330
1333
508200
1333
1328
1354
1327
1340
724000
1340
1357
1366
1329
1334
1046300
1334
1346
1382
1343
1380
1216000
1380
1381
1407
1367
1384
820100
1384
1385
1410
1385
1405
606600
1405
1407
1430
1404
1428
770200
1428
1428
1439
1398
1406
963000
1406
1420
1431
1398
1402
849300
1402
1402
1415
1387
1391
752800
1391
1383
1387
1352
1367
2002300
1367
1307
1372
1306
1342
1492800
1342
1355
1387
1347
1385
846000
1385
1370
1385
1357
1377
620800
1377
1357
1365
1329
1330
714600
1330
1270
1275
1214
1239
1553900
1239
1262
1300
1249
1252
1421500
1252
1250
1279
1249
1274
674000
1274
1248
1256
1231
1242
1322200
1242
1256
1263
1235
1237
892600
1237
1230
1261
1229
1258
1279200
1258
1285
1303
1272
1300
1012400
1300
1304
1322
1295
1316
561700
1316
1323
1342
1318
1340
528000
1340
1336
1340
1319
1322
495700
1322
1322
1347
1320
1335
667500
1335
1318
1324
1306
1321
564500
1321
1323
1328
1308
1314
390400
1314
1330
1345
1326
1335
499200
1335
1349
1351
1323
1337
604300
1337
1332
1340
1317
1318
606900
1318
1319
1320
1283
1293
786400
1293
1253
1265
1246
1250
1011000
1250
1246
1263
1238
1245
424300
1245
1256
1272
1253
1268
475300
1268
1256
1268
1247
1252
874300
1252
1252
1259
1228
1251
1195000
1251
1262
1290
1251
1262
1375600
1262
1291
1295
1259
1268
431700
1268
1257
1274
1255
1271
404200
1271
1252
1272
1252
1261
473500
1261
1255
1268
1245
1262
322300
1262
1266
1266
1246
1251
520700
1251
1240
1245
1230
1241
641000
1241
1227
1229
1209
1218
528900
1218
1218
1232
1207
1227
807000
1227
1198
1205
1169
1172
1486900
1172
1159
1172
1152
1172
737500
1172
1175
1196
1175
1194
911200
1194
1162
1173
1157
1167
651700
1167
1181
1192
1163
1171
640400
1171
1182
1186
1165
1181
687100
1181
1178
1185
1166
1167
521300
1167
1152
1163
1147
1160
772600
1160
1166
1189
1162
1186
776900
1186
1196
1212
1188
1209
656400
1209
1203
1230
1202
1221
996500
1221
1217
1240
1216
1238
629300
1238
1258
1278
1229
1258
1355900
1258
1259
1259
1220
1227
588700
1227
1228
1235
1219
1220
672000
1220
1225
1233
1218
1225
608900
1225
1227
1246
1227
1244
370000
1244
1243
1249
1239
1244
437600
1244
1255
1277
1251
1274
580900
1274
1272
1276
1263
1275
548600
1275
1277
1290
1272
1287
793000
1287
1287
1287
1260
1280
528300
1280
1288
1288
1267
1276
487100
1276
1269
1289
1264
1287
508200
1287
1288
1297
1281
1292
580200
1292
1309
1325
1300
1322
717200
1322
1319
1323
1301
1322
619200
1322
1326
1329
1310
1319
449700
1319
1310
1320
1303
1319
485200
1319
1313
1327
1310
1321
540700
1321
1329
1330
1288
1292
706900
1292
1292
1312
1289
1311
583300
1311
1310
1320
1266
1295
1156000
1295
1475
1478
1346
1429
2225900
1429
1420
1456
1408
1431
1065500
1431
1422
1430
1407
1415
556000
1415
1415
1447
1413
1443
809800
1443
1450
1450
1372
1376
1766400
1376
1376
1385
1353
1355
873900
1355
1350
1350
1323
1341
834500
1341
1341
1350
1321
1329
649900
1329
1324
1333
1308
1323
695500
1323
1310
1324
1301
1321
595300
1321
1308
1319
1294
1305
538800
1305
1300
1309
1292
1300
435700
1300
1290
1291
1265
1275
746700
1275
1290
1301
1277
1295
1132500
1295
1288
1317
1281
1304
827800
1304
1310
1320
1307
1318
539800
1318
1325
1332
1315
1324
450000
1324
1324
1336
1316
1331
480500
1331
1338
1358
1332
1356
763200
1356
1370
1408
1362
1387
1617400
1387
1397
1427
1386
1425
956600
1425
1435
1481
1428
1474
1087700
1474
1474
1483
1454
1458
671400
1458
1454
1456
1431
1443
604300
1443
1457
1468
1443
1460
546400
1460
1464
1485
1461
1484
652000
1484
1469
1476
1455
1455
640700
1455
1450
1482
1443
1480
569100
1480
1469
1492
1467
1485
489000
1485
1483
1487
1467
1482
458200
1482
1489
1489
1466
1470
488000
1470
1456
1484
1453
1481
496500
1481
1485
1498
1472
1490
453600
1490
1481
1482
1457
1477
572900
1477
1476
1484
1455
1464
708300
1464
1465
1465
1396
1400
691200
1400
1403
1428
1375
1387
752400
1387
1373
1399
1367
1393
522300
1393
1395
1403
1365
1376
644500
1376
1382
1400
1369
1374
671300
1374
1368
1395
1362
1379
503100
1379
1378
1384
1357
1359
646700
1359
1348
1351
1324
1335
694300
1335
1330
1344
1311
1313
872000
1313
1332
1342
1307
1331
982900
1331
1327
1370
1327
1361
773600
1361
1366
1376
1324
1330
1150800
1330
1325
1325
1300
1304
798800
1304
1300
1311
1285
1305
906500
1305
1297
1310
1294
1304
826100
1304
1317
1318
1293
1313
685600
1313
1332
1332
1315
1323
581400
1323
1338
1342
1320
1326
637400
1326
1319
1319
1297
1312
720800
1312
1299
1313
1290
1306
747800
1306
1299
1306
1282
1303
812000
1303
1333
1333
1195
1200
2771600
1200
1199
1211
1172
1177
1167200
1177
1175
1179
1140
1147
1494300
1147
1141
1142
1115
1135
1599800
1135
1124
1128
1095
1114
1667300
1114
1106
1116
1094
1096
1206400
1096
1104
1116
1090
1110
1093300
1110
1118
1134
1110
1124
1945700
1124
1126
1128
1074
1079
1418500
1079
1084
1103
1081
1103
1325300
1103
1106
1118
1090
1097
809100
1097
1096
1119
1084
1116
1316800
1116
1108
1118
1102
1115
829500
1115
1126
1135
1112
1113
598200
1113
1105
1116
1088
1115
632200
1115
1116
1127
1114
1127
641300
1127
1130
1138
1120
1136
620700
1136
1140
1157
1136
1157
638600
1157
1157
1157
1141
1146
639400
1146
1150
1159
1132
1132
900200
1132
1123
1139
1121
1134
841100
1134
1142
1150
1132
1132
1409900
1132
1124
1128
1094
1102
1816200
1102
1098
1135
1093
1119
2138000
1119
1132
1138
1120
1125
1425900
1125
1126
1132
1109
1115
1571700
1115
1385
1396
1270
1295
11023200
1295
1283
1323
1256
1313
4447300
1313
1295
1323
1282
1319
1554500
1319
1320
1359
1316
1357
1671100
1357
1371
1423
1360
1422
2279800
1422
1422
1475
1411
1472
2256300
1472
1491
1497
1437
1460
3004400
1460
1462
1489
1461
1484
1266500
1484
1495
1561
1491
1522
1651500
1522
1522
1542
1509
1536
1372300
1536
1550
1570
1537
1562
1459900
1562
1564
1604
1564
1590
1280300
1590
1597
1639
1585
1625
1347700
1625
1620
1643
1605
1615
1244600
1615
1637
1674
1631
1670
2001800
1670
1690
1719
1684
1708
1434200
1708
1719
1730
1682
1710
1604400
1710
1711
1724
1696
1718
1023900
1718
1716
1729
1694
1705
1187000
1705
1690
1759
1687
1737
1236400
1737
1714
1777
1703
1763
1717300
1763
1775
1775
1735
1744
1071600
1744
1699
1714
1666
1692
1732300
1692
1667
1707
1649
1667
2024400
1667
1650
1682
1645
1668
1191900
1668
1660
1684
1650
1682
1111300
1682
1700
1746
1687
1709
1256000
1709
1697
1714
1634
1634
1509100
1634
1625
1659
1603
1646
1798900
1646
1648
1687
1632
1673
733000
1673
1645
1663
1634
1643
953500
1643
1681
1694
1660
1683
1053600
1683
1648
1659
1603
1607
1263100
1607
1613
1617
1562
1568
1545300
1568
1556
1587
1550
1560
947500
1560
1549
1598
1544
1588
869700
1588
1591
1621
1580
1585
1321300
1585
1569
1632
1566
1611
777700
1611
1622
1642
1577
1615
1171400
1615
1587
1608
1556
1561
1063100
1561
1576
1627
1562
1619
1282100
1619
1501
1538
1398
1402
2643700
1402
1418
1435
1402
1423
1079700
1423
1424
1463
1411
1435
1387700
1435
1432
1465
1412
1434
734300
1434
1410
1416
1390
1409
810600
1409
1394
1418
1390
1416
751800
1416
1390
1429
1385
1420
721000
1420
1409
1420
1400
1409
564000
1409
1409
1426
1408
1413
430700
1413
1401
1407
1391
1402
398700
1402
1380
1389
1359
1370
626300
1370
1374
1403
1363
1400
671700
1400
1400
1413
1386
1397
644600
1397
1427
1427
1400
1408
576700
1408
1413
1428
1390
1426
622100
1426
1435
1449
1424
1429
702200
1429
1434
1449
1419
1447
1327600
1447
1467
1471
1440
1449
686900
1449
1452
1457
1420
1423
720900
1423
1410
1437
1397
1431
670300
1431
1428
1432
1388
1404
664700
1404
1387
1429
1381
1429
592100
1429
1393
1402
1371
1381
712200
1381
1371
1391
1363
1371
701600
1371
1377
1432
1377
1430
756100
1430
1443
1482
1439
1474
728300
1474
1455
1475
1423
1425
1438800
1425
1430
1455
1408
1451
495200
1451
1436
1442
1401
1404
588500
1404
1397
1404
1359
1387
693400
1387
1377
1405
1335
1351
775600
1351
1373
1375
1330
1338
943000
1338
1291
1294
1260
1284
832000
1284
1284
1327
1268
1300
801300
1300
1330
1378
1310
1366
1132400
1366
1356
1366
1326
1338
726900
1338
