351
355
351
355
13069400
355
360
362
356
358
9321700
358
361
363
354
355
17665000
355
357
360
356
360
9679900
360
359
367
358
367
15135100
367
371
374
367
369
14127900
369
374
377
372
373
7760100
373
375
376
372
373
5562700
373
370
372
368
369
7325500
369
371
371
360
360
15570900
360
362
365
361
364
7878000
364
362
368
361
362
7245400
362
365
365
362
363
5462200
363
363
366
360
363
10214000
363
362
365
359
363
12861000
363
363
366
359
362
8703600
362
362
364
359
362
6463100
362
361
362
355
356
9421600
356
352
360
351
352
12838500
352
353
358
352
357
5574200
357
357
369
357
366
18422500
366
362
363
356
356
11181700
356
343
345
336
342
20766900
342
355
356
341
341
13458100
341
343
345
341
343
11345300
343
336
341
334
341
15136700
341
345
346
334
334
13786300
334
336
340
334
335
13527000
335
337
339
333
338
11709000
338
340
342
338
338
9299500
338
340
348
339
347
7704800
347
345
347
343
346
8822400
346
347
349
343
344
11255800
344
343
343
333
334
17661700
334
338
345
337
344
11210600
344
348
352
346
351
10778700
351
355
359
354
356
8685700
356
353
356
351
352
11265100
352
348
350
345
347
10694600
347
341
345
340
341
10475800
341
342
342
332
333
11510700
333
339
343
334
335
11894700
335
335
337
332
334
11449200
334
336
339
333
336
10824300
336
340
342
334
335
16272300
335
342
348
341
346
11976000
346
343
347
342
346
8319500
346
341
345
341
343
6578000
343
342
343
338
341
6907500
341
341
342
338
339
6769700
339
336
338
333
334
6692000
334
333
340
333
339
8973700
339
342
344
339
342
9537500
342
333
336
332
335
18404500
335
334
335
325
328
15450800
328
333
342
331
342
12896500
342
330
335
329
335
10483000
335
341
342
332
335
9659900
335
338
343
336
341
10017700
341
340
344
340
340
4758000
340
335
337
334
335
8273000
335
338
340
333
335
10218200
335
335
338
332
335
9880800
335
335
338
334
335
8231400
335
334
336
331
333
11116300
333
332
340
331
338
12800400
338
338
348
338
345
13116600
345
347
347
340
341
10458600
341
343
346
341
343
7443100
343
344
346
342
343
8317500
343
342
343
338
341
9029600
341
342
344
341
344
5086200
344
344
354
344
351
14425700
351
350
356
350
353
7496400
353
355
358
353
355
5159300
355
358
363
356
363
10440000
363
360
365
359
364
8746500
364
366
367
362
363
7015600
363
364
367
360
361
8540400
361
361
379
358
379
21829000
379
380
390
376
390
19327100
390
392
410
392
409
23868000
409
405
423
404
412
27719800
412
410
415
405
409
19742200
409
410
421
406
419
19087400
419
419
424
417
420
11975600
420
418
422
413
420
13426200
420
419
427
419
423
9841500
423
422
427
419
424
11079400
424
427
433
425
429
12053400
429
430
431
426
429
8745700
429
429
429
421
424
9022900
424
422
429
421
426
12086200
426
424
424
410
411
16494000
411
410
411
404
406
15073800
406
403
409
401
406
11337600
406
404
404
396
397
11406000
397
395
400
392
397
12910500
397
390
391
385
390
11924600
390
396
397
387
388
13849600
388
387
393
385
389
11908800
389
395
398
391
394
11312700
394
395
396
388
392
13510300
392
392
401
392
399
13202100
399
405
408
402
405
10627800
405
403
407
402
403
8147300
403
401
404
396
399
9205800
399
404
411
402
410
14476400
410
410
414
407
410
9094800
410
407
408
403
405
6994800
405
409
414
408
412
17725400
412
410
410
404
409
8426400
409
409
419
408
410
16204300
410
409
410
394
405
17822900
405
405
407
401
403
11432400
403
397
405
396
403
11670800
403
406
410
404
405
9950800
405
400
404
394
402
12344700
402
405
407
398
401
8969200
401
401
407
400
403
9953800
403
404
406
400
402
6443600
402
402
406
396
397
10210800
397
399
399
389
393
12119100
393
392
395
389
392
9568300
392
391
392
386
387
7261400
387
393
406
392
402
13611600
402
401
404
397
403
6016700
403
407
411
405
405
9419900
405
403
405
399
401
9088900
401
401
402
395
396
11195200
396
398
401
394
398
8596800
398
400
405
397
405
8151300
405
409
411
404
407
10985000
407
407
408
402
402
5451200
402
400
401
396
399
10182200
399
395
397
392
395
9790700
395
397
402
396
402
6333400
402
403
410
402
409
9354900
409
410
416
409
411
8280400
411
411
416
409
414
8322500
414
411
417
410
411
8342100
411
408
410
403
405
8404600
405
413
422
408
409
23616200
409
414
415
401
402
14703000
402
406
406
395
395
9438400
395
396
396
390
393
12304200
393
394
403
393
402
11050000
402
403
403
398
399
10516100
399
397
399
395
398
5706600
398
398
398
393
394
6006800
394
391
391
384
385
9365500
385
385
388
383
387
7555000
387
388
391
382
383
6380700
383
379
381
374
380
10263500
380
383
384
375
383
6437600
383
381
383
379
383
4132700
383
380
381
378
379
5773300
379
383
387
381
386
6467600
386
388
389
383
384
6803200
384
389
391
383
385
8088300
385
386
392
386
390
5880200
390
393
396
389
389
7358900
389
389
391
387
389
6496900
389
393
394
390
391
6948600
391
387
390
386
387
6789300
387
386
387
382
383
7093500
383
383
383
379
381
7398900
381
382
382
377
379
5624400
379
380
386
380
383
7431100
383
380
384
378
380
8549200
380
378
382
378
381
6606300
381
381
383
378
378
6370800
378
381
385
379
381
9649000
381
381
387
381
385
9077000
385
389
393
388
390
9701000
390
389
402
389
400
10785600
400
403
405
400
403
9617500
403
405
407
402
406
9058000
406
409
411
407
411
10564000
411
411
416
410
416
9393900
416
410
410
402
405
10424000
405
403
407
402
403
9305400
403
407
412
405
410
9393800
410
409
414
406
411
9050700
411
415
422
415
420
16837200
420
420
422
411
414
14672300
414
420
425
419
423
15304800
423
417
422
416
417
11791200
417
413
418
412
413
10444600
413
415
419
411
415
8859300
415
399
406
394
397
15764900
397
394
397
391
394
12045400
394
395
399
392
396
12618500
396
394
406
393
405
12955400
405
410
411
404
405
11192600
405
405
410
400
402
9864300
402
397
400
394
396
9417900
396
394
399
392
397
7159200
397
394
395
385
385
11554000
385
390
391
383
385
9985000
385
375
378
371
371
12418900
371
375
375
366
370
12329000
370
376
380
372
376
11185200
376
376
381
373
379
17475700
379
381
382
376
380
8739400
380
379
391
375
382
18812600
382
386
394
383
393
16181700
393
389
399
388
397
15091100
397
400
415
400
413
16983700
413
411
418
406
409
14322800
409
417
424
416
422
16546000
422
417
423
416
419
12734500
419
419
422
417
421
8906800
421
413
421
412
413
12470800
413
412
422
410
416
13589300
416
415
418
412
414
10882000
414
412
414
402
405
13246900
405
402
407
394
395
9951000
395
387
404
386
401
15374200
401
391
394
386
392
11842700
392
391
395
386
387
8372900
387
382
393
382
393
9158600
393
397
400
392
393
11581900
393
396
401
391
401
12318900
401
403
407
400
401
6547400
401
401
405
400
402
11361100
402
407
412
406
410
8041300
410
411
412
401
402
10656200
402
397
409
396
408
11201900
408
406
411
401
403
10799400
403
405
409
403
408
7244300
408
403
403
397
403
7374700
403
403
405
392
395
10618900
395
401
412
400
411
13310100
411
415
419
411
415
10017900
415
416
417
408
412
7898100
412
409
415
407
408
6133800
408
402
410
401
408
10025000
408
408
410
402
403
9248600
403
401
404
391
393
11672800
393
390
395
381
383
15194700
383
370
372
358
359
9059800
359
364
370
358
363
8871300
363
379
385
375
383
11792200
383
379
385
378
382
8259900
382
