2134.5
2139
2123
2136.5
1980100
2136.5
2147
2147.5
2138
2145
1540700
2145
2150.5
2159
2146.5
2156.5
2192900
2156.5
2165
2169.5
2151
2151
1569000
2151
2139
2140
2117.5
2123.5
2441200
2123.5
2114
2119
2086
2087.5
3176900
2087.5
2089.5
2098
2076
2078.5
2239300
2078.5
2079
2101
2079
2090.5
1357500
2090.5
2094.5
2109.5
2091.5
2100.5
1849000
2100.5
2113.5
2116.5
2098.5
2102
2225300
2102
2102.5
2107
2076
2076.5
2236900
2076.5
2080
2104
2080
2098
1365900
2098
2105.5
2129
2105
2125.5
2109100
2125.5
2135
2146.5
2128.5
2134.5
1665700
2134.5
2118.5
2122
2081
2084.5
3430800
2084.5
2084
2101.5
2081
2088.5
1712000
2088.5
2100
2128.5
2100
2106.5
2517300
2106.5
2108
2110
2077
2085.5
2008600
2085.5
2080
2107
2070
2070
2745300
2070
2090.5
2093.5
2057
2065
3528100
2065
2057.5
2070.5
2041
2055
3593200
2055
2035.5
2046.5
2012.5
2027
3795400
2027
1981
1996
1939
1967.5
5690000
1967.5
1998
2026.5
1966.5
1966.5
3397400
1966.5
1965
1972
1933
1934
4085600
1934
1900.5
1929
1892
1927.5
3526900
1927.5
1949.5
1964
1937.5
1939.5
2660500
1939.5
1937.5
1947
1893
1921.5
2759500
1921.5
1931
1942
1917.5
1921.5
1725200
1921.5
1930.5
1964.5
1930
1959
1533600
1959
1975.5
1996.5
1967.5
1990.5
1328100
1990.5
1992
1993.5
1974
1977.5
1255600
1977.5
1974.5
1987.5
1962.5
1968
1571800
1968
1950
1953
1928.5
1940
2156800
1940
1940.5
1952.5
1932
1943
1567700
1943
1951
1970.5
1939
1962
1374000
1962
1974.5
1977.5
1963
1967.5
1153500
1967.5
1964
1982.5
1954.5
1957
2266800
1957
1962.5
1966.5
1926
1930
1487900
1930
1907
1908.5
1873
1881.5
2484400
1881.5
1875
1908
1873.5
1904
1245400
1904
1921.5
1928
1904
1911
1717600
1911
1899
1918.5
1894.5
1908
1402900
1908
1922
1928.5
1913.5
1917
1259400
1917
1942.5
1971
1926.5
1939
2734900
1939
1964
1967.5
1947
1964.5
1174100
1964.5
1962.5
1991
1960.5
1991
1222300
1991
1980
1986
1967.5
1977.5
1267600
1977.5
1961
1971.5
1947
1971.5
1060200
1971.5
1959.5
1963.5
1951
1957
1755800
1957
1951.5
1954.5
1929
1939
1027900
1939
1940
1943
1922.5
1943
1285800
1943
1931
1935
1883
1888.5
3128100
1888.5
1865.5
1892.5
1853
1877.5
2910800
1877.5
1869.5
1900.5
1862
1900.5
1699000
1900.5
1914
1969
1897
1966
2995600
1966
1920.5
1925
1871
1886.5
2987800
1886.5
1902
1930
1899.5
1918.5
2004600
1918.5
1926
1934
1914.5
1925
975300
1925
1918
1932
1908
1908.5
1298300
1908.5
1890
1908.5
1879
1900.5
1706700
1900.5
1884
1909
1869.5
1902.5
2466300
1902.5
1925.5
1965
1922.5
1954.5
2335900
1954.5
1946
1946.5
1920
1921.5
1829900
1921.5
1927.5
1957
1927.5
1955
1416100
1955
1946
1973
1929
1944.5
1781300
1944.5
1932.5
1932.5
1912
1923.5
1474700
1923.5
1920
1925.5
1914
1920
1181100
1920
1921.5
1922
1911
1917
1371300
1917
1901
1933
1897.5
1931
1257600
1931
1927
1952
1922
1948
1439800
1948
1955
1978.5
1955
1974.5
1764100
1974.5
1974.5
1982.5
1963
1970.5
1247700
1970.5
1968
1975.5
1960
1973.5
1398300
1973.5
1976
1977
1940
1953
1416300
1953
1975
1976.5
1949.5
1968.5
1064800
1968.5
1960.5
1986.5
1959
1985.5
1077100
1985.5
1990
2008
1975.5
2005
1438700
2005
2010
2015
1990.5
2006
1502500
2006
1993
2004.5
1976
2004
1100900
2004
2008
2015
1997
2013
1365500
2013
2015
2024.5
2005.5
2023
1249800
2023
2025
2037
2015
2030
1406600
2030
2020
2031.5
2010
2017
1522500
2017
2014
2115.5
1996
2104
5316500
2104
2069.5
2070
2003
2011
4968200
2011
2020
2070.5
2019.5
2068
3061300
2068
2068
2100
2066.5
2097
2423900
2097
2081.5
2087
2056.5
2058.5
2361100
2058.5
2062.5
2084.5
2057.5
2070.5
2095000
2070.5
2065
2082
2064
2064.5
1819800
2064.5
2064.5
2072.5
2053
2053.5
1393600
2053.5
2054
2056.5
2043.5
2053
1535200
2053
2052
2061.5
2037
2042.5
2331300
2042.5
2042.5
2046.5
2028
2036
2192900
2036
2038
2059
2023.5
2050.5
2141700
2050.5
2055.5
2062
2034.5
2049.5
1793300
2049.5
2053.5
2076
2052
2072.5
2163400
2072.5
2047
2056
2030.5
2039
2047700
2039
2059
2083.5
2058.5
2079.5
8500200
2079.5
2064.5
2085
2047.5
2050
2689700
2050
2066.5
2106.5
2050.5
2101
3070700
2101
2109.5
2134
2107.5
2128
2606900
2128
2112
2131.5
2094.5
2113
2307400
2113
2102.5
2102.5
2087.5
2096.5
2298500
2096.5
2084.5
2112.5
2080.5
2098.5
2728700
2098.5
2122
2150
2113
2144
3287100
2144
2150
2174
2148
2169.5
2936300
2169.5
2169
2188
2164.5
2168.5
2023200
2168.5
2168
2171.5
2153
2153
1382600
2153
2170.5
2173
2148.5
2157.5
2462900
2157.5
2158
2159
2134
2137.5
1413300
2137.5
2136
2136
2086
2086
2595800
2086
2122.5
2132.5
2096
2115
2470600
2115
2086.5
2098.5
2066
2072
2636200
2072
2059
2079.5
2049
2072
2192400
2072
2070
2077
2058
2062.5
1331900
2062.5
2066
2095.5
2061
2091.5
1352600
2091.5
2091
2107.5
2081
2100
1211000
2100
2111.5
2113.5
2072.5
2081.5
1461600
2081.5
2080
2097.5
2064.5
2096
1472600
2096
2087
2091
2032.5
2033.5
1469300
2033.5
2033.5
2043.5
2012
2030.5
2201400
2030.5
2027
2057.5
2018
2051.5
1824100
2051.5
2051.5
2062.5
2036.5
2049
1518900
2049
2069
2094.5
2066
2071.5
1788800
2071.5
2071.5
2101.5
2070.5
2092.5
1428700
2092.5
2092.5
2099
2052.5
2052.5
2252300
2052.5
2045
2066
2025.5
2042
2021200
2042
2062.5
2092.5
2061
2068.5
1778400
2068.5
2074.5
2108
2072
2101.5
2235200
2101.5
2105.5
2151
2104
2142
2239100
2142
2147
2148.5
2120.5
2126
1423800
2126
2122.5
2124
2103.5
2103.5
1318500
2103.5
2100
2110.5
2084
2101
1409700
2101
2105.5
2119
2098
2108.5
1440900
2108.5
2118.5
2129
2081
2082
1938200
2082
2106
2126
2088.5
2089
1376300
2089
2112.5
2131
2102.5
2113.5
1515200
2113.5
2119
2120
2101.5
2118.5
1004100
2118.5
2115
2115
2093.5
2100.5
1223000
2100.5
2083
2089
1962
1975.5
5843900
1975.5
1975.5
1977
1915
1920.5
5294300
1920.5
1915
1915.5
1891
1894.5
4019700
1894.5
1890
1892.5
1871
1880.5
2787800
1880.5
1887.5
1889
1875
1875.5
2360900
1875.5
1870.5
1890
1861.5
1888
2348500
1888
1882.5
1890.5
1877
1884
2247500
1884
1877
1899
1868
1896
2947800
1896
1896
1902
1881
1891
2577200
1891
1890
1891.5
1875.5
1884
2611000
1884
1900.5
1923
1898
1922.5
2456000
1922.5
1928.5
1933.5
1920
1926
2193600
1926
1929
1946.5
1925.5
1940.5
2895100
1940.5
1939.5
1945.5
1927
1930.5
1881400
1930.5
1940
1945
1923.5
1930.5
1617900
1930.5
1921
1936.5
1906
1923.5
1814400
1923.5
1898
1932
1893
1928.5
2041800
1928.5
1921.5
1937.5
1920.5
1930.5
1185300
1930.5
1917
1918
1902
1911
1732400
1911
1915.5
1925
1906.5
1914.5
1916700
1914.5
1908.5
1911.5
1891.5
1895
1925800
1895
1885
1901.5
1877.5
1886
2039000
1886
1879.5
1889
1874
1880
2937600
1880
1875
1887
1871.5
1886
1766600
1886
1885.5
1895.5
1874
1888
1270900
1888
1885.5
1887
1874
1884
1117600
1884
1876.5
1879.5
1867
1870.5
2056300
1870.5
1863
1868.5
1833.5
1835
4157500
1835
1833
1854.5
1824
1848.5
2653200
1848.5
1845
1856.5
1837
1854.5
1778800
1854.5
1845
1875.5
1835
1869.5
2118500
1869.5
1861
1871
1849.5
1868
1798100
1868
1878.5
1901.5
1878
1882
1482100
1882
1887.5
1900.5
1877.5
1880
2074000
1880
1885.5
1920.5
1884
1914.5
1757900
1914.5
1916.5
1924.5
1906
1912.5
1821300
1912.5
1913
1913
1897
1902.5
1437400
1902.5
1919
1924.5
1912
1916
2575100
1916
1920
1937.5
1915
1935
1860600
1935
1922.5
1948
1911
1945.5
1722900
1945.5
1946
1967
1943
1949.5
2345200
1949.5
1959
1968.5
1941
1950.5
1974000
1950.5
1950
1962
1939
1942.5
1290600
1942.5
1951
1977.5
1950
1964
2085600
1964
1969
1974
1948.5
1952.5
1523000
1952.5
1955.5
1961.5
1927.5
1932.5
1996800
1932.5
1900.5
1913.5
1892.5
1902.5
2261700
1902.5
1887
1895
1877
1888.5
1802000
1888.5
1894
1911
1886
1887
1394000
1887
1858
1869.5
1851
1866.5
2432000
1866.5
1849
1858.5
1822.5
1835
3741000
1835
1825
1825.5
1800
1800
2211000
1800
1801
1807.5
1788.5
1807.5
1778700
1807.5
1820
1845
1820
1845
1568800
1845
1860
1887
1859
1870
2000200
1870
1847
1861
1840.5
1852.5
1719400
1852.5
1864
1879
1857
1871.5
1087700
1871.5
1847
1849
1817.5
1821
1636900
1821
1837.5
1854
1824
1848
1602900
1848
1824.5
1830
1807.5
1812.5
1501700
1812.5
1812
1822
1798
1807
1502500
1807
1818.5
1829
1801
1807.5
1020900
1807.5
1797
1800
1776.5
1786
2343200
1786
1800
1829.5
1785.5
1826.5
2009800
1826.5
1815.5
1852
1809
1828.5
1517300
1828.5
1832.5
1838.5
1801.5
1817.5
2362400
1817.5
1794
1813
1790.5
1804
1482100
1804
1818
1853
1817.5
1848
1324500
1848
1888
1936
1811
1889
4160900
1889
1928
1929
1867.5
1886
2602400
1886
1896.5
1933
1894.5
1899.5
2323500
1899.5
1894
1926
1885
1924
1137500
1924
1905.5
1909
1883
1902
1659600
1902
1902
1922.5
1901
1908
1619000
1908
1889
1917.5
1878
1916.5
1886400
1916.5
1931
1934
1913.5
1926.5
1751400
1926.5
1929.5
1935.5
1914
1925
2048600
1925
1910.5
1916.5
1883.5
1886.5
4118300
1886.5
1880
1893.5
1867.5
1888.5
2522800
1888.5
1882
1918.5
1877.5
1916
2628100
1916
1910
1935
1900
1909
1746200
1909
1910
1925.5
1902
1919
2198200
1919
1932
1939
1920.5
1923
1888500
1923
1926.5
1934.5
1915.5
1928
2727600
1928
1942
1965.5
1938.5
1962.5
3278600
1962.5
1978.5
1982.5
1936
1944.5
1517300
1944.5
1944
1952.5
1920
1922
1530200
1922
1910.5
1952
1901.5
1943.5
1716900
1943.5
1914.5
1924
1886
1895.5
2227500
1895.5
1892
1928
1890
1927.5
1480400
1927.5
1892
1900
1875.5
1881
1211900
1881
1889
1925
1884
1919.5
2130900
1919.5
1985
2017
1977.5
1998
4823800
1998
2004.5
2005
1985
1997.5
2284600
1997.5
1997
2029
1991.5
1994.5
3555600
1994.5
1996
2008
1988
1998
2678000
1998
1985
1995
1968
1972.5
1929700
1972.5
1976
1988
1964
1984.5
1942700
1984.5
2000
2017.5
1966
1979.5
2485400
1979.5
1999.5
2005
1947
1965
3699000
1965
1885
1903
1817.5
1837
2105500
1837
1840
1889.5
1833
1861
1806400
1861
1899.5
1968.5
1890.5
1956.5
2127300
1956.5
1955
1966
1945
1957
1102400
1957
