3640
3682
3633
3681
5540700
3681
3677
3678
3632
3645
5074900
3645
3662
3678
3653
3665
5081800
3665
3653
3662
3630
3639
6127000
3639
3634
3649
3621
3646
4315100
3646
3630
3635
3600
3603
6894000
3603
3603
3606
3577
3591
5258200
3591
3606
3632
3601
3621
3576800
3621
3622
3640
3616
3627
3375500
3627
3649
3649
3623
3632
3997600
3632
3647
3647
3605
3619
3394700
3619
3635
3679
3633
3653
5868100
3653
3644
3680
3643
3676
4216600
3676
3680
3700
3673
3695
4711400
3695
3705
3708
3670
3673
5662200
3673
3696
3696
3652
3658
3725800
3658
3656
3675
3645
3656
3611600
3656
3654
3668
3636
3640
3385900
3640
3640
3649
3610
3612
4414400
3612
3612
3630
3604
3620
3914600
3620
3616
3622
3590
3617
5418500
3617
3601
3626
3564
3586
6077100
3586
3500
3521
3428
3511
11881500
3511
3476
3490
3301
3301
19827200
3301
3273
3273
3225
3243
11513200
3243
3198
3210
3155
3200
9256700
3200
3200
3215
3126
3126
10845200
3126
3150
3172
3128
3147
6904300
3147
3166
3166
3122
3127
5911500
3127
3137
3174
3125
3167
4764500
3167
3186
3222
3175
3208
4423700
3208
3190
3190
3137
3140
6302400
3140
3151
3154
3104
3106
9761800
3106
3085
3085
3055
3057
9264000
3057
3060
3101
3040
3096
6452200
3096
3100
3100
3063
3066
7137100
3066
3048
3108
3045
3085
5516800
3085
3085
3086
3047
3048
7206700
3048
3020
3025
3000
3003
9431100
3003
2997
2998
2968.5
2986
9767700
2986
2985
3064
2983.5
3041
6734500
3041
3050
3054
3005
3007
6130100
3007
3000
3018
2986
2986.5
7007800
2986.5
3003
3016
2993
3000
4601800
3000
2994.5
3015
2975
2980
11930000
2980
2999
3038
2993.5
3022
5879200
3022
3027
3062
3021
3058
4029800
3058
3014
3036
3008
3022
4816600
3022
3005
3018
2994
3016
4701500
3016
3020
3034
3008
3019
5818600
3019
3010
3013
2975
2979
5885100
2979
2978.5
2979
2957
2968
6718100
2968
2965
2965
2836
2836
22126300
2836
2797
2865.5
2784.5
2838.5
11518600
2838.5
2852
2910
2847
2909.5
9239400
2909.5
2885
2960.5
2869.5
2957
7430900
2957
2962.5
3022
2951.5
3021
8574100
3021
3070
3084
3017
3035
7491000
3035
3079
3080
3040
3066
4831800
3066
3080
3099
3053
3054
4189800
3054
3040
3068
3026
3058
3584400
3058
3034
3038
2965.5
3003
8534800
3003
3003
3040
3000
3020
5098300
3020
3015
3038
3013
3014
3703500
3014
3010
3035
3005
3018
3259100
3018
2988
3017
2944
2978
7656100
2978
2978
2988
2961
2965
3955100
2965
2975
2979.5
2945.5
2955
3710500
2955
2952
2981
2948
2957
3600400
2957
2954.5
2979.5
2950
2975.5
3327100
2975.5
2987
3009
2974.5
2975.5
3367300
2975.5
2976.5
2982.5
2961
2964.5
4124700
2964.5
2961
2980
2951.5
2962.5
4574600
2962.5
2912.5
2914.5
2878
2892
11109900
2892
2872
2882.5
2860
2863
6685000
2863
2901
2905.5
2858.5
2858.5
7216200
2858.5
2858
2896.5
2853.5
2895
5515800
2895
2904
2959.5
2900.5
2951.5
7380500
2951.5
2957
2969
2927
2936.5
5163700
2936.5
2915
2916
2868
2885.5
7184700
2885.5
2985.5
3058
2985.5
3050
11897100
3050
3060
3065
3010
3048
5503400
3048
3050
3060
3043
3050
4538100
3050
3050
3055
2988
2993.5
7199200
2993.5
3008
3016
2984
2994
4495100
2994
3000
3010
2994.5
3006
3805600
3006
3034
3038
3015
3038
3840100
3038
3060
3060
3035
3053
4946600
3053
3041
3053
3038
3043
3576900
3043
3050
3053
3039
3040
3958100
3040
3051
3052
3020
3025
4386700
3025
3007
3012
2985
2986
6313000
2986
2990
2994.5
2967.5
2967.5
6493500
2967.5
2967.5
2967.5
2941.5
2949.5
5861100
2949.5
2952.5
2973.5
2946.5
2949.5
5672500
2949.5
2940
2942
2921
2927
5305300
2927
2932.5
2951
2918.5
2936
4125800
2936
2936
2942
2927
2934
3989900
2934
2910.5
2913
2901
2901.5
6015300
2901.5
2929
2941.5
2912.5
2936
6932900
2936
2935.5
2940.5
2902.5
2902.5
5689100
2902.5
2927.5
2935
2906
2930
4617400
2930
2930
2943.5
2922
2935.5
4134900
2935.5
2960
2996.5
2959
2974
6013000
2974
2989
3007
2975
3002
6373300
3002
2995.5
3005
2980
2980
4984900
2980
3023
3035
2998.5
3021
4806200
3021
3050
3075
3033
3053
9195600
3053
3072
3108
3072
3102
6933000
3102
3105
3139
3102
3125
6567600
3125
3150
3168
3141
3165
7399800
3165
3180
3198
3168
3182
7809900
3182
3198
3208
3109
3122
8421500
3122
3125
3151
3080
3143
6493900
3143
3159
3189
3155
3180
5526200
3180
3179
3244
3170
3214
13703100
3214
3220
3243
3201
3211
7572300
3211
3200
3205
3166
3172
8306400
3172
3027
3076
3012
3048
8428400
3048
3019
3042
3010
3032
6306400
3032
3050
3096
3041
3095
6057200
3095
3065
3081
3006
3013
5382200
3013
3038
3046
3006
3023
5796600
3023
3020
3042
3011
3038
4168900
3038
3051
3054
2992.5
3001
4459100
3001
3040
3060
3029
3039
4621600
3039
3050
3056
3019
3024
4268700
3024
3032
3047
3003
3003
4341700
3003
3000
3023
2971
2978.5
4575300
2978.5
2980
3008
2964
2964
4573100
2964
2972
3023
2970.5
2984.5
5547700
2984.5
3001
3059
2999
3035
6381700
3035
3026
3026
2924.5
2924.5
10407700
2924.5
2925.5
2962.5
2902
2940
5661100
2940
2945.5
2980
2945
2978.5
5502200
2978.5
2978.5
3024
2977.5
3014
4890500
3014
3030
3045
3006
3012
3612900
3012
3033
3033
2997.5
3001
2772000
3001
3034
3107
3025
3092
8006400
3092
3110
3156
3107
3149
8738800
3149
3149
3161
3130
3148
9598600
3148
3175
3188
3146
3176
7079800
3176
3184
3186
3125
3128
4680100
3128
3072
3196
3062
3147
6144700
3147
3150
3154
3090
3101
3654500
3101
3112
3119
3082
3082
2654500
3082
3075
3153
3064
3143
3490700
3143
3133
3148
3111
3117
3064500
3117
3107
3110
3080
3088
2214500
3088
3085
3094
3063
3064
3251500
3064
3044
3044
2981
2993
5397000
2993
2995.5
3036
2985.5
3031
4953000
3031
3001
3053
2984.5
3052
5218300
3052
3055
3121
3032
3108
7194600
3108
3150
3159
3093
3093
4076400
3093
3080
3094
3056
3058
2656500
3058
3058
3072
3045
3048
2418900
3048
3023
3045
3012
3017
2810500
3017
3025
3046
3005
3007
3387200
3007
3041
3045
3008
3008
2292500
3008
3008
3011
2991
2993
3982400
2993
2988
2998
2962.5
2978
5331900
2978
2978
2989.5
2953.5
2972
4377500
2972
2982
2982
2936.5
2939
7565100
2939
2936
2940.5
2921
2922
4780700
2922
2921
2928.5
2906
2909
3950100
2909
2916
2929
2905
2920
3866900
2920
2928.5
2936.5
2907.5
2910
3957400
2910
2910
2919.5
2889
2889
5169600
2889
2889
2895
2850
2865.5
5844200
2865.5
2860
2875.5
2850
2867
4210700
2867
2868
2918.5
2862
2915
5180400
2915
2944
2951
2909.5
2944
4519500
2944
2980
2993.5
2968
2988
5821300
2988
3005
3005
2955
2963.5
6238500
2963.5
2962
2991.5
2951.5
2989.5
4619900
2989.5
2998.5
3000
2982
2990
4630600
2990
2990
2990
2915.5
2926.5
7005200
2926.5
2923
2938
2907.5
2930
8822700
2930
2923
2954.5
2907
2952
7060900
2952
2956
2964
2934
2959.5
5513800
2959.5
2970
2982.5
2928
2928.5
5499500
2928.5
2963.5
2985
2955
2966
5251200
2966
2931.5
2959
2926
2941
4873900
2941
2950
2996.5
2940.5
2992.5
6142700
2992.5
3004
3010
2961.5
2969
4208300
2969
2988.5
2993.5
2951.5
2953.5
4944400
2953.5
2951.5
2966
2935.5
2941
4506500
2941
2940
2948
2907
2918
6311000
2918
2929
2974
2921.5
2952
5677800
2952
2914
2914
2890
2890
11148300
2890
2880
2890.5
2868
2869.5
9402100
2869.5
2873
2875.5
2850
2850
6405700
2850
2858
2886
2850
2878.5
5576600
2878.5
2900
2918.5
2884
2918.5
4734900
2918.5
2924
2966.5
2918
2961
4947900
2961
2955
2955
2923
2936
5983800
2936
2936
2963.5
2933
2955
4759800
2955
2925
2925.5
2883.5
2883.5
6117400
2883.5
2895
2947.5
2890.5
2942.5
5976200
2942.5
2892.5
2943
2892
2911
5617600
2911
2910
2925.5
2892
2908
4730100
2908
2908
2924.5
2900.5
2901
3150300
2901
2896.5
2943.5
2895.5
2923.5
5543800
2923.5
2919
2925
2897
2906.5
6744300
2906.5
2900
2910
2862
2862
9100300
2862
2886.5
2894
2857
2865.5
6645400
2865.5
2871
2876
2848.5
2848.5
7379200
2848.5
2846.5
2861.5
2835
2846
6071800
2846
2842
2849
2800
2801
12145800
2801
2829
2851
2815
2846.5
6519100
2846.5
2850
2867.5
2841
2848
5296300
2848
2849
2881
2848
2870.5
4506100
2870.5
2842.5
2852
2820
2834
6001800
2834
2834.5
2851
2827.5
2827.5
3786400
2827.5
2819
2828.5
2800
2823
6691600
2823
2815
2828.5
2810.5
2818
4030700
2818
2809
2822.5
2806
2820
3465400
2820
2816
2833
2809
2829
3836700
2829
2816.5
2831.5
2804
2816
4317700
2816
2806
2839
2803.5
2838
3907300
2838
2840.5
2852
2815.5
2819
5500800
2819
2820
2827
2817
2818
4703500
2818
2836
2844.5
2822.5
2836.5
5014800
2836.5
2835.5
2848
2828
2829.5
4624400
2829.5
2847
2847.5
2822
2823.5
7068800
2823.5
2845
2875.5
2839
2862
6967300
2862
2872.5
2874
2839
2839.5
5679300
2839.5
2825.5
2872
2820.5
2861
5136900
2861
2852
2859
2813.5
2818.5
8713100
2818.5
2829.5
2855.5
2815.5
2852.5
7311300
2852.5
2816
2819.5
2800.5
2803.5
8791200
2803.5
2816
2831
2806.5
2815
5150900
2815
2831
2864
2825.5
2854
6327600
2854
2857
2884
2853
2879
4750100
2879
2862.5
2888
2858
2858.5
6726900
2858.5
2860.5
2872.5
2846
2871
4660900
2871
2850.5
2862
2831
2831
6794700
2831
2831
2833
2803
2809.5
7639700
2809.5
2801
2805.5
2750.5
2757.5
12378500
2757.5
2740
2740
2680.5
2681.5
15092900
2681.5
2595
2632.5
2570.5
2587
14377400
2587
2528
2556.5
2481
2511.5
9382500
2511.5
2561.5
2614.5
2536
2606
9224500
2606
2572.5
2623
2561
2616.5
5618300
2616.5
