2157
2164
2114
2146
1842300
2146
2148
2150
2038
2069
3057500
2069
2088
2099
2071
2089
1657400
2089
2090
2106
2085
2091
1248800
2091
2087
2113
2080
2113
1286400
2113
2100
2104
2054
2062
1655500
2062
2083
2104
2072
2097
745100
2097
2088
2113
2080
2099
697300
2099
2082
2089
2061
2087
1155000
2087
2111
2128
2049
2056
1596900
2056
2066
2080
2053
2064
1286500
2064
2050
2080
2031
2078
946400
2078
2081
2113
2075
2109
926500
2109
2101
2111
2087
2092
1338700
2092
2079
2081
2006
2025
1994100
2025
2025
2041
2001
2008
1380200
2008
2016
2039
2013
2016
716400
2016
2033
2035
1997
2011
1411600
2011
2008
2030
1995
1996
1654700
1996
2000
2071
1990
2053
1880300
2053
2032
2121
2032
2099
2304500
2099
2053
2072
2049
2061
1947100
2061
1950
1952
1886
1939
2770500
1939
1980
2019
1929
1931
2214800
1931
1943
2006
1943
1990
2035900
1990
1910
1948
1910
1937
1928600
1937
1960
1975
1921
1924
1470200
1924
1930
1963
1916
1929
1690700
1929
1953
1961
1930
1932
1053800
1932
1923
1961
1922
1940
1116000
1940
1952
1966
1941
1954
1124100
1954
1950
1972
1944
1961
1146500
1961
1960
1969
1935
1947
1324800
1947
1935
1969
1933
1963
1601700
1963
1974
1979
1934
1947
1954200
1947
1950
1963
1936
1957
1163600
1957
1963
1967
1939
1962
826400
1962
1952
1971
1948
1951
1341600
1951
1934
1938
1887
1908
1553700
1908
1860
1874
1814
1857
2833600
1857
1850
1886
1849
1874
935400
1874
1890
1929
1876
1916
1123100
1916
1899
1918
1885
1890
1075400
1890
1908
1910
1881
1892
1047300
1892
1908
1944
1876
1880
1631900
1880
1911
1926
1906
1913
921700
1913
1909
1918
1892
1918
744800
1918
1897
1900
1866
1884
989200
1884
1880
1899
1866
1884
1255200
1884
1880
1890
1871
1877
1595600
1877
1858
1865
1834
1843
1061900
1843
1821
1838
1807
1823
1265100
1823
1818
1838
1816
1833
854200
1833
1778
1799
1748
1750
1868000
1750
1731
1737
1689
1731
1729900
1731
1744
1779
1744
1769
1794200
1769
1745
1778
1740
1774
1113500
1774
1794
1803
1750
1771
1004100
1771
1789
1813
1779
1809
1076000
1809
1813
1822
1788
1804
862500
1804
1794
1822
1787
1816
1356100
1816
1811
1857
1808
1849
1259000
1849
1871
1897
1855
1873
1435800
1873
1867
1872
1842
1853
1258600
1853
1852
1866
1836
1845
1017400
1845
1809
1822
1776
1810
1985400
1810
1610
1642
1574
1642
7165800
1642
1644
1698
1621
1641
3897900
1641
1632
1640
1602
1635
2510500
1635
1640
1662
1630
1656
1528200
1656
1656
1683
1654
1678
1495200
1678
1688
1725
1682
1712
1654700
1712
1717
1739
1693
1704
1918800
1704
1704
1741
1703
1721
1640100
1721
1724
1761
1724
1757
1773900
1757
1779
1787
1759
1780
1748500
1780
1773
1788
1751
1783
1173600
1783
1790
1791
1749
1761
1380900
1761
1768
1787
1766
1775
1079000
1775
1760
1790
1740
1783
1076200
1783
1802
1814
1787
1804
1393100
1804
1786
1794
1751
1780
1340900
1780
1772
1798
1770
1776
751000
1776
1769
1783
1751
1779
890900
1779
1796
1807
1780
1788
698700
1788
1789
1804
1778
1792
850100
1792
1792
1809
1786
1803
530100
1803
1800
1815
1788
1803
885000
1803
1797
1806
1778
1784
929700
1784
1798
1804
1776
1785
765300
1785
1794
1795
1776
1785
842000
1785
1778
1785
1767
1779
743800
1779
1778
1788
1760
1767
927800
1767
1757
1775
1745
1753
851700
1753
1763
1772
1739
1749
840400
1749
1747
1750
1733
1733
671900
1733
1733
1736
1717
1732
659100
1732
1720
1735
1709
1715
643300
1715
1695
1704
1683
1701
816600
1701
1707
1725
1700
1715
1886000
1715
1700
1722
1691
1710
988000
1710
1729
1748
1719
1732
866800
1732
1749
1752
1726
1729
701100
1729
1721
1751
1718
1749
800200
1749
1750
1760
1740
1746
948900
1746
1730
1752
1724
1727
1164700
1727
1740
1802
1740
1774
1255400
1774
1794
1819
1786
1807
1364200
1807
1807
1815
1794
1806
798400
1806
1807
1810
1778
1788
643500
1788
1795
1819
1781
1819
1166300
1819
1830
1837
1775
1790
1047100
1790
1769
1777
1724
1726
1215300
1726
1720
1731
1684
1714
1466500
1714
1688
1700
1664
1686
1348500
1686
1660
1679
1647
1673
1068700
1673
1677
1711
1669
1695
1080300
1695
1695
1740
1694
1704
1373700
1704
1694
1726
1686
1720
916300
1720
1707
1714
1652
1665
1978600
1665
1720
1748
1681
1687
2232900
1687
1677
1682
1629
1630
1366700
1630
1642
1673
1615
1638
1554600
1638
1631
1657
1631
1648
933800
1648
1635
1636
1596
1606
1332100
1606
1614
1634
1601
1602
846400
1602
1602
1611
1589
1595
895700
1595
1605
1613
1596
1599
762400
1599
1599
1606
1584
1597
953800
1597
1598
1612
1591
1609
774200
1609
1618
1633
1605
1613
1165700
1613
1625
1647
1622
1634
867000
1634
1652
1664
1636
1640
764900
1640
1650
1657
1628
1632
1346700
1632
1633
1640
1615
1632
757300
1632
1623
1639
1620
1636
604000
1636
1656
1657
1625
1634
624700
1634
1639
1644
1628
1633
652000
1633
1639
1651
1627
1646
613200
1646
1650
1660
1644
1657
641600
1657
1653
1657
1638
1653
544400
1653
1647
1652
1626
1635
922600
1635
1631
1642
1620
1634
1005700
1634
1632
1648
1616
1620
812200
1620
1619
1627
1611
1621
733700
1621
1623
1630
1619
1621
474000
1621
1631
1638
1621
1633
550800
1633
1638
1672
1632
1656
971600
1656
1670
1670
1650
1661
673300
1661
1670
1670
1638
1643
812400
1643
1635
1639
1598
1611
923400
1611
1624
1633
1612
1626
743100
1626
1635
1645
1599
1602
924000
1602
1595
1596
1568
1586
1255500
1586
1596
1604
1586
1591
684800
1591
1592
1595
1580
1586
476400
1586
1586
1603
1585
1599
677400
1599
1596
1609
1586
1608
525400
1608
1614
1627
1605
1622
706200
1622
1623
1639
1613
1620
787400
1620
1620
1636
1620
1623
699800
1623
1629
1657
1622
1626
1257500
1626
1618
1621
1596
1599
987000
1599
1603
1610
1578
1587
1231800
1587
1579
1591
1574
1580
1166500
1580
1591
1597
1581
1593
651600
1593
1605
1623
1592
1616
1071600
1616
1607
1608
1588
1597
1289700
1597
1588
1589
1559
1564
880400
1564
1550
1566
1537
1560
1161900
1560
1560
1575
1556
1565
585000
1565
1568
1575
1562
1572
579500
1572
1561
1584
1553
1584
874000
1584
1590
1624
1587
1613
1029400
1613
1619
1619
1592
1596
1447100
1596
1570
1630
1567
1621
2542900
1621
1632
1668
1632
1654
2122500
1654
1664
1675
1652
1657
1452300
1657
1662
1691
1654
1687
1668900
1687
1681
1703
1674
1702
1259800
1702
1711
1758
1711
1747
1451500
1747
1743
1767
1734
1747
1259900
1747
1765
1786
1753
1763
1201600
1763
1769
1769
1725
1738
1639800
1738
1755
1783
1748
1757
1613600
1757
1740
1761
1734
1752
919400
1752
1754
1766
1742
1746
1531800
1746
1739
1749
1721
1735
1202200
1735
1726
1737
1712
1715
1184700
1715
1715
1715
1611
1619
2785800
1619
1593
1613
1570
1588
2111900
1588
1569
1582
1536
1551
2173500
1551
1553
1559
1518
1527
1316400
1527
1514
1519
1482
1505
1954900
1505
1522
1531
1506
1514
1064300
1514
1517
1532
1510
1514
1130500
1514
1498
1505
1476
1490
1104700
1490
1489
1492
1475
1489
810900
1489
1484
1484
1455
1456
1156500
1456
1471
1484
1460
1465
1171300
1465
1443
1453
1425
1433
1153700
1433
1435
1447
1412
1427
1180100
1427
1417
1444
1415
1432
1153000
1432
1438
1461
1433
1442
3122200
1442
1445
1490
1442
1481
1411700
1481
1480
1510
1474
1496
1075800
1496
1506
1550
1504
1541
1530300
1541
1519
1554
1517
1543
798400
1543
1560
1573
1550
1571
979500
1571
1577
1592
1554
1560
839000
1560
1596
1603
1584
1589
812600
1589
1597
1610
1596
1607
902700
1607
1615
1623
1607
1615
718100
1615
1589
1590
1554
1586
1057500
1586
1589
1589
1567
1574
697000
1574
1558
1598
1555
1597
736300
1597
1597
1614
1591
1609
936500
1609
1613
1626
1603
1606
601800
1606
1583
1610
1573
1607
506900
1607
1575
1577
1544
1561
1074600
1561
1554
1569
1528
1543
1281500
1543
1543
1564
1539
1549
1124200
1549
1567
1591
1557
1581
882400
1581
1597
1597
1577
1585
662700
1585
1600
1605
1572
1572
714700
1572
1567
1571
1550
1550
1362500
1550
1567
1583
1558
1565
728400
1565
1563
1567
1515
1526
1154700
1526
1504
1521
1503
1516
876300
1516
1504
1512
1483
1503
1054300
1503
1508
1537
1502
1528
1126700
1528
1495
1497
1466
1478
1156900
1478
1467
1477
1446
1475
1128000
1475
1465
1491
1459
1488
879600
1488
1500
1528
1494
1509
958100
1509
1496
1511
1484
1490
1324900
1490
1493
1501
1474
1484
675600
1484
1470
1474
1448
1464
1056100
1464
1471
1474
1445
1456
883400
1456
1443
1448
1391
1405
1109400
1405
1404
1407
1371
1379
1410400
1379
1349
1351
1295
1303
1579700
1303
1304
1345
1304
1333
1101900
1333
1386
1423
1367
1384
1403700
1384
1295
1327
1256
1260
2982600
1260
