1415
1419
1405
1418
2504300
1418
1420
1420
1371
1382
3434100
1382
1394
1396
1374
1378
1761800
1378
1380
1390
1374
1380
1420500
1380
1375
1384
1370
1383
1523900
1383
1383
1386
1373
1383
1620000
1383
1380
1385
1374
1383
1087900
1383
1385
1404
1380
1384
1395100
1384
1375
1381
1354
1367
1926900
1367
1385
1391
1328
1330
2628600
1330
1330
1352
1327
1351
2439200
1351
1343
1348
1327
1342
1304900
1342
1345
1346
1337
1345
1186500
1345
1341
1353
1333
1348
1397600
1348
1336
1337
1303
1308
2590800
1308
1319
1342
1313
1319
1802700
1319
1320
1334
1318
1324
1832000
1324
1327
1335
1312
1321
1478500
1321
1320
1322
1295
1305
2303300
1305
1327
1354
1317
1347
2947000
1347
1333
1382
1331
1376
2286600
1376
1347
1355
1340
1345
2252500
1345
1287
1289
1237
1263
3366900
1263
1289
1321
1262
1264
3263100
1264
1270
1302
1269
1290
2145400
1290
1251
1272
1248
1271
2395000
1271
1288
1290
1262
1263
1734900
1263
1265
1270
1231
1240
2019400
1240
1257
1259
1241
1246
1104400
1246
1239
1246
1225
1233
2065800
1233
1244
1266
1237
1263
1094400
1263
1264
1270
1259
1265
860000
1265
1259
1272
1254
1266
1518600
1266
1251
1264
1236
1262
1791200
1262
1259
1269
1256
1263
1912900
1263
1274
1279
1254
1261
1589100
1261
1277
1279
1259
1266
1480300
1266
1264
1273
1261
1262
1487900
1262
1260
1260
1234
1240
1430300
1240
1210
1213
1199
1202
2009400
1202
1200
1222
1197
1217
1236000
1217
1227
1240
1215
1237
1451500
1237
1219
1227
1207
1216
2098000
1216
1228
1229
1205
1209
1554700
1209
1215
1227
1194
1198
2427900
1198
1215
1228
1212
1223
1212800
1223
1220
1228
1218
1228
947900
1228
1218
1225
1210
1215
1051800
1215
1209
1212
1193
1207
1713900
1207
1215
1215
1191
1191
2361400
1191
1188
1200
1175
1196
1571500
1196
1195
1196
1185
1192
1223200
1192
1190
1196
1184
1191
1973000
1191
1155
1168
1141
1143
3061400
1143
1130
1134
1113
1134
2549300
1134
1137
1168
1137
1168
2907100
1168
1148
1167
1143
1157
1962000
1157
1167
1179
1151
1163
1598700
1163
1170
1179
1162
1174
1418500
1174
1174
1191
1174
1178
968200
1178
1153
1179
1148
1176
1632200
1176
1173
1199
1169
1196
1568300
1196
1202
1206
1192
1196
1464700
1196
1194
1204
1187
1187
1391700
1187
1178
1189
1168
1184
1413400
1184
1166
1172
1155
1169
2089700
1169
1158
1160
1124
1140
2014000
1140
1131
1144
1130
1132
1217300
1132
1137
1139
1127
1134
1072300
1134
1135
1158
1131
1156
1246400
1156
1155
1164
1152
1162
1003700
1162
1168
1196
1166
1188
1319000
1188
1183
1198
1172
1185
1282300
1185
1176
1198
1176
1194
1561400
1194
1193
1206
1189
1203
1033800
1203
1215
1219
1204
1216
961800
1216
1205
1222
1183
1204
2488500
1204
1205
1218
1185
1200
1915100
1200
1206
1221
1204
1218
1492100
1218
1213
1223
1202
1221
1050800
1221
1220
1227
1217
1225
878700
1225
1230
1236
1212
1221
991100
1221
1226
1233
1217
1219
962300
1219
1212
1222
1204
1209
1545300
1209
1324
1339
1295
1322
5424100
1322
1330
1342
1316
1319
1982800
1319
1310
1341
1292
1338
1711100
1338
1350
1367
1350
1362
1625600
1362
1362
1369
1349
1354
1348300
1354
1362
1377
1360
1372
1319100
1372
1372
1378
1366
1374
1218200
1374
1368
1376
1362
1372
867800
1372
1365
1377
1360
1370
813300
1370
1367
1372
1351
1362
1495200
1362
1358
1365
1346
1355
1432200
1355
1362
1364
1330
1332
1717200
1332
1335
1337
1316
1326
1384800
1326
1318
1328
1315
1322
835500
1322
1347
1363
1309
1346
2801500
1346
1347
1354
1336
1344
2087300
1344
1333
1351
1327
1343
1343000
1343
1355
1358
1349
1358
795200
1358
1365
1369
1358
1369
972500
1369
1370
1395
1370
1393
1288500
1393
1389
1399
1379
1398
1307600
1398
1399
1406
1391
1402
2334900
1402
1400
1417
1385
1406
1642400
1406
1410
1432
1405
1419
1720000
1419
1414
1423
1411
1412
1114300
1412
1400
1419
1400
1402
1316600
1402
1406
1428
1404
1425
1653500
1425
1425
1428
1405
1413
1193900
1413
1407
1415
1387
1388
1186500
1388
1392
1399
1369
1390
1798800
1390
1383
1396
1377
1382
1236200
1382
1369
1377
1367
1368
959100
1368
1370
1381
1367
1368
898000
1368
1365
1373
1361
1364
1083700
1364
1364
1372
1345
1367
1623500
1367
1381
1390
1362
1382
2071500
1382
1387
1393
1375
1384
1217800
1384
1372
1372
1341
1344
1055300
1344
1357
1381
1338
1350
1460900
1350
1338
1365
1338
1362
1253300
1362
1356
1369
1344
1354
1252100
1354
1371
1410
1370
1380
2439000
1380
1382
1393
1372
1376
1160700
1376
1387
1387
1357
1358
1470400
1358
1350
1356
1332
1338
1063600
1338
1338
1348
1333
1341
1269200
1341
1346
1352
1327
1336
1418100
1336
1345
1370
1343
1364
1217700
1364
1375
1379
1361
1365
905500
1365
1364
1364
1332
1336
1380800
1336
1338
1346
1323
1338
1528100
1338
1332
1346
1330
1345
869800
1345
1360
1373
1355
1358
1169300
1358
1357
1359
1324
1328
1643900
1328
1348
1363
1333
1360
2271300
1360
1363
1366
1348
1356
1017600
1356
1350
1360
1344
1356
678500
1356
1350
1363
1339
1347
1599400
1347
1341
1347
1278
1296
2722100
1296
1285
1287
1234
1240
2997300
1240
1240
1248
1226
1232
1767200
1232
1230
1247
1228
1237
1318800
1237
1239
1249
1229
1235
1179300
1235
1237
1246
1233
1235
1557700
1235
1235
1238
1231
1233
856200
1233
1246
1247
1231
1233
1521800
1233
1230
1239
1227
1232
1329600
1232
1234
1244
1227
1244
1405300
1244
1254
1261
1214
1221
2172600
1221
1200
1204
1183
1200
1680600
1200
1195
1202
1188
1196
1166100
1196
1198
1201
1190
1193
646200
1193
1192
1207
1190
1203
819700
1203
1212
1216
1206
1208
984400
1208
1208
1225
1206
1223
1149400
1223
1233
1245
1231
1242
949700
1242
1240
1250
1238
1246
652200
1246
1246
1259
1246
1247
1072400
1247
1244
1251
1232
1242
1358700
1242
1255
1262
1250
1256
1190200
1256
1251
1266
1251
1256
1583400
1256
1255
1260
1247
1257
632400
1257
1261
1274
1245
1269
1409600
1269
1269
1269
1255
1261
1245000
1261
1261
1262
1239
1242
1095800
1242
1238
1257
1235
1256
1278500
1256
1255
1257
1243
1249
1097200
1249
1260
1273
1255
1272
1384500
1272
1278
1289
1274
1282
1359900
1282
1300
1327
1299
1317
1895100
1317
1321
1322
1292
1299
2399900
1299
1297
1353
1293
1347
2179800
1347
1355
1369
1344
1351
2045000
1351
1362
1376
1351
1371
1626200
1371
1373
1374
1355
1367
2394800
1367
1357
1386
1357
1386
1957100
1386
1380
1418
1375
1409
2484900
1409
1382
1405
1380
1392
1798000
1392
1393
1407
1386
1395
2337800
1395
1395
1395
1368
1376
1814900
1376
1354
1373
1350
1365
2811200
1365
1362
1370
1355
1364
1749600
1364
1380
1386
1333
1338
2548000
1338
1324
1337
1317
1319
1909500
1319
1300
1324
1297
1319
1533000
1319
1332
1337
1318
1330
1177700
1330
1300
1308
1279
1288
1957000
1288
1276
1284
1251
1258
2222500
1258
1259
1268
1244
1249
1552900
1249
1240
1250
1225
1236
1589700
1236
1249
1254
1235
1254
1628800
1254
1266
1279
1261
1268
1246800
1268
1252
1260
1242
1254
1141100
1254
1253
1265
1240
1258
901600
1258
1252
1255
1232
1235
1106000
1235
1256
1275
1249
1270
1763900
1270
1255
1263
1237
1245
1632900
1245
1250
1257
1236
1246
1296600
1246
1262
1274
1255
1266
1278800
1266
1274
1298
1273
1290
1674200
1290
1305
1328
1285
1321
2459100
1321
1321
1341
1313
1333
1313200
1333
1341
1362
1333
1357
1642200
1357
1351
1368
1345
1354
1428900
1354
1360
1385
1356
1385
1509200
1385
1397
1415
1384
1390
2012200
1390
1409
1412
1347
1365
2878300
1365
1366
1377
1339
1346
2226600
1346
1346
1369
1346
1363
1223800
1363
1340
1349
1312
1331
1706700
1331
1344
1347
1326
1333
1176000
1333
1316
1335
1308
1335
1191600
1335
1330
1338
1311
1327
1581000
1327
1330
1335
1319
1322
654400
1322
1315
1341
1312
1331
1105300
1331
1307
1317
1273
1286
1838600
1286
1292
1295
1274
1282
1284200
1282
1283
1299
1281
1291
1273500
1291
1316
1341
1301
1328
1987500
1328
1338
1346
1323
1331
1229800
1331
1335
1341
1318
1320
992200
1320
1321
1330
1312
1313
1660400
1313
1322
1329
1308
1321
934700
1321
1321
1323
1275
1275
1867000
1275
1262
1276
1260
1274
1625500
1274
1266
1282
1263
1272
1630900
1272
1297
1308
1279
1305
1761600
1305
1288
1290
1267
1279
1547000
1279
1279
1291
1270
1287
1582100
1287
1282
1295
1271
1289
2499700
1289
1300
1326
1290
1315
2371700
1315
1313
1343
1313
1333
3015400
1333
1329
1333
1296
1306
1586700
1306
1305
1310
1281
1300
1857800
1300
1310
1317
1296
1311
2178400
1311
1296
1303
1247
1256
2092700
1256
1245
1252
1218
1229
2126800
1229
1210
1214
1157
1176
1835100
1176
1175
1208
1167
1191
1651400
1191
1222
1249
1218
1240
1590900
1240
1239
1239
1210
1215
1277300
1215
