828
851
828
848
797700
848
854
854
833
839
835000
839
847
849
832
833
615000
833
836
844
836
842
347700
842
839
843
835
843
399800
843
843
845
832
832
635100
832
833
837
825
829
422200
829
829
830
821
823
558500
823
823
824
803
810
903800
810
810
814
799
801
899400
801
803
807
800
804
369400
804
804
806
801
805
342400
805
808
821
807
816
506800
816
812
820
812
819
357800
819
816
819
812
814
372700
814
814
816
805
808
549500
808
808
815
808
810
344400
810
809
812
799
803
614400
803
801
806
796
796
871600
796
803
804
794
798
550800
798
797
798
786
797
964700
797
785
793
784
790
850600
790
760
763
712
733
1531700
733
767
767
723
727
1410600
727
729
733
703
727
1751700
727
698
713
696
706
995100
706
715
718
692
692
831400
692
690
691
660
670
848300
670
680
686
673
684
647200
684
683
692
682
685
722200
685
685
705
685
703
390700
703
707
713
705
712
454200
712
710
714
703
706
403100
706
699
703
692
698
373800
698
698
718
698
716
388100
716
725
728
717
718
363900
718
728
728
716
717
407900
717
718
720
706
708
504600
708
702
702
687
689
462100
689
675
678
664
671
589300
671
669
670
656
661
472500
661
669
684
667
668
455700
668
667
670
658
663
384900
663
664
669
659
660
470800
660
665
676
660
663
511200
663
673
682
671
676
367500
676
680
692
679
692
439000
692
685
695
685
689
399700
689
685
687
671
683
333700
683
683
688
676
679
269700
679
680
680
665
670
298500
670
666
681
663
672
431600
672
669
670
656
663
546800
663
641
643
627
629
800900
629
620
634
611
633
642400
633
638
659
637
657
461900
657
640
654
640
652
427700
652
660
665
648
655
313100
655
665
668
658
666
337900
666
667
674
663
664
329300
664
655
656
650
654
354500
654
660
684
656
680
678600
680
690
702
680
698
618700
698
695
697
666
670
857100
670
666
674
662
670
477600
670
670
680
660
677
457800
677
682
700
679
696
626800
696
698
698
681
683
353300
683
689
705
687
704
448700
704
704
714
700
709
487600
709
715
717
698
701
384600
701
705
711
703
707
317900
707
707
721
707
717
313200
717
721
722
713
721
482700
721
723
729
721
724
224000
724
728
732
725
731
343400
731
726
738
723
738
305800
738
744
745
728
730
581300
730
735
735
717
722
412300
722
717
722
713
718
246200
718
715
721
711
713
319500
713
710
720
705
717
322300
717
713
721
709
710
293800
710
709
712
703
709
299700
709
705
718
704
708
332300
708
707
713
680
691
882700
691
681
688
666
672
771700
672
676
682
670
672
479800
672
671
674
658
662
453000
662
658
668
657
667
375500
667
673
680
670
675
380100
675
681
688
679
680
303000
680
683
684
673
675
374200
675
670
671
656
659
640400
659
659
660
636
642
595100
642
640
644
631
641
450100
641
641
644
631
635
289900
635
635
639
626
631
416200
631
623
623
614
621
567600
621
626
628
614
625
476600
625
621
627
618
623
331000
623
627
637
624
635
418000
635
640
648
636
644
464500
644
647
669
647
666
512000
666
670
676
667
674
448100
674
671
674
658
660
429700
660
660
674
656
670
318900
670
673
677
670
673
381800
673
673
676
665
675
335500
675
672
672
657
658
432100
658
660
664
658
660
364900
660
659
660
649
653
284700
653
647
653
630
631
450700
631
631
638
617
636
370000
636
629
635
625
630
230600
630
625
626
617
625
223600
625
625
631
618
620
247400
620
616
627
611
627
330800
627
627
629
615
621
402000
621
618
621
613
619
381200
619
619
633
617
631
320100
631
633
636
618
619
407700
619
618
622
602
609
561800
609
605
609
601
602
396400
602
602
610
595
597
539500
597
599
617
599
615
343800
615
615
618
609
610
284400
610
615
624
614
617
275800
617
615
615
601
607
291200
607
608
613
604
605
248300
605
606
617
603
612
357200
612
613
627
611
623
480500
623
632
636
626
632
365400
632
640
642
630
639
284000
639
637
640
626
629
314500
629
622
633
621
631
242800
631
635
654
633
652
461300
652
653
660
653
660
383400
660
660
670
658
669
346200
669
669
677
667
674
387800
674
669
683
666
682
380900
682
678
681
667
669
579300
669
673
688
672
688
452400
688
681
682
660
665
551800
665
665
665
652
660
360600
660
642
670
640
661
953800
661
670
675
656
672
419200
672
676
699
674
695
896200
695
698
700
689
700
309500
700
700
703
692
695
460200
695
688
688
668
669
366000
669
688
691
680
691
315500
691
695
703
683
689
317600
689
679
681
665
680
394500
680
684
691
680
689
236800
689
694
696
679
679
156900
679
672
678
666
673
232800
673
667
676
665
670
334900
670
671
671
661
663
183500
663
662
665
657
658
222300
658
659
674
659
669
189000
669
675
690
673
676
358000
676
676
692
676
689
254900
689
696
712
692
705
817900
705
696
697
680
680
394400
680
675
680
660
665
366900
665
664
667
658
664
267600
664
663
665
652
659
291600
659
655
663
653
654
210900
654
651
654
643
652
249300
652
645
658
645
657
192100
657
662
667
657
659
211500
659
665
665
647
652
238400
652
657
670
654
666
309800
666
668
676
667
673
379800
673
672
689
669
685
480700
685
692
707
692
706
559100
706
708
710
700
704
401300
704
707
716
704
710
694300
710
709
718
708
715
397200
715
711
717
701
717
445200
717
709
720
708
716
489600
716
723
735
722
724
624700
724
722
724
706
708
388700
708
707
713
699
700
417800
700
693
698
685
691
490500
691
697
703
681
687
386800
687
681
682
671
674
403600
674
661
664
644
646
552900
646
656
660
640
651
383600
651
626
638
623
630
574900
630
620
633
617
632
699900
632
634
634
618
623
472400
623
620
627
615
625
500800
625
633
635
629
635
352400
635
635
635
620
621
346700
621
613
613
604
612
446400
612
605
612
596
608
514900
608
608
608
586
586
582800
586
592
597
586
592
479200
592
572
572
552
557
1035000
557
564
567
541
547
840300
547
552
560
540
547
411900
547
538
559
536
555
817400
555
565
577
559
576
550300
576
574
585
570
583
342800
583
585
595
575
593
436000
593
590
598
586
588
344000
588
588
596
588
588
248500
588
587
594
580
581
380100
581
590
604
566
568
937500
568
566
585
563
576
484600
576
573
581
569
580
336500
580
570
571
559
562
659500
562
561
569
560
564
297900
564
559
563
556
561
380400
561
561
565
551
552
302700
552
550
557
544
544
317900
544
540
542
533
539
421200
539
529
529
515
524
610100
524
529
529
518
524
297100
524
523
531
523
530
318400
530
530
537
524
532
467100
532
534
535
527
534
524100
534
539
545
535
539
541900
539
542
549
539
548
344000
548
550
559
550
553
403600
553
553
556
531
531
405700
531
522
526
516
524
461600
524
521
529
520
527
557500
527
524
529
518
524
386700
524
521
521
509
509
515500
509
502
503
495
496
630100
496
508
518
506
514
545600
514
513
535
513
533
516800
533
524
528
510
512
517500
512
509
514
506
508
349900
508
505
505
497
499
490700
499
499
505
492
500
700500
500
494
501
477
478
665800
478
474
475
455
458
663200
458
430
441
424
434
1069400
434
442
452
438
445
937300
445
473
474
465
468
1271700
468
468
475
464
466
819100
466
