1547
1585
1541
1585
2079800
1585
1599
1630
1587
1622
1889600
1622
1631
1657
1616
1620
1862400
1620
1620
1638
1612
1612
1351200
1612
1604
1629
1601
1611
1267400
1611
1611
1630
1604
1605
1805300
1605
1615
1629
1596
1601
1379900
1601
1601
1605
1585
1588
1388200
1588
1575
1587
1564
1582
1358700
1582
1598
1609
1569
1575
1624600
1575
1575
1575
1551
1563
1424000
1563
1551
1563
1544
1554
1074500
1554
1564
1598
1564
1593
1575500
1593
1594
1604
1573
1581
1030600
1581
1562
1582
1561
1570
1047200
1570
1575
1584
1562
1567
925500
1567
1569
1594
1567
1576
1145100
1576
1576
1585
1551
1565
1046700
1565
1563
1579
1545
1548
1174200
1548
1565
1591
1565
1589
993200
1589
1573
1576
1544
1557
1107700
1557
1526
1536
1515
1526
1120700
1526
1456
1469
1410
1443
2297900
1443
1480
1503
1436
1439
1964000
1439
1450
1520
1446
1496
1833600
1496
1434
1487
1433
1469
1951600
1469
1505
1547
1502
1527
2158800
1527
1525
1547
1510
1523
1402800
1523
1554
1591
1554
1574
1651800
1574
1587
1614
1578
1581
1320000
1581
1586
1611
1582
1609
914600
1609
1609
1612
1588
1600
844800
1600
1600
1641
1599
1623
1556600
1623
1623
1633
1605
1626
1380900
1626
1636
1650
1622
1629
1218500
1629
1651
1660
1632
1637
1143400
1637
1648
1661
1641
1645
1114200
1645
1643
1653
1634
1634
1132000
1634
1612
1613
1570
1577
1883200
1577
1540
1544
1521
1527
1407200
1527
1520
1521
1477
1482
963100
1482
1520
1523
1505
1507
1163700
1507
1505
1518
1493
1500
1301200
1500
1517
1517
1496
1503
1215400
1503
1516
1540
1492
1502
2046000
1502
1540
1559
1522
1537
1130500
1537
1526
1542
1520
1542
685700
1542
1520
1533
1518
1526
771700
1526
1520
1525
1496
1519
561800
1519
1520
1521
1492
1500
878700
1500
1483
1500
1462
1467
916900
1467
1437
1478
1436
1463
845800
1463
1464
1479
1462
1476
930700
1476
1416
1432
1387
1391
1894700
1391
1391
1397
1369
1397
938000
1397
1412
1450
1412
1444
1235200
1444
1410
1429
1405
1419
883100
1419
1443
1447
1403
1417
557300
1417
1441
1441
1421
1431
572300
1431
1429
1437
1405
1408
699600
1408
1385
1398
1378
1393
699700
1393
1407
1412
1396
1399
839000
1399
1423
1423
1402
1403
840300
1403
1412
1434
1408
1414
1099700
1414
1406
1419
1398
1415
573600
1415
1413
1452
1410
1444
866900
1444
1450
1458
1436
1439
566600
1439
1434
1439
1420
1430
420000
1430
1443
1475
1443
1458
575600
1458
1463
1468
1447
1460
361100
1460
1457
1463
1444
1453
297400
1453
1458
1494
1458
1486
497400
1486
1492
1524
1488
1506
589100
1506
1509
1521
1500
1510
519200
1510
1513
1525
1507
1511
358900
1511
1521
1522
1498
1519
479800
1519
1515
1520
1502
1518
378300
1518
1519
1527
1513
1517
785300
1517
1530
1549
1515
1547
823100
1547
1543
1570
1539
1567
748600
1567
1577
1597
1574
1584
790800
1584
1557
1583
1554
1581
551700
1581
1590
1609
1582
1587
652000
1587
1591
1598
1582
1595
552300
1595
1593
1597
1450
1478
2073400
1478
1493
1502
1457
1495
1319100
1495
1491
1491
1468
1476
761200
1476
1484
1490
1472
1475
650300
1475
1473
1477
1453
1465
587500
1465
1466
1469
1453
1465
525000
1465
1473
1477
1454
1476
664200
1476
1475
1491
1471
1488
529600
1488
1491
1495
1470
1482
512000
1482
1466
1467
1440
1445
637300
1445
1436
1436
1401
1409
623400
1409
1396
1402
1387
1399
640300
1399
1409
1413
1394
1402
472400
1402
1391
1395
1362
1377
670000
1377
1335
1345
1320
1328
1071100
1328
1338
1338
1316
1320
1043300
1320
1313
1324
1305
1317
747800
1317
1309
1333
1309
1331
681000
1331
1342
1345
1324
1332
843000
1332
1336
1345
1319
1335
856500
1335
1324
1329
1314
1318
1096500
1318
1321
1335
1312
1319
1495800
1319
1314
1316
1299
1312
999100
1312
1313
1313
1284
1287
1636200
1287
1274
1297
1266
1289
866200
1289
1280
1285
1268
1269
629800
1269
1282
1282
1244
1252
991200
1252
1249
1249
1218
1228
608500
1228
1215
1218
1183
1190
1299300
1190
1190
1199
1164
1197
849900
1197
1200
1206
1187
1198
823200
1198
1173
1183
1165
1176
977300
1176
1189
1195
1167
1169
749400
1169
1160
1197
1157
1189
824100
1189
1180
1182
1157
1171
672400
1171
1172
1187
1166
1179
750600
1179
1188
1194
1174
1190
700500
1190
1191
1203
1161
1164
744500
1164
1171
1174
1136
1147
756400
1147
1134
1151
1127
1143
631100
1143
1144
1153
1125
1131
697300
1131
1146
1173
1146
1168
1061000
1168
1189
1196
1176
1191
991400
1191
1196
1213
1196
1205
730800
1205
1189
1190
1149
1162
750700
1162
1169
1170
1153
1163
650700
1163
1173
1187
1162
1178
863000
1178
1183
1207
1180
1196
641100
1196
1207
1209
1198
1198
560600
1198
1207
1215
1201
1205
798300
1205
1206
1207
1180
1194
799200
1194
1182
1197
1180
1192
593400
1192
1205
1210
1194
1204
485600
1204
1205
1217
1198
1215
526700
1215
1223
1230
1213
1217
710700
1217
1220
1226
1205
1220
752300
1220
1223
1249
1221
1236
1235500
1236
1216
1232
1206
1226
1212400
1226
1237
1261
1235
1256
1125900
1256
1257
1261
1236
1242
541900
1242
1245
1245
1229
1243
486400
1243
1247
1249
1229
1245
542400
1245
1255
1265
1240
1246
772600
1246
1236
1249
1224
1235
966000
1235
1232
1239
1215
1225
656500
1225
1228
1233
1211
1214
889500
1214
1199
1199
1164
1168
921600
1168
1168
1199
1168
1198
761300
1198
1183
1199
1166
1184
864500
1184
1158
1186
1156
1183
763300
1183
1184
1199
1183
1195
500000
1195
1198
1201
1184
1194
408100
1194
1196
1199
1184
1194
524200
1194
1200
1214
1195
1211
404300
1211
1204
1206
1186
1189
818600
1189
1185
1192
1175
1185
608900
1185
1170
1193
1170
1192
672800
1192
1194
1207
1184
1185
1263500
1185
1176
1223
1175
1212
1146800
1212
1238
1247
1231
1239
934400
1239
1235
1251
1224
1247
1117300
1247
1243
1244
1219
1230
587900
1230
1236
1248
1226
1234
617100
1234
1236
1243
1220
1238
566800
1238
1230
1240
1225
1233
590100
1233
1228
1235
1212
1220
458600
1220
1215
1237
1213
1234
499900
1234
1238
1248
1227
1248
522200
1248
1251
1252
1222
1237
594900
1237
1251
1252
1239
1251
595600
1251
1268
1274
1252
1269
1380000
1269
1273
1310
1266
1303
1282900
1303
1322
1325
1306
1318
1025400
1318
1325
1325
1305
1317
882500
1317
1334
1348
1323
1345
1139700
1345
1341
1352
1330
1340
1220300
1340
1318
1333
1311
1328
1157000
1328
1312
1345
1312
1331
677000
1331
1349
1369
1337
1353
953000
1353
1368
1370
1349
1353
698300
1353
1350
1375
1348
1370
1029600
1370
1370
1378
1354
1361
640900
1361
1353
1370
1352
1355
980100
1355
1358
1361
1343
1352
899500
1352
1328
1349
1324
1343
864500
1343
1345
1348
1330
1338
674300
1338
1300
1314
1291
1300
910700
1300
1271
1309
1271
1303
1186300
1303
1303
1310
1289
1297
750100
1297
1292
1323
1288
1321
636800
1321
1335
1352
1325
1339
712600
1339
1343
1352
1318
1320
572600
1320
1296
1317
1291
1308
642200
1308
1303
1322
1289
1312
606500
1312
1294
1303
1271
1274
820400
1274
1291
1302
1265
1291
784500
1291
1250
1262
1219
1224
877400
1224
1224
1237
1210
1225
700200
1225
1230
1244
1227
1233
559700
1233
1214
1246
1209
1242
2082000
1242
1232
1258
1220
1247
830900
1247
980
1064
980
1042
2245700
1042
1042
1132
1042
1122
1898500
1122
1119
1140
1108
1132
989300
1132
1142
1153
1132
1145
736000
1145
1162
1176
1121
1125
985000
1125
1164
1197
1161
1177
1006400
1177
1189
1190
1119
1125
1041400
1125
1115
1116
1098
1103
740100
1103
1094
1095
1060
1076
825400
1076
1073
1081
1067
1076
546900
1076
1059
1086
1057
1073
469100
1073
1068
1075
1048
1049
543300
1049
1048
1057
1030
1038
770800
1038
1008
1013
992
1004
1463100
1004
990
1005
979
1002
1006900
1002
998
999
981
995
823000
995
987
1012
984
1010
836900
1010
1009
1022
998
1013
749600
1013
1014
1020
1007
1017
838200
1017
1029
1043
1026
1039
843700
1039
1037
1039
1025
1033
865300
1033
1039
1050
1033
1042
715600
1042
1035
1038
1004
1006
787400
1006
998
1001
984
989
890800
989
982
984
967
977
1002200
977
977
986
969
972
748500
972
957
960
945
953
1065000
953
952
956
922
923
1063100
923
918
929
907
925
1458500
925
927
941
916
937
1064500
937
922
934
908
913
1815400
913
922
930
907
908
797900
908
897
898
883
886
1109400
886
889
895
870
874
953900
874
860
866
837
840
1410500
840
833
839
822
826
1391400
826
811
813
794
805
1468000
805
800
810
790
806
1209400
806
839
840
820
824
1118500
824
818
837
813
831
1044700
831
