2540
2559
2538
2559
1135600
2559
2561
2594
2560
2592
1104600
2592
2600
2603
2555
2565
1595300
2565
2565
2575
2560
2572
811400
2572
2547
2550
2529
2546
1052600
2546
2535
2541
2515
2516
1144500
2516
2538
2549
2521
2532
825800
2532
2539
2564
2528
2545
777800
2545
2519
2542
2507
2541
1181000
2541
2562
2566
2510
2516
1125100
2516
2521
2522
2501
2516
757400
2516
2502
2508
2484
2492
1001900
2492
2491
2492
2472
2492
1355500
2492
2500
2508
2485
2496
965800
2496
2485
2491
2469
2471
719400
2471
2491
2494
2470
2476
803600
2476
2468
2476
2458
2470
1053600
2470
2472
2474
2445
2448
952400
2448
2453
2456
2411
2411
1073700
2411
2440
2470
2434
2460
1176500
2460
2443
2445
2416
2429
1135700
2429
2400
2413
2338
2366
2522000
2366
2281
2292
2179
2235
4686600
2235
2313
2315
2210
2214
2299400
2214
2211
2247
2197
2237
2059800
2237
2156
2189
2150
2175
1932000
2175
2210
2215
2129
2136
1753600
2136
2135
2151
2118
2129
1499900
2129
2140
2162
2128
2133
1058300
2133
2131
2162
2123
2147
951000
2147
2166
2189
2162
2189
728900
2189
2189
2195
2170
2180
773300
2180
2167
2181
2157
2167
1122700
2167
2125
2128
2103
2111
2194800
2111
2116
2142
2107
2140
893100
2140
2162
2164
2134
2140
923100
2140
2160
2162
2146
2157
1033800
2157
2149
2153
2117
2117
1469500
2117
2105
2107
2083
2096
1504500
2096
2053
2069
2042
2053
1421100
2053
2040
2049
2025
2029
928200
2029
2079
2079
2042
2054
1436600
2054
2045
2061
2033
2036
973300
2036
2055
2059
2027
2038
1063100
2038
2050
2067
2030
2038
1641600
2038
2068
2073
2048
2060
1048700
2060
2039
2062
2028
2059
1114300
2059
2046
2066
2041
2051
1019500
2051
2045
2062
2034
2048
1089600
2048
2046
2055
2035
2038
1249900
2038
2043
2055
2029
2034
1068300
2034
2025
2045
2013
2044
1347200
2044
2030
2047
2019
2033
1530600
2033
2000
2010
1978
1984
2118100
1984
1980
1987
1954
1987
1319200
1987
2004
2028
1992
2024
1329700
2024
1972
1991
1965
1991
1278800
1991
2011
2024
1985
2000
1245600
2000
2015
2020
1991
2001
730800
2001
2000
2008
1991
1991
677600
1991
1972
1975
1959
1973
904200
1973
1978
1978
1964
1968
1041800
1968
1981
1996
1972
1988
1189500
1988
1987
1993
1970
1971
1035500
1971
1962
1981
1958
1977
957700
1977
1985
2017
1981
2011
1437200
2011
2020
2020
2001
2013
782100
2013
2020
2024
2002
2019
933000
2019
2027
2034
1996
2015
1362800
2015
2022
2027
2006
2016
969800
2016
2011
2012
1989
2003
1110800
2003
1993
2035
1991
2032
949100
2032
2040
2079
2035
2071
1113200
2071
2070
2073
2047
2058
1226500
2058
2072
2095
2067
2074
1097300
2074
2086
2086
2062
2083
755900
2083
2070
2072
2045
2063
1190600
2063
2042
2055
2037
2051
995300
2051
2055
2062
2041
2061
982000
2061
2042
2064
2037
2059
989000
2059
2070
2074
2063
2068
602100
2068
2068
2068
2046
2066
902900
2066
2060
2082
2056
2062
887600
2062
2042
2140
2022
2098
3310200
2098
2111
2139
2081
2128
1504900
2128
2141
2169
2131
2162
1523700
2162
2162
2177
2145
2173
933500
2173
2173
2197
2171
2190
1298800
2190
2181
2218
2165
2207
1443200
2207
2220
2252
2209
2223
1724900
2223
2228
2246
2219
2240
885000
2240
2240
2251
2225
2225
883700
2225
2207
2232
2201
2217
715500
2217
2203
2219
2175
2176
1476000
2176
2175
2185
2134
2137
1335100
2137
2140
2155
2135
2150
1374500
2150
2156
2194
2147
2183
1183400
2183
2164
2166
2120
2129
986500
2129
2089
2097
2080
2090
1225900
2090
2102
2123
2101
2112
2087600
2112
2105
2132
2103
2115
1120400
2115
2141
2158
2135
2151
752200
2151
2168
2172
2138
2145
851300
2145
2145
2185
2143
2175
1007200
2175
2199
2199
2175
2178
724600
2178
2176
2181
2156
2156
841400
2156
2178
2183
2159
2165
684900
2165
2185
2185
2156
2170
796400
2170
2120
2132
2103
2110
1886600
2110
2108
2117
2093
2098
1257900
2098
2105
2106
2082
2086
1644600
2086
2087
2088
2049
2062
782500
2062
2048
2053
2019
2019
1510500
2019
2025
2027
1991
2022
1381400
2022
2018
2034
2003
2010
847600
2010
1999
2003
1990
1996
1072000
1996
2012
2014
1996
1998
744400
1998
1991
2028
1978
2026
938000
2026
2038
2044
2013
2021
775100
2021
2012
2023
2001
2023
801400
2023
2026
2039
2020
2032
670300
2032
2032
2039
2000
2000
913500
2000
2014
2018
1984
2003
1068000
2003
1996
2003
1986
1991
660000
1991
1995
2000
1980
1993
1012100
1993
2005
2029
2005
2013
1155000
2013
2018
2029
2007
2023
563000
2023
2028
2054
2021
2042
860400
2042
2031
2031
1996
2007
864100
2007
2005
2011
1985
1986
1291500
1986
2002
2040
1999
2029
1053500
2029
2034
2056
2034
2043
890900
2043
2065
2066
2046
2046
610000
2046
2057
2061
2040
2043
566700
2043
2044
2054
2022
2033
603600
2033
2021
2030
2015
2023
493100
2023
2035
2048
2028
2031
744000
2031
2050
2060
2049
2054
570000
2054
2075
2085
2069
2071
538500
2071
2075
2086
2065
2086
580100
2086
2083
2098
2073
2081
635200
2081
2090
2093
2062
2080
1379200
2080
2071
2201
2065
2196
4038400
2196
2193
2265
2188
2198
3467100
2198
2198
2223
2188
2206
1500700
2206
2191
2202
2165
2165
1058800
2165
2165
2185
2159
2183
680600
2183
2175
2183
2158
2172
1089200
2172
2168
2174
2136
2170
987900
2170
2168
2176
2150
2155
1099200
2155
2139
2141
2094
2105
1285300
2105
2139
2157
2128
2139
852100
2139
2139
2144
2115
2133
839600
2133
2103
2122
2087
2119
1109100
2119
2126
2153
2126
2149
648700
2149
2161
2168
2145
2162
817700
2162
2153
2159
2131
2155
634000
2155
2177
2200
2169
2200
971600
2200
2200
2210
2190
2200
774300
2200
2221
2227
2210
2221
701500
2221
2229
2237
2216
2227
741700
2227
2239
2254
2228
2228
813700
2228
2216
2219
2195
2196
1384300
2196
2196
2202
2186
2200
935300
2200
2180
2211
2175
2201
808600
2201
2190
2193
2143
2156
824800
2156
2142
2148
2114
2123
1219300
2123
2113
2124
2101
2115
995300
2115
2115
2135
2107
2114
806000
2114
2135
2145
2119
2136
1481300
2136
2126
2130
2110
2111
809300
2111
2111
2112
2092
2099
897700
2099
2104
2111
2085
2094
882700
2094
2107
2134
2106
2131
848700
2131
2181
2181
2151
2172
1350700
2172
2186
2227
2182
2212
1195000
2212
2232
2240
2210
2213
759700
2213
2215
2215
2179
2189
1156000
2189
2198
2242
2197
2242
1626800
2242
2247
2257
2217
2255
1160600
2255
2175
2182
2127
2139
2769400
2139
2138
2155
2134
2145
1252500
2145
2161
2189
2159
2179
1412300
2179
2180
2198
2169
2189
735700
2189
2212
2246
2212
2239
1516100
2239
2224
2241
2206
2214
1163800
2214
2221
2231
2206
2208
773800
2208
2192
2200
2155
2158
1299400
2158
2131
2146
2116
2134
1200200
2134
2150
2160
2118
2133
1191900
2133
2085
2098
2052
2065
1655400
2065
2036
2052
2024
2050
1076000
2050
2040
2052
2021
2030
1020900
2030
2030
2051
2026
2046
1153400
2046
2065
2072
2046
2053
1183100
2053
2040
2054
2025
2030
860600
2030
2010
2013
1992
2010
1210600
2010
1996
2036
1988
2028
912900
2028
2016
2024
1974
1978
1290200
1978
1991
1995
1968
1980
943000
1980
1933
1937
1916
1924
1511000
1924
1943
1962
1914
1931
1318000
1931
1951
1967
1919
1922
889400
1922
1890
1943
1883
1933
2102600
1933
1927
1964
1917
1960
1096200
1960
1958
1988
1947
1978
1039200
1978
1989
2007
1979
2001
1524900
2001
1978
2011
1911
1955
2724300
1955
1931
1983
1931
1954
1813500
1954
1959
1974
1940
1946
1484000
1946
1971
1986
1941
1945
1107400
1945
1929
1958
1921
1949
897800
1949
1944
1963
1943
1954
800800
1954
1925
1941
1916
1935
1393400
1935
1933
1943
1925
1931
904200
1931
1915
1944
1912
1939
894800
1939
1927
1941
1917
1922
953400
1922
1915
1921
1908
1917
837100
1917
1904
1930
1900
1925
980700
1925
1900
1925
1898
1918
866200
1918
1936
1955
1926
1938
1147200
1938
1924
1943
1917
1937
823000
1937
1935
1953
1932
1946
1006000
1946
1940
1945
1925
1942
929000
1942
1958
1974
1955
1956
943000
1956
1936
1964
1920
1960
1720900
1960
1983
2000
1981
1990
1007500
1990
1980
1982
1942
1947
1511700
1947
1915
1939
1904
1930
1229000
1930
1919
1919
1895
1914
1260600
1914
1920
1931
1891
1901
1054900
1901
1874
1875
1859
1873
871500
1873
1869
1869
1824
1840
1545600
1840
1852
1866
1845
1861
903300
1861
1867
1895
1861
1883
1203300
1883
1864
1885
1847
1850
1546000
1850
1849
1861
1841
1841
1116500
1841
1801
1823
1794
1820
2073300
1820
1812
1812
1788
1798
1310200
1798
1788
1791
1747
1753
1584200
1753
1748
1755
1711
1719
1618900
1719
1689
1692
1652
1656
1640800
1656
1678
1699
1659
1687
1131000
1687
1738
1749
1718
1738
1254200
1738
1752
1772
1742
1757
997500
1757
