2155
2193
2150
2192
1847000
2192
2196
2202
2185
2198
1281400
2198
2228
2243
2217
2242
1882700
2242
2219
2229
2199
2212
1123300
2212
2203
2205
2183
2194
1074600
2194
2190
2202
2155
2159
1536300
2159
2161
2169
2146
2148
733300
2148
2141
2166
2136
2162
943500
2162
2135
2148
2132
2142
1036900
2142
2152
2158
2103
2108
1547600
2108
2108
2116
2102
2108
1544000
2108
2117
2123
2092
2099
852900
2099
2109
2128
2108
2127
781600
2127
2111
2115
2088
2091
1455200
2091
2071
2078
2056
2058
1488400
2058
2072
2103
2072
2092
1598600
2092
2093
2108
2089
2092
1006000
2092
2085
2099
2062
2064
1354400
2064
2064
2077
2038
2040
1467000
2040
2061
2078
2051
2078
961400
2078
2050
2063
2043
2056
947600
2056
2010
2028
1999
2002
1647900
2002
1903
1909
1840
1882
3006500
1882
1948
1950
1882
1884
2010600
1884
1883
1921
1875
1910
1989200
1910
1835
1861
1829
1853
2324500
1853
1884
1890
1854
1861
2043300
1861
1868
1905
1801
1846
2939800
1846
1835
1859
1824
1840
1807300
1840
1841
1860
1824
1845
1497700
1845
1860
1890
1854
1888
965000
1888
1885
1895
1876
1893
1320800
1893
1894
1909
1886
1892
1361200
1892
1861
1867
1838
1846
1566500
1846
1840
1848
1824
1845
1540800
1845
1860
1878
1858
1874
945600
1874
1893
1897
1882
1894
1135800
1894
1884
1912
1874
1874
1526700
1874
1850
1850
1814
1821
1551600
1821
1774
1794
1768
1776
1688200
1776
1760
1767
1750
1758
755200
1758
1788
1801
1779
1786
1107700
1786
1765
1784
1757
1768
1463800
1768
1791
1792
1775
1785
1508300
1785
1788
1820
1783
1798
2224500
1798
1850
1850
1821
1836
931000
1836
1816
1825
1810
1824
993500
1824
1795
1828
1795
1803
1112100
1803
1801
1808
1781
1806
820600
1806
1811
1811
1782
1788
1862100
1788
1775
1795
1767
1778
981700
1778
1774
1791
1768
1790
879600
1790
1768
1779
1758
1772
1568100
1772
1721
1734
1685
1689
2389800
1689
1669
1713
1667
1712
1586000
1712
1720
1753
1720
1752
1641500
1752
1732
1760
1729
1760
1294400
1760
1832
1835
1804
1820
2825300
1820
1841
1842
1800
1808
1257900
1808
1808
1822
1795
1795
863200
1795
1776
1794
1770
1787
1036500
1787
1766
1780
1762
1772
1351500
1772
1784
1808
1784
1796
1066400
1796
1781
1785
1763
1763
1427000
1763
1761
1777
1755
1757
1524800
1757
1757
1796
1750
1792
1401200
1792
1805
1808
1793
1801
1023500
1801
1798
1801
1763
1767
1118400
1767
1761
1780
1753
1767
1606900
1767
1770
1783
1759
1780
1213200
1780
1789
1794
1776
1781
939200
1781
1785
1818
1782
1814
987500
1814
1834
1856
1830
1848
1606700
1848
1820
1822
1801
1806
1134900
1806
1820
1821
1802
1809
780900
1809
1820
1826
1804
1826
890800
1826
1822
1829
1805
1829
931000
1829
1839
1843
1827
1838
984800
1838
1849
1852
1815
1822
1160200
1822
1813
1815
1800
1803
919600
1803
1803
1810
1799
1804
751900
1804
1813
1813
1775
1785
955600
1785
1778
1794
1775
1784
900200
1784
1780
1788
1761
1782
1184700
1782
1787
1804
1784
1799
852400
1799
1801
1813
1786
1812
1256000
1812
1794
1809
1785
1807
1017600
1807
1805
1928
1768
1897
3651300
1897
1870
1875
1810
1815
2861000
1815
1819
1835
1812
1819
1630900
1819
1830
1838
1821
1830
1282200
1830
1812
1816
1792
1792
1448700
1792
1764
1783
1758
1772
1430300
1772
1755
1793
1752
1761
1723200
1761
1761
1767
1720
1721
2142500
1721
1710
1733
1705
1719
1463600
1719
1717
1725
1705
1710
1188300
1710
1713
1717
1694
1700
1473300
1700
1675
1682
1658
1661
2119100
1661
1667
1676
1643
1668
5395500
1668
1659
1687
1650
1672
1861500
1672
1688
1702
1684
1691
1820900
1691
1700
1707
1685
1689
1221800
1689
1689
1715
1687
1702
1391300
1702
1718
1723
1700
1700
1419700
1700
1687
1710
1682
1682
1740900
1682
1680
1691
1677
1683
950600
1683
1682
1690
1661
1665
1282800
1665
1677
1688
1665
1672
1479400
1672
1670
1672
1652
1652
1436700
1652
1659
1664
1633
1653
2209100
1653
1659
1659
1624
1628
1415200
1628
1607
1612
1554
1555
3018800
1555
1555
1562
1521
1550
2156600
1550
1543
1566
1537
1538
1584600
1538
1518
1534
1512
1527
1427200
1527
1545
1551
1537
1539
1386700
1539
1520
1555
1511
1551
1530000
1551
1517
1523
1501
1512
1514400
1512
1505
1532
1497
1524
1411700
1524
1536
1544
1515
1526
1235100
1526
1520
1532
1495
1497
1179800
1497
1495
1504
1476
1490
1325800
1490
1486
1495
1480
1487
947000
1487
1483
1493
1463
1472
1240700
1472
1475
1494
1471
1483
1290400
1483
1483
1506
1477
1504
1305000
1504
1522
1526
1507
1513
1329700
1513
1506
1511
1470
1494
1269700
1494
1494
1504
1483
1492
1567600
1492
1515
1528
1502
1521
1567800
1521
1532
1546
1522
1528
1483000
1528
1550
1550
1529
1529
793700
1529
1539
1556
1529
1546
1234100
1546
1544
1550
1516
1524
1262600
1524
1516
1522
1505
1510
1025600
1510
1519
1527
1508
1511
722900
1511
1531
1541
1528
1538
814000
1538
1553
1567
1547
1551
1144800
1551
1557
1564
1545
1560
930800
1560
1566
1598
1563
1592
2777900
1592
1584
1589
1566
1575
1952600
1575
1598
1605
1580
1604
1373900
1604
1591
1603
1567
1568
1412100
1568
1563
1564
1550
1551
998900
1551
1549
1552
1535
1538
932500
1538
1534
1550
1527
1546
830800
1546
1542
1549
1532
1533
978300
1533
1540
1615
1530
1571
2407300
1571
1598
1600
1534
1538
2255600
1538
1525
1528
1491
1491
2096700
1491
1500
1528
1497
1522
1266900
1522
1509
1515
1496
1504
1256400
1504
1492
1508
1481
1505
1494000
1505
1515
1524
1503
1522
978600
1522
1526
1529
1514
1523
937600
1523
1514
1533
1512
1528
1414200
1528
1501
1566
1501
1563
1861600
1563
1570
1593
1567
1592
1820700
1592
1607
1613
1579
1593
1216800
1593
1604
1609
1598
1602
841700
1602
1611
1627
1603
1607
1035400
1607
1634
1659
1625
1652
2340900
1652
1657
1658
1623
1626
1746900
1626
1613
1631
1606
1612
1589800
1612
1615
1615
1589
1595
910500
1595
1590
1597
1582
1591
1269200
1591
1581
1581
1563
1571
1166200
1571
1555
1573
1547
1553
1133300
1553
1540
1550
1528
1541
1433200
1541
1544
1570
1542
1567
1350100
1567
1570
1572
1552
1565
1387500
1565
1560
1560
1522
1537
1272600
1537
1544
1565
1539
1556
1469300
1556
1567
1595
1564
1594
1933800
1594
1600
1651
1598
1643
2026500
1643
1664
1666
1631
1642
1760400
1642
1651
1652
1629
1637
1359600
1637
1651
1680
1646
1679
2406700
1679
1685
1698
1655
1697
2059400
1697
1694
1713
1677
1713
1232500
1713
1705
1711
1673
1678
1422500
1678
1701
1725
1690
1708
1612400
1708
1719
1724
1706
1718
956000
1718
1724
1741
1722
1735
1811800
1735
1740
1749
1708
1716
1215000
1716
1722
1724
1703
1711
1221600
1711
1693
1696
1677
1677
1061000
1677
1652
1656
1638
1640
1119100
1640
1635
1637
1600
1610
1237200
1610
1548
1563
1530
1541
2055600
1541
1545
1585
1545
1580
2288600
1580
1566
1569
1544
1555
1331400
1555
1548
1571
1545
1570
1050400
1570
1588
1591
1564
1587
1129600
1587
1587
1604
1580
1597
1185200
1597
1573
1603
1561
1593
1349000
1593
1583
1622
1576
1612
912700
1612
1596
1596
1558
1559
1228300
1559
1577
1580
1538
1557
1065900
1557
1517
1521
1496
1512
1496500
1512
1525
1536
1493
1511
1357100
1511
1528
1539
1513
1520
670400
1520
1508
1541
1501
1526
1243300
1526
1535
1568
1529
1555
1637500
1555
1562
1592
1555
1584
1158700
1584
1584
1614
1575
1608
1501500
1608
1597
1598
1573
1584
1230400
1584
1592
1606
1582
1585
803100
1585
1596
1603
1553
1561
1261000
1561
1600
1603
1533
1547
1983500
1547
1556
1617
1545
1614
1980900
1614
1605
1646
1598
1642
1475400
1642
1609
1613
1571
1581
1392300
1581
1587
1644
1586
1638
1358800
1638
1641
1708
1636
1704
2255000
1704
1719
1738
1698
1726
3183500
1726
1720
1764
1712
1764
2628100
1764
1737
1787
1737
1787
2197000
1787
1750
1792
1739
1783
1816800
1783
1796
1796
1754
1777
1488800
1777
1757
1777
1752
1768
1271500
1768
1783
1785
1747
1767
1658400
1767
1777
1780
1732
1765
1520900
1765
1780
1784
1746
1747
1307900
1747
1755
1772
1741
1764
1842300
1764
1785
1787
1759
1762
1120100
1762
1748
1754
1721
1722
1736700
1722
1690
1748
1685
1729
1536300
1729
1726
1738
1713
1735
1720900
1735
1736
1739
1686
1706
1534100
1706
1691
1694
1674
1691
1366900
1691
1682
1691
1661
1665
1455000
1665
1663
1695
1660
1690
2161500
1690
1682
1691
1662
1684
1967700
1684
1665
1683
1635
1645
2328700
1645
1653
1666
1635
1635
1229600
1635
1602
1604
1570
1572
2683300
1572
1576
1616
1576
1590
1744100
1590
1566
1577
1529
1538
1564000
1538
1550
1559
1519
1530
2166700
1530
1490
1496
1446
1450
2061500
1450
1469
1503
1446
1482
1984200
1482
1520
1559
1514
1553
1494300
1553
1563
1573
1544
1550
1152200
1550
