760
765
753
761
3943000
761
766
769
760
768
2253000
768
770
770
754
759
3442000
759
760
779
760
778
4262000
778
791
796
768
792
5490000
792
792
794
778
782
3791000
782
780
781
773
777
2222000
777
773
779
772
778
1830000
778
773
781
772
775
2212000
775
784
785
766
767
2330000
767
773
780
770
775
1773000
775
778
779
772
777
1964000
777
777
784
773
783
1760000
783
778
784
777
781
1488000
781
776
778
765
775
2175000
775
767
768
762
762
2669000
762
747
767
733
756
3670000
756
760
770
752
754
2987000
754
753
761
747
747
2972000
747
746
764
739
764
3695000
764
755
758
748
756
2563000
756
745
748
723
725
3725000
725
695
705
681
696
6487000
696
695
717
685
702
6066000
702
700
711
697
710
3807000
710
689
694
669
675
4252000
675
686
687
674
675
3313000
675
676
681
670
676
3115000
676
687
693
683
686
2352000
686
683
705
681
702
2943000
702
708
714
702
710
1387000
710
712
716
709
710
2003000
710
709
717
707
714
2062000
714
706
708
698
703
2109000
703
706
710
702
704
1489000
704
714
721
711
714
1557000
714
720
721
712
715
2099000
715
715
720
702
702
2745000
702
699
702
692
701
2113000
701
689
697
688
693
2989000
693
683
693
683
690
2121000
690
691
695
685
687
2560000
687
681
687
675
683
2534000
683
691
702
687
702
2749000
702
706
710
692
696
4053000
696
706
709
697
703
1902000
703
698
709
697
707
1619000
707
700
705
697
704
1897000
704
698
706
691
705
2227000
705
710
711
699
707
2678000
707
702
703
687
688
1930000
688
683
691
681
686
1877000
686
689
690
681
683
2765000
683
665
668
647
648
3972000
648
650
675
650
674
5033000
674
679
693
674
693
3142000
693
679
682
669
682
3835000
682
697
699
672
678
3264000
678
686
687
681
684
1810000
684
682
686
676
676
1166000
676
670
687
667
684
2253000
684
685
689
682
684
1809000
684
694
704
691
697
2489000
697
695
697
686
687
2144000
687
687
703
684
699
2222000
699
699
709
697
701
2970000
701
698
700
692
692
1576000
692
691
695
689
691
1715000
691
694
701
690
700
2145000
700
700
709
699
707
1794000
707
704
709
702
702
1594000
702
704
720
704
718
2124000
718
727
732
724
727
2283000
727
726
746
723
745
3276000
745
745
746
735
742
1792000
742
750
762
741
760
3036000
760
762
762
753
760
2346000
760
763
767
757
759
2507000
759
762
770
756
770
2544000
770
755
768
745
767
3272000
767
765
769
761
764
2170000
764
761
768
756
768
1538000
768
762
771
758
764
2020000
764
765
780
765
771
4321000
771
762
764
747
748
3170000
748
756
780
747
767
6140000
767
756
756
716
738
4770000
738
731
748
721
741
4597000
741
738
748
732
733
3178000
733
738
748
736
745
2172000
745
751
770
750
767
2922000
767
770
784
770
771
2773000
771
767
774
764
772
2136000
772
769
774
765
768
2171000
768
767
770
748
750
2706000
750
743
752
740
748
2371000
748
741
766
740
762
3061000
762
757
762
743
745
2382000
745
741
748
726
727
2863000
727
722
727
715
715
4754000
715
718
731
717
723
2689000
723
734
740
732
737
1980000
737
742
745
727
729
2078000
729
728
754
728
749
3172000
749
760
775
756
773
3845000
773
766
776
760
760
4285000
760
763
765
755
760
1644000
760
763
768
752
762
2259000
762
756
763
751
755
3274000
755
740
740
720
721
5407000
721
727
727
705
715
8338000
715
708
711
702
706
3027000
706
700
701
683
684
3736000
684
685
690
676
683
2931000
683
673
673
661
661
3713000
661
652
657
647
649
3301000
649
656
664
655
662
2940000
662
654
674
652
673
4583000
673
683
708
680
705
6087000
705
704
707
696
699
3710000
699
695
698
686
687
4481000
687
685
691
674
675
2452000
675
669
677
669
673
3574000
673
666
678
666
675
2455000
675
675
675
665
669
2306000
669
670
681
667
675
2561000
675
675
679
671
675
1559000
675
673
677
666
669
2753000
669
661
669
657
662
2634000
662
661
668
659
663
3232000
663
668
678
666
673
2649000
673
680
694
677
685
3012000
685
693
694
687
690
1807000
690
690
690
678
681
2639000
681
680
682
668
674
2501000
674
681
684
668
672
3085000
672
677
680
668
670
2806000
670
677
687
675
682
1615000
682
690
691
683
688
1696000
688
696
698
684
689
2217000
689
683
689
682
683
1483000
683
677
678
662
662
3450000
662
666
700
660
685
5969000
685
701
744
698
740
8511000
740
732
750
728
740
5081000
740
745
754
737
751
4609000
751
745
745
725
728
3928000
728
736
751
732
742
5263000
742
746
750
731
748
2536000
748
748
750
733
735
3051000
735
720
728
711
713
2659000
713
714
726
714
725
1948000
725
727
730
708
713
2337000
713
705
717
704
709
3215000
709
715
721
710
713
2246000
713
720
728
720
723
2760000
723
712
730
711
727
2840000
727
726
726
703
706
4382000
706
707
715
705
713
2024000
713
720
739
719
739
2911000
739
749
764
744
761
4118000
761
764
765
755
755
2498000
755
754
761
745
754
2839000
754
765
766
755
760
3236000
760
747
764
745
761
3508000
761
751
755
740
742
2458000
742
752
758
746
757
2824000
757
772
775
762
763
3379000
763
756
762
751
759
3441000
759
756
770
754
768
3652000
768
770
777
766
775
3864000
775
780
784
773
777
4241000
777
775
775
760
764
3352000
764
774
784
772
776
2813000
776
780
783
776
779
3719000
779
783
808
779
802
4747000
802
811
822
810
816
4159000
816
819
821
805
807
3178000
807
820
822
815
816
3977000
816
825
830
820
829
3874000
829
827
829
821
829
2718000
829
829
834
817
820
3142000
820
838
841
825
825
5221000
825
821
835
818
826
3203800
826
834
842
828
835
3576400
835
832
848
828
835
3892400
835
847
855
835
843
4610400
843
847
856
845
849
3887600
849
854
861
844
847
5657300
847
850
852
830
831
4519500
831
792
796
778
794
6832900
794
789
795
780
793
4525700
793
784
789
777
782
2851300
782
773
782
769
779
3554900
779
785
788
774
778
3877800
778
786
799
781
794
4077400
794
782
785
770
782
3675200
782
777
785
772
781
2873100
781
770
774
745
746
4486500
746
750
755
740
749
3468700
749
723
737
723
729
3640600
729
734
757
733
751
6587900
751
764
774
758
767
4569000
767
770
808
770
804
7086500
804
825
825
798
804
6863600
804
774
839
758
780
9225200
780
789
796
727
739
7758400
739
731
733
710
718
6274300
718
721
743
719
742
4050400
742
742
750
732
736
4084000
736
750
753
741
752
3153900
752
749
762
746
761
3398900
761
754
765
744
764
2390500
764
746
749
736
742
2433700
742
742
745
722
727
4126300
727
716
721
694
709
5032200
709
708
712
678
684
7695200
684
675
680
664
669
5045900
669
664
673
660
666
4781700
666
651
670
646
669
4268700
669
670
673
655
667
2669800
667
658
684
658
683
3342300
683
688
691
676
683
2899100
683
685
690
677
685
3514900
685
681
684
671
673
4239100
673
663
670
655
664
7523900
664
670
676
660
668
3557400
668
666
667
648
651
3548600
651
640
655
638
652
4459500
652
648
652
638
643
3331600
643
642
645
620
641
4770000
641
629
633
626
629
2613900
629
623
625
612
616
3654300
616
625
634
622
631
5181600
631
625
631
610
629
5225100
629
623
634
614
617
5351500
617
625
628
612
614
3282700
614
600
605
596
603
4170100
603
605
607
595
600
3501200
600
599
599
580
582
4092300
582
563
576
561
576
8618200
576
550
552
542
546
4326000
546
550
561
542
551
4938600
551
568
569
556
564
5284300
564
569
571
563
565
3767800
565
