2151
2158
2141
2153
340000
2153
2158
2165
2132
2135
453500
2135
2141
2144
2128
2139
400200
2139
2136
2177
2134
2161
512300
2161
2141
2143
2116
2132
686300
2132
2132
2136
2100
2103
700800
2103
2105
2109
2090
2093
432900
2093
2090
2097
2075
2086
582800
2086
2074
2082
2061
2068
476100
2068
2081
2081
2044
2047
679900
2047
2065
2074
2052
2065
382300
2065
2070
2077
2057
2065
258100
2065
2075
2077
2062
2076
240300
2076
2074
2102
2070
2097
436100
2097
2093
2093
2070
2084
385800
2084
2080
2091
2075
2083
515300
2083
2085
2094
2073
2080
432000
2080
2080
2091
2070
2079
402800
2079
2080
2114
2073
2074
613300
2074
2085
2115
2075
2110
556700
2110
2110
2113
2092
2106
306500
2106
2081
2096
2067
2075
586400
2075
2042
2065
1993
2010
1121200
2010
2050
2138
2020
2101
1243200
2101
2120
2158
2113
2155
1509500
2155
2086
2117
2064
2080
877300
2080
2110
2115
2061
2064
422600
2064
2064
2070
2034
2055
493100
2055
2077
2085
2057
2062
388400
2062
2070
2111
2065
2100
408800
2100
2117
2147
2106
2115
404800
2115
2132
2160
2132
2155
638100
2155
2150
2164
2148
2155
374100
2155
2138
2138
2090
2094
550300
2094
2117
2127
2100
2107
347000
2107
2138
2167
2136
2158
444500
2158
2169
2172
2143
2155
374400
2155
2159
2170
2110
2110
429100
2110
2102
2106
2081
2096
582200
2096
2060
2069
2038
2047
569200
2047
2043
2052
2026
2032
431800
2032
2045
2048
2016
2020
424200
2020
2010
2019
1996
2005
497700
2005
2022
2031
2010
2028
492300
2028
2036
2039
1998
2009
731700
2009
2034
2036
2016
2032
311500
2032
2040
2058
2033
2058
495100
2058
2046
2057
2037
2047
365400
2047
2030
2038
2017
2035
313500
2035
2044
2049
2026
2040
426100
2040
2035
2041
2009
2013
377700
2013
2014
2038
2007
2036
522400
2036
2036
2051
2020
2027
531700
2027
2002
2007
1979
1989
900600
1989
1990
1999
1956
1980
741400
1980
1995
2022
1981
2022
782700
2022
1968
1982
1952
1968
763400
1968
1973
1977
1935
1951
627500
1951
1965
1993
1959
1986
648800
1986
1970
1984
1964
1971
407700
1971
1955
1975
1950
1969
409000
1969
1979
1996
1965
1990
449500
1990
1979
2019
1976
2001
576900
2001
1995
1998
1973
1975
470400
1975
1980
2001
1971
1998
312900
1998
1992
2009
1988
1995
407700
1995
2004
2004
1982
1983
379000
1983
1981
1990
1966
1969
312200
1969
1972
1992
1960
1988
344400
1988
1991
2009
1982
2006
306600
2006
2006
2023
2006
2014
343600
2014
2015
2030
2012
2027
290600
2027
2029
2055
2024
2046
403300
2046
2042
2056
2034
2056
455700
2056
2050
2061
2039
2056
229900
2056
2056
2074
2044
2072
318400
2072
2076
2088
2068
2084
409700
2084
2099
2099
2079
2083
357600
2083
2099
2099
2070
2097
380500
2097
2080
2097
2068
2096
382800
2096
2096
2099
2077
2095
307100
2095
2095
2099
2076
2098
256900
2098
2098
2105
2078
2084
448600
2084
2095
2108
2085
2103
468100
2103
2103
2103
2079
2082
303100
2082
2075
2103
2068
2101
466300
2101
2100
2105
2052
2061
467500
2061
2068
2089
1987
2027
935300
2027
2026
2033
1999
2017
564800
2017
2015
2021
2004
2015
544300
2015
2019
2021
1995
2002
470800
2002
2000
2007
1971
1972
647200
1972
1972
2008
1955
2006
763500
2006
2009
2035
1979
1985
761800
1985
1979
1989
1951
1965
779200
1965
1962
1991
1946
1987
854500
1987
1990
2098
1972
2062
1455700
2062
1980
2040
1872
1882
2320600
1882
1849
1862
1789
1837
1517600
1837
1833
1874
1827
1833
1401200
1833
1833
1881
1832
1866
775900
1866
1875
1918
1875
1915
636800
1915
1902
1904
1863
1874
701000
1874
1869
1905
1864
1896
614800
1896
1907
1932
1903
1925
596300
1925
1885
1906
1868
1869
890100
1869
1851
1862
1828
1832
801100
1832
1841
1856
1825
1853
861100
1853
1846
1878
1842
1869
411700
1869
1863
1882
1852
1852
480000
1852
1863
1870
1851
1867
543900
1867
1861
1868
1853
1860
360200
1860
1848
1849
1795
1798
821700
1798
1795
1798
1768
1795
688600
1795
1780
1785
1760
1760
542800
1760
1755
1755
1738
1745
467000
1745
1758
1772
1754
1760
403100
1760
1745
1780
1741
1775
508500
1775
1775
1788
1756
1776
537000
1776
1770
1781
1755
1759
508400
1759
1759
1783
1737
1768
817600
1768
1761
1774
1731
1732
693700
1732
1737
1737
1706
1718
482600
1718
1715
1757
1714
1741
556300
1741
1736
1744
1728
1734
388100
1734
1755
1776
1747
1756
457100
1756
1757
1772
1754
1762
227100
1762
1770
1790
1767
1775
357000
1775
1770
1772
1742
1745
355600
1745
1750
1768
1738
1740
380600
1740
1750
1766
1738
1744
493300
1744
1745
1765
1735
1745
1083700
1745
1770
1800
1770
1788
450700
1788
1756
1760
1729
1730
824500
1730
1735
1746
1716
1728
535500
1728
1733
1746
1722
1729
640000
1729
1740
1761
1737
1754
375900
1754
1780
1809
1775
1788
617100
1788
1803
1828
1802
1825
512100
1825
1835
1835
1818
1830
359600
1830
1808
1859
1795
1842
595800
1842
1844
1882
1827
1829
1762500
1829
1843
1883
1828
1871
588600
1871
1872
1911
1871
1903
772300
1903
1872
1894
1849
1885
737600
1885
1885
1891
1867
1886
437900
1886
1870
1887
1853
1863
481800
1863
1841
1938
1841
1932
1402600
1932
1934
1934
1854
1909
924000
1909
1907
1947
1907
1930
658000
1930
1915
1937
1897
1905
545200
1905
1924
1938
1912
1924
426700
1924
1923
1928
1890
1908
660200
1908
1885
1917
1881
1892
752200
1892
1907
1924
1893
1923
673800
1923
1940
1969
1940
1969
855300
1969
1950
1973
1936
1964
333600
1964
1961
1961
1920
1921
694500
1921
1924
1939
1922
1933
347600
1933
1955
1969
1951
1966
438700
1966
1980
1985
1966
1982
483100
1982
1994
2015
1967
1973
621200
1973
1984
1992
1968
1970
908300
1970
1989
2021
1986
2017
960800
2017
1993
2028
1981
2023
658500
2023
1994
1996
1963
1989
655000
1989
1990
1995
1974
1976
335900
1976
1982
2015
1982
1999
688000
1999
1981
1991
1961
1963
603900
1963
1948
1966
1934
1963
557100
1963
1970
1994
1943
1978
375500
1978
1979
1982
1954
1960
428300
1960
1960
1960
1927
1946
449500
1946
1944
1983
1944
1971
298700
1971
1971
1991
1954
1984
712100
1984
1995
2037
1994
2025
599500
2025
2035
2044
2018
2032
467900
2032
2052
2066
2032
2038
766400
2038
2054
2060
2038
2038
693800
2038
2059
2063
2028
2047
823400
2047
2050
2088
2041
2086
648200
2086
2085
2096
2060
2070
427300
2070
2063
2112
2051
2091
805400
2091
2079
2096
2072
2080
250300
2080
2090
2108
2083
2094
654100
2094
2101
2144
2099
2110
865300
2110
2116
2134
2107
2116
602100
2116
2105
2147
2103
2133
580600
2133
2098
2134
2096
2110
749600
2110
2060
2105
2060
2073
750500
2073
2030
2045
2012
2034
783900
2034
2028
2036
1987
2000
631800
2000
1992
2004
1972
1993
353700
1993
1987
2004
1977
1989
526200
1989
2005
2009
1978
1983
433000
1983
1978
2014
1978
2007
487600
2007
1991
2001
1979
1983
529600
1983
1977
1978
1947
1957
599300
1957
1954
1959
1902
1904
573500
1904
1911
1930
1898
1919
538100
1919
1880
1917
1869
1904
970600
1904
1923
1954
1917
1926
569900
1926
1937
1964
1932
1962
542900
1962
1969
2050
1969
2046
984900
2046
2057
2064
2018
2049
724100
2049
2030
2113
2008
2042
1054300
2042
2120
2128
1977
1985
1117800
1985
1960
2006
1899
1949
1430700
1949
1952
1967
1928
1944
1146100
1944
1952
2016
1900
1988
1093300
1988
2078
2088
2020
2046
951600
2046
2045
2081
2044
2074
655300
2074
2046
2098
2038
2095
433800
2095
2076
2109
2071
2106
860100
2106
2106
2119
2092
2108
615700
2108
2094
2118
2077
2116
617100
2116
2106
2117
2076
2076
1137600
2076
2064
2077
2042
2045
1086800
2045
2045
2095
2035
2059
1044100
2059
2050
2076
2047
2055
665000
2055
2062
2067
2018
2058
398900
2058
2058
2085
2054
2081
611200
2081
2080
2094
2061
2072
450200
2072
2062
2072
2038
2063
507500
2063
2096
2099
2070
2080
999200
2080
2087
2121
2080
2110
899200
2110
2114
2115
2075
2081
546400
2081
2070
2084
2032
2039
557800
2039
2015
2070
2015
2067
687100
2067
2068
2079
2053
2072
598000
2072
2061
2064
2032
2045
646000
2045
2044
2055
2031
2036
614400
2036
2041
2050
2017
2023
600300
2023
2040
2056
2034
2053
891600
2053
2080
2102
2063
2063
897300
2063
2049
2103
2048
2067
1220200
2067
2082
2097
2060
2067
661200
2067
2074
2086
2054
2070
1146100
2070
2070
2085
2028
2035
907400
2035
2025
2053
2017
2049
880700
2049
2028
2038
1987
1991
809700
1991
1967
1974
1897
1923
546200
1923
1913
1938
1879
1900
758500
1900
1940
1956
1925
1951
613300
1951
1970
1983
1955
1965
503500
1965
