821
844
821
844
12643000
844
848
865
847
859
10010000
859
871
882
869
875
10842000
875
873
874
865
867
7737000
867
858
860
853
859
8600000
859
859
866
851
854
8542000
854
862
866
852
855
5725000
855
853
863
851
862
6806000
862
852
856
847
854
8327000
854
864
864
835
837
10920000
837
846
862
841
862
10595000
862
862
864
849
859
6379000
859
859
861
853
860
6883000
860
852
856
842
844
7128000
844
837
841
832
832
5639000
832
840
842
827
829
6280000
829
825
836
824
833
7263000
833
829
831
814
815
8277000
815
805
814
800
800
8836000
800
807
816
802
814
6656000
814
809
810
798
799
7750000
799
780
784
774
776
9804000
776
741
748
709
729
16811000
729
756
757
696
697
25999000
697
698
703
687
694
17137000
694
665
671
651
660
24893000
660
676
677
654
656
16728000
656
660
666
645
651
12866000
651
657
657
643
645
15936000
645
650
670
647
667
15163000
667
673
676
665
675
10985000
675
675
676
667
672
8821000
672
671
678
667
673
10115000
673
665
665
652
656
12313000
656
656
669
655
667
10100000
667
676
677
663
668
7649000
668
675
681
672
677
8787000
677
673
680
666
669
12626000
669
661
663
648
656
14265000
656
635
637
627
631
19199000
631
624
626
608
611
14969000
611
622
626
615
616
15144000
616
606
616
600
606
14870000
606
612
614
605
608
9265000
608
610
626
607
617
17174000
617
630
636
627
629
12209000
629
623
626
614
626
14761000
626
616
626
615
623
12517000
623
621
624
613
619
10133000
619
621
625
618
618
9727000
618
614
620
610
612
10263000
612
606
615
605
614
9583000
614
616
616
607
614
12055000
614
601
603
587
588
20763000
588
578
589
574
589
17734000
589
599
617
595
617
19806000
617
597
606
596
606
12531000
606
614
622
602
608
12719000
608
618
623
615
620
11295000
620
620
623
615
616
7374000
616
608
609
600
608
12640000
608
608
608
593
596
13100000
596
602
609
599
605
12103000
605
608
609
602
603
13024000
603
602
608
598
605
11178000
605
606
627
604
625
16490000
625
629
632
620
621
11651000
621
621
621
607
608
11979000
608
613
626
612
622
13259000
622
622
625
614
621
10297000
621
624
627
616
621
9730000
621
626
632
621
630
9686000
630
639
656
638
648
17760000
648
645
646
634
639
14578000
639
643
643
637
638
7834000
638
645
652
642
649
10235000
649
641
646
638
645
10136000
645
648
648
640
643
9130000
643
647
647
622
629
19012000
629
631
631
626
629
7533000
629
630
636
628
634
8374000
634
637
637
627
630
7587000
630
632
642
631
638
9816000
638
637
639
631
638
10543000
638
640
647
639
644
7986000
644
643
645
631
632
12588000
632
635
636
629
635
11866000
635
636
655
633
653
13958000
653
643
647
626
635
15727000
635
640
661
640
659
14136000
659
661
675
661
670
13512000
670
675
675
668
671
6806000
671
675
678
667
668
6293000
668
662
672
658
659
9471000
659
653
654
646
648
10403000
648
646
659
646
656
8682000
656
662
665
659
661
6285000
661
661
667
657
661
10717000
661
646
650
642
648
10245000
648
653
662
652
659
21749000
659
656
662
648
656
10202000
656
662
669
659
665
8979000
665
670
670
661
664
8177000
664
663
670
661
668
6930000
668
672
680
671
676
11719000
676
672
675
660
660
11026000
660
658
662
653
654
7339000
654
662
665
651
655
9484000
655
658
668
658
665
8427000
665
657
657
647
648
12637000
648
649
650
638
644
13235000
644
634
636
615
629
17851000
629
624
632
608
610
14228000
610
611
613
597
611
16589000
611
611
620
607
613
8643000
613
600
612
597
612
11667000
612
616
624
613
616
8152000
616
607
626
599
624
11997000
624
630
630
617
622
8561000
622
622
628
620
623
7063000
623
624
628
618
628
7838000
628
628
644
622
623
10169000
623
624
627
616
621
11653000
621
617
618
609
614
8913000
614
609
614
603
606
10557000
606
610
621
609
616
10862000
616
621
627
617
624
7780000
624
627
634
625
629
8911000
629
630
630
608
618
11690000
618
615
618
606
609
8662000
609
610
620
608
616
8183000
616
618
627
614
623
7576000
623
632
632
627
630
6353000
630
626
636
626
631
6591000
631
629
633
619
623
9852000
623
616
618
610
615
9567000
615
617
618
611
615
6538000
615
624
632
622
628
8714000
628
635
641
633
638
7071000
638
643
645
638
645
5644000
645
643
649
642
644
6190000
644
648
648
641
641
9358000
641
650
674
649
673
21171000
673
669
673
659
662
9895000
662
660
660
646
648
9234000
648
647
647
634
637
7323000
637
631
640
628
639
5269000
639
641
647
639
640
7008000
640
639
642
633
640
5878000
640
638
638
628
630
7726000
630
622
623
609
611
9896000
611
615
619
611
619
5380000
619
621
624
611
615
6160000
615
603
614
601
612
8638000
612
614
617
610
614
6098000
614
611
617
610
612
4948000
612
610
619
608
615
7358000
615
615
626
615
624
6916000
624
622
624
618
619
6335000
619
624
625
619
623
4600000
623
629
639
628
638
5979000
638
646
655
642
644
7557000
644
646
648
643
646
5509000
646
651
651
636
642
7484000
642
635
640
631
631
7689000
631
629
630
614
617
7205000
617
618
620
608
611
7268000
611
610
616
608
612
8048000
612
607
612
603
606
9720000
606
603
605
594
601
11036000
601
600
607
600
603
6886000
603
602
607
599
606
8575000
606
607
608
599
601
9979000
601
602
610
602
605
7702000
605
610
619
609
617
10712000
617
615
632
615
628
10872000
628
641
654
639
645
11824000
645
648
648
638
641
8278000
641
648
663
647
661
15074000
661
669
673
664
672
12154000
672
661
664
652
663
11194000
663
662
668
653
654
10726000
654
658
672
658
665
10633000
665
672
673
661
669
7948600
669
674
684
674
677
12314200
677
680
683
670
673
10208500
673
680
682
668
672
9789400
672
655
656
639
640
16115200
640
640
641
624
626
13286900
626
631
636
622
625
10236600
625
597
608
593
598
18832200
598
593
603
591
600
12400100
600
601
601
588
589
16111400
589
587
598
585
598
11285500
598
608
609
597
600
13167700
600
599
599
589
592
12645400
592
587
588
580
586
13272300
586
581
595
577
594
12476100
594
589
589
573
573
13308400
573
576
577
561
567
11960000
567
547
550
543
547
15427400
547
555
556
536
540
12668200
540
546
553
541
545
7946900
545
541
557
538
551
9886000
551
553
566
551
566
10155700
566
576
583
570
573
13198200
573
592
605
583
602
19210300
602
590
596
587
593
10246400
593
595
603
591
599
8293900
599
605
615
597
601
11784600
601
611
614
607
610
9043400
610
607
615
603
612
7599100
612
603
612
594
610
6993000
610
595
598
587
595
8224700
595
595
601
591
598
9142600
598
594
602
592
598
8024700
598
596
603
584
587
9322800
587
586
593
585
592
5521700
592
582
592
581
589
5701800
589
582
593
578
591
7330400
591
596
600
586
590
5848500
590
587
592
585
587
6603800
587
590
592
585
590
7605500
590
600
611
595
608
17130800
608
612
620
608
608
8705600
608
609
617
606
616
10952600
616
626
633
624
628
9796600
628
631
633
620
622
13639500
622
612
620
609
614
12163100
614
609
611
594
604
12033900
604
613
613
588
591
10465000
591
581
582
570
580
7531000
580
570
571
556
560
12135700
560
559
567
556
565
10125600
565
570
579
565
574
11045100
574
569
571
555
563
11280900
563
562
572
555
558
9882300
558
549
557
544
552
10140900
552
553
555
543
547
10609400
547
542
542
523
527
13056600
527
521
525
505
512
15525100
512
499
501
485
488
12918900
488
496
503
490
498
11238300
498
525
527
517
522
13015500
522
523
538
521
533
13005700
533
