4515
4675
4485
4665
650200
4665
4695
4720
4690
4720
511400
4720
4770
4805
4715
4730
435500
4730
4725
4730
4640
4665
269600
4665
4670
4670
4620
4640
339000
4640
4635
4660
4570
4580
676100
4580
4635
4695
4635
4655
592800
4655
4650
4735
4635
4720
307000
4720
4675
4720
4670
4715
511300
4715
4755
4805
4720
4735
981200
4735
4730
4730
4650
4660
505600
4660
4660
4675
4600
4620
313700
4620
4615
4685
4605
4685
415200
4685
4665
4695
4610
4620
390800
4620
4580
4610
4510
4520
597500
4520
4575
4655
4565
4595
546200
4595
4610
4685
4610
4635
451600
4635
4595
4630
4470
4485
553600
4485
4500
4525
4435
4445
509100
4445
4515
4575
4485
4570
479600
4570
4535
4550
4455
4475
444500
4475
4450
4450
4310
4325
878600
4325
4125
4150
3915
4025
1663800
4025
4130
4205
4035
4045
1153900
4045
4040
4090
3975
4035
748000
4035
3885
3915
3820
3860
1162800
3860
3920
3960
3780
3795
832400
3795
3805
3865
3785
3825
850100
3825
3865
3910
3835
3865
660300
3865
3865
3950
3845
3940
651800
3940
3975
4030
3935
4020
553100
4020
3995
4005
3945
3980
561100
3980
3985
4090
3980
4050
769100
4050
4050
4055
3960
3995
602400
3995
4015
4035
4000
4020
376800
4020
4085
4200
4075
4170
815800
4170
4225
4275
4190
4255
1042800
4255
4240
4295
4230
4260
920700
4260
4230
4240
4170
4205
812200
4205
4100
4120
4050
4085
1151700
4085
4110
4130
4085
4100
717100
4100
4220
4230
4145
4150
657800
4150
4105
4150
4075
4100
878300
4100
4150
4200
4125
4195
1112200
4195
4265
4335
4215
4255
1592900
4255
4395
4395
4290
4340
584900
4340
4340
4385
4305
4375
497900
4375
4290
4315
4210
4235
724300
4235
4250
4325
4220
4305
482400
4305
4345
4385
4340
4360
915800
4360
4295
4310
4220
4235
556300
4235
4165
4200
4150
4180
590600
4180
4200
4330
4190
4325
699600
4325
4155
4200
4070
4090
1272600
4090
4060
4170
4045
4170
653100
4170
4175
4320
4175
4320
758900
4320
4345
4345
4200
4295
1004600
4295
4400
4420
4295
4360
625600
4360
4425
4450
4385
4420
612200
4420
4355
4450
4345
4405
385100
4405
4335
4465
4310
4445
671400
4445
4460
4475
4405
4420
505100
4420
4550
4600
4505
4590
678100
4590
4610
4635
4580
4610
620700
4610
4595
4715
4595
4705
646400
4705
4635
4770
4625
4730
964500
4730
4745
4755
4680
4695
687300
4695
4690
4700
4660
4680
300100
4680
4720
4745
4635
4660
678200
4660
4720
4740
4685
4730
303700
4730
4730
4735
4700
4715
318100
4715
4740
4845
4730
4830
578900
4830
4860
4905
4845
4895
512200
4895
4885
4960
4850
4900
520700
4900
4855
4880
4810
4870
411300
4870
4850
4885
4815
4865
589800
4865
4865
4905
4850
4895
374000
4895
4885
4930
4870
4910
508000
4910
4910
4930
4835
4875
683800
4875
4880
4940
4870
4925
599400
4925
4910
4910
4845
4880
475300
4880
4895
4895
4810
4815
540200
4815
4790
4880
4760
4820
467700
4820
4860
4870
4810
4855
397700
4855
4840
4935
4835
4915
343600
4915
4915
5040
4895
5000
688800
5000
4770
4950
4680
4915
1085900
4915
4945
4970
4915
4930
523800
4930
4930
4965
4905
4920
472400
4920
4920
4990
4900
4960
528400
4960
4985
5110
4965
5080
531900
5080
5080
5190
5080
5160
367800
5160
5160
5190
5120
5170
359500
5170
5130
5200
5090
5120
452400
5120
5120
5150
5040
5060
391500
5060
5060
5180
5060
5160
306700
5160
5230
5350
5210
5300
551000
5300
5230
5280
5200
5270
469600
5270
5140
5180
5110
5140
700300
5140
5190
5190
5110
5120
1321600
5120
5130
5200
5080
5100
574600
5100
5170
5250
5170
5180
377200
5180
5180
5250
5130
5160
566100
5160
5160
5220
5110
5200
477700
5200
5250
5310
5230
5250
570500
5250
5290
5320
5220
5240
925300
5240
5310
5320
5160
5160
509500
5160
5020
5260
5010
5130
720500
5130
5110
5180
5080
5140
393300
5140
5080
5130
5070
5090
464500
5090
5140
5200
5110
5150
548500
5150
5100
5130
5070
5120
331700
5120
5040
5100
5020
5020
450400
5020
4970
5040
4955
5020
663500
5020
5010
5090
5000
5070
378400
5070
5050
5200
5010
5160
534900
5160
5200
5260
5130
5220
531300
5220
5140
5300
5060
5280
538900
5280
5320
5330
5220
5270
439200
5270
5240
5250
5090
5210
590000
5210
5220
5240
5140
5170
559000
5170
5160
5200
5030
5040
461400
5040
5020
5090
4955
5010
621500
5010
4970
5020
4935
4955
505200
4955
4955
5040
4875
4935
623400
4935
4915
5040
4900
5030
570500
5030
5020
5160
5010
5120
360800
5120
5170
5180
5070
5120
420100
5120
5070
5110
4945
5040
506200
5040
5060
5160
5060
5110
487600
5110
5140
5260
5110
5180
617600
5180
5210
5240
5160
5160
432500
5160
5230
5240
5140
5140
304600
5140
5140
5140
5060
5070
360200
5070
5060
5130
5010
5070
540700
5070
5040
5050
4980
5000
453000
5000
5050
5060
5010
5020
305900
5020
5090
5120
5060
5110
308300
5110
5210
5270
5110
5130
518900
5130
5120
5120
4975
5010
573800
5010
5010
5050
4935
4940
420700
4940
4900
5020
4885
4995
535100
4995
5010
5150
5000
5110
575400
5110
5120
5190
5090
5110
300300
5110
5150
5190
5120
5140
579600
5140
5080
5090
4900
4910
618200
4910
4910
4920
4830
4875
481600
4875
4885
4970
4880
4910
504300
4910
4905
4975
4900
4940
327500
4940
4980
4980
4875
4895
626900
4895
4840
4865
4660
4660
709700
4660
4660
4725
4595
4725
696200
4725
4780
4820
4680
4715
399100
4715
4555
4735
4545
4725
721600
4725
4720
4720
4655
4680
515300
4680
4665
4740
4665
4720
474600
4720
4690
4835
4665
4815
551000
4815
4840
4920
4825
4905
388600
4905
4930
4930
4875
4910
408900
4910
4980
5040
4965
5020
288700
5020
5070
5120
5050
5100
250700
5100
5180
5230
5120
5180
494100
5180
5190
5310
5190
5260
520200
5260
5340
5350
5220
5260
622200
5260
5260
5320
5200
5300
399800
5300
5350
5350
5260
5260
382100
5260
5310
5350
5250
5330
372100
5330
5330
5350
5280
5310
367900
5310
5280
5310
5230
5240
482400
5240
5240
5240
5160
5210
418300
5210
5200
5240
5180
5230
347500
5230
5280
5350
5260
5300
388200
5300
5360
5420
5300
5380
466000
5380
5440
5510
5430
5500
534400
5500
5610
5730
5590
5710
1292400
5710
5730
5930
5720
5900
692300
5900
6000
6050
5950
6000
781500
6000
6050
6100
5980
6050
780500
6050
6150
6220
6100
6190
983500
6190
6180
6210
5980
5990
968300
5990
5990
6070
5940
6000
1115200
6000
5980
6060
5860
5950
1067100
5950
6050
6130
5940
6000
909900
6000
6070
6180
6020
6120
567000
6120
6220
6270
6150
6230
847600
6230
6200
6240
6120
6200
552600
6200
6240
6260
6130
6180
885400
6180
6160
6220
6110
6150
597600
6150
6130
6220
6040
6150
725400
6150
6170
6190
6010
6110
550300
6110
5940
6060
5820
5880
872200
5880
5770
5920
5770
5900
1275200
5900
5850
5960
5830
5890
667800
5890
5890
5980
5850
5960
729700
5960
6010
6100
5970
5980
558400
5980
5940
5970
5900
5950
427200
5950
5770
5860
5730
5850
666200
5850
5860
6000
5790
5970
478400
5970
5890
5900
5750
5780
722500
5780
5840
5880
5740
5830
677800
5830
5680
5690
5430
5450
854300
5450
5450
5530
5350
5390
836900
5390
5390
5460
5290
5320
599400
5320
5280
5380
5220
5280
1012900
5280
5300
5370
5270
5340
907600
5340
5350
5500
5330
5430
651700
5430
5490
5700
5420
5620
1005800
5620
5570
5660
5520
5570
842600
5570
5750
5750
5580
5660
753100
5660
5710
5880
5670
5780
838500
5780
5880
5970
5860
5930
586600
5930
5940
5970
5830
5850
616400
5850
5800
5910
5740
5900
419700
5900
5730
5820
5630
5800
561400
5800
5790
5860
5790
5830
515100
5830
5840
5860
5720
5750
486000
5750
5790
5830
5740
5780
427100
5780
5780
5970
5780
5970
411900
5970
5870
5930
5840
5890
360500
5890
5730
5780
5690
5760
511100
5760
5860
5940
5830
5910
472000
5910
5910
6020
5890
6000
582200
6000
6090
6180
6030
6160
708700
6160
6200
6330
6180
6300
586700
6300
6300
6330
6140
6160
486700
6160
6200
6240
6100
6160
682100
6160
6300
6310
6190
6220
465300
6220
6270
6370
6120
6190
897000
6190
6030
6170
5970
6130
606900
6130
6090
6100
5970
6030
715200
6030
6050
6140
6050
6100
465200
6100
6000
6100
5970
6060
579400
6060
6020
6050
5930
5990
656700
5990
6090
6170
6030
6130
896000
6130
6200
6230
6010
6180
519800
6180
6110
6210
6010
6040
1181600
6040
6110
6160
6050
6150
384000
6150
6100
6160
5980
6000
630500
6000
6040
6100
5930
6090
601600
6090
6010
6020
5640
5710
821600
5710
5690
5720
5570
5610
1119500
5610
5440
5520
5430
5460
843200
5460
5460
5630
5450
5540
1042800
5540
5640
5740
5540
5610
1065700
5610
5600
5770
5590
5760
671000
5760
