3700
3765
3685
3760
497100
3760
3780
3800
3760
3800
399600
3800
3815
3920
3815
3905
621700
3905
3900
3930
3855
3915
395900
3915
3770
3770
3635
3660
1253600
3660
3650
3675
3620
3660
686500
3660
3660
3670
3615
3660
416700
3660
3655
3715
3605
3705
546400
3705
3655
3655
3605
3630
573500
3630
3650
3650
3460
3490
992800
3490
3690
3705
3605
3650
1165600
3650
3645
3660
3540
3660
791700
3660
3650
3690
3620
3685
650100
3685
3640
3710
3635
3660
442300
3660
3610
3610
3535
3560
701800
3560
3575
3580
3505
3515
433700
3515
3500
3600
3490
3545
713200
3545
3530
3550
3405
3435
755200
3435
3365
3610
3320
3460
1410000
3460
3460
3505
3400
3455
1229400
3455
3425
3470
3360
3365
692200
3365
3255
3280
3195
3225
735100
3225
3025
3080
2908
3010
1148700
3010
3175
3195
3005
3010
734900
3010
3010
3060
2987
3050
478300
3050
2926
2977
2892
2928
827400
2928
2980
3020
2903
2914
815100
2914
2926
2969
2861
2898
477100
2898
2914
2956
2895
2952
360300
2952
2953
3030
2932
3015
525300
3015
3045
3165
3045
3150
586900
3150
3115
3145
3070
3115
399700
3115
3115
3160
3090
3140
337200
3140
3105
3115
3025
3055
405200
3055
3100
3305
3100
3285
1033900
3285
3300
3335
3230
3270
577900
3270
3335
3335
3235
3280
388100
3280
3240
3290
3215
3220
478300
3220
3190
3190
3115
3140
452400
3140
3040
3130
3030
3100
520800
3100
3065
3065
2948
2960
436000
2960
3040
3210
3025
3105
939900
3105
3075
3215
3065
3115
867100
3115
3160
3220
3125
3195
687500
3195
3260
3290
3190
3215
745900
3215
3275
3375
3225
3330
1074500
3330
3310
3410
3280
3395
657400
3395
3360
3445
3330
3375
837700
3375
3370
3395
3305
3350
478900
3350
3375
3375
3255
3260
1526400
3260
3245
3260
3210
3235
512200
3235
3165
3225
3130
3215
538400
3215
3180
3225
3160
3220
587500
3220
3150
3150
2999
3010
1027400
3010
3040
3120
2966
3120
857600
3120
3170
3335
3170
3320
1212600
3320
3245
3370
3240
3315
716000
3315
3360
3380
3275
3320
664500
3320
3390
3440
3370
3385
659200
3385
3400
3510
3375
3475
775900
3475
3415
3485
3380
3470
585600
3470
3495
3495
3375
3380
826600
3380
3405
3420
3310
3345
646100
3345
3325
3340
3265
3275
636600
3275
3250
3320
3240
3290
518100
3290
3290
3350
3235
3335
451000
3335
3375
3545
3365
3430
970800
3430
3415
3415
3330
3340
418300
3340
3360
3475
3355
3445
547600
3445
3465
3485
3345
3395
508700
3395
3390
3420
3315
3325
502500
3325
3355
3445
3345
3410
536400
3410
3440
3545
3425
3480
581500
3480
3455
3520
3405
3465
381600
3465
3460
3470
3410
3435
304800
3435
3460
3490
3435
3465
345000
3465
3420
3430
3340
3405
566500
3405
3435
3460
3325
3340
512000
3340
3390
3485
3215
3265
1804500
3265
3260
3555
3240
3485
1885700
3485
3525
3700
3520
3655
1336200
3655
3680
3740
3655
3715
865800
3715
3800
3935
3760
3785
1682900
3785
3785
3870
3750
3845
724000
3845
3820
3915
3815
3905
535700
3905
3900
3970
3880
3910
766700
3910
3880
3935
3855
3915
337200
3915
3895
3930
3885
3900
396600
3900
3920
4070
3905
4060
870700
4060
4020
4090
3950
4040
572500
4040
4070
4120
4050
4080
369200
4080
4120
4165
4095
4135
328800
4135
4085
4105
4040
4085
370300
4085
4065
4155
4010
4015
549600
4015
4015
4030
3950
3960
374000
3960
3965
4030
3945
4010
449100
4010
4045
4055
3980
4005
296900
4005
3980
3995
3905
3925
522600
3925
3855
3905
3820
3855
594300
3855
3880
3920
3870
3885
775100
3885
3885
3945
3875
3920
820800
3920
3950
3970
3910
3945
680300
3945
4000
4010
3900
3940
682700
3940
3950
3990
3810
3835
779600
3835
3835
3930
3825
3895
725000
3895
3860
3870
3815
3835
534800
3835
3845
3865
3800
3810
364200
3810
3855
3915
3815
3880
775000
3880
3900
3930
3860
3920
582000
3920
3920
3930
3880
3905
440200
3905
3910
3910
3655
3715
985100
3715
3720
3750
3625
3680
484700
3680
3650
3715
3570
3585
427200
3585
3535
3535
3440
3525
700200
3525
3525
3555
3470
3485
536600
3485
3430
3450
3370
3425
570500
3425
3440
3510
3395
3415
672400
3415
3375
3540
3345
3530
564700
3530
3540
3560
3455
3515
386100
3515
3495
3535
3440
3525
371400
3525
3590
3600
3515
3555
407300
3555
3530
3610
3435
3440
485500
3440
3410
3485
3405
3430
484000
3430
3410
3430
3285
3315
598100
3315
3285
3330
3205
3225
618100
3225
3260
3365
3240
3345
549100
3345
3360
3405
3325
3400
340300
3400
3435
3510
3395
3475
501300
3475
3425
3460
3365
3370
452500
3370
3375
3410
3360
3385
386700
3385
3425
3445
3325
3335
528600
3335
3385
3505
3380
3470
916200
3470
3550
3620
3510
3510
596800
3510
3520
3520
3450
3505
490100
3505
3520
3585
3415
3475
661400
3475
3430
3445
3365
3390
515700
3390
3415
3480
3375
3480
448400
3480
3510
3555
3490
3550
468800
3550
3610
3645
3570
3590
469600
3590
3660
3690
3605
3650
563800
3650
3655
3695
3600
3630
480400
3630
3650
3740
3420
3520
1793500
3520
3520
3530
3280
3410
1295600
3410
3395
3455
3335
3355
858500
3355
3335
3345
3250
3285
558200
3285
3285
3290
3225
3240
364300
3240
3250
3325
3215
3305
438300
3305
3315
3425
3315
3380
724500
3380
3385
3470
3375
3430
456400
3430
3430
3440
3340
3350
450600
3350
3315
3320
3210
3215
488400
3215
3250
3335
3250
3300
533600
3300
3315
3340
3235
3270
363700
3270
3200
3310
3190
3290
586200
3290
3305
3330
3280
3310
285600
3310
3285
3300
3220
3225
284700
3225
3210
3265
3180
3240
295700
3240
3260
3330
3260
3315
353700
3315
3330
3355
3305
3330
287700
3330
3340
3340
3260
3275
312200
3275
3305
3325
3285
3310
267500
3310
3365
3390
3310
3315
285400
3315
3310
3365
3300
3315
346900
3315
3465
3540
3420
3480
1239000
3480
3445
3450
3390
3410
429600
3410
3430
3430
3325
3380
494500
3380
3405
3415
3345
3365
434900
3365
3350
3350
3260
3295
344800
3295
3255
3280
3205
3235
364200
3235
3200
3200
3075
3115
530500
3115
3105
3115
3035
3045
424200
3045
3070
3080
3000
3045
365400
3045
3050
3065
2922
2961
693200
2961
2973
3025
2955
2969
397900
2969
2940
2976
2900
2963
943300
2963
2959
3010
2915
3005
816000
3005
3075
3125
3050
3075
813200
3075
3110
3110
2998
3000
632500
3000
3040
3100
3010
3070
722700
3070
3075
3130
3015
3115
564900
3115
3130
3140
3075
3105
414100
3105
3100
3140
3035
3050
469400
3050
3070
3135
3045
3090
514300
3090
3080
3145
3065
3105
363800
3105
3150
3205
3125
3130
609500
3130
3120
3130
3035
3050
572400
3050
3090
3110
3040
3050
571900
3050
3005
3015
2930
2972
751300
2972
2943
2959
2900
2941
362100
2941
2956
2964
2862
2917
515200
2917
2780
2830
2771
2815
561200
2815
2811
2898
2784
2880
631100
2880
2832
2858
2808
2837
475500
2837
2818
2861
2801
2857
557400
2857
2902
2915
2873
2888
308900
2888
2876
2884
2840
2843
340200
2843
2800
2828
2766
2820
617400
2820
2800
2837
2768
2827
463200
2827
2802
2806
2720
2728
464200
2728
2757
2768
2664
2682
565100
2682
2595
2600
2555
2567
641500
2567
2582
2594
2440
2472
845700
2472
2527
2568
2499
2510
492500
2510
2490
2565
2467
2539
844100
2539
2573
2638
2471
2534
912200
2534
2634
2682
2608
2656
710900
2656
2698
2739
2647
2724
716000
2724
2701
2705
2651
2654
498800
2654
2669
2710
2659
2674
397500
2674
2689
2771
2649
2671
797700
2671
2721
2743
2660
2726
736000
2726
2735
2767
2697
2720
487800
2720
2705
2742
2684
2687
431700
2687
2650
2667
2598
2643
498700
2643
2640
2701
2635
2685
309200
2685
2684
2722
2671
2720
344400
2720
2720
2735
2667
2678
525900
2678
2684
2764
2684
2759
401800
2759
2714
2742
2685
2697
346200
2697
2637
2750
2623
2749
469000
2749
2764
2782
2711
2727
502400
2727
2735
2814
2722
2808
447500
2808
2810
2896
2810
2891
600100
2891
2957
3050
2950
3040
1221400
3040
3090
3190
3075
3130
1240600
3130
3125
3125
3050
3110
743500
3110
3120
3125
3075
3110
489000
3110
3110
3120
3050
3055
380600
3055
2970
3035
2955
3010
488300
3010
2945
2949
2849
2874
731200
2874
2870
2873
2788
2819
572200
2819
2774
2777
2695
2714
542000
2714
2692
2694
2578
2619
873300
2619
2641
2684
2619
2680
711800
2680
2663
2723
2622
2714
685400
2714
2703
2718
2617
2635
818800
2635
2635
2654
2581
2582
526700
2582
2547
2621
2504
2599
690500
2599
2603
2629
2520
2624
583800
2624
2574
2619
2488
2509
608600
2509
2459
2485
2391
2419
641100
2419
2291
2338
2279
2289
378300
2289
2302
2365
2279
2326
449700
2326
2394
2456
2387
2439
575500
2439
2401
2456
2401
2421
379500
2421
