4545
4640
4530
4640
421700
4640
4660
4680
4615
4670
377000
4670
4690
4700
4600
4620
511200
4620
4635
4655
4585
4605
272500
4605
4540
4550
4500
4540
486000
4540
4525
4540
4470
4490
586500
4490
4535
4555
4500
4535
293900
4535
4540
4555
4505
4550
179900
4550
4495
4520
4485
4495
267500
4495
4550
4550
4395
4405
459500
4405
4405
4435
4370
4405
441500
4405
4405
4435
4370
4410
298100
4410
4450
4500
4430
4490
309100
4490
4490
4505
4455
4470
248400
4470
4475
4475
4405
4415
229400
4415
4420
4470
4420
4445
245200
4445
4470
4490
4440
4465
192400
4465
4465
4475
4380
4390
347600
4390
4385
4415
4340
4345
288400
4345
4355
4440
4315
4425
303700
4425
4380
4405
4370
4385
186600
4385
4300
4305
4220
4220
302600
4220
4010
4050
3885
3990
607600
3990
4100
4240
3950
3995
919700
3995
4000
4145
3990
4125
605400
4125
3970
4030
3960
4030
596800
4030
4095
4110
3960
3970
324100
3970
3940
3965
3770
3800
787500
3800
3845
3865
3710
3740
758900
3740
3730
3780
3700
3765
824700
3765
3790
3860
3750
3860
457500
3860
3815
3860
3800
3850
371800
3850
3880
3925
3860
3915
297100
3915
3870
3880
3820
3875
276400
3875
3930
3935
3895
3920
179800
3920
3990
4005
3910
3940
361700
3940
4045
4090
3985
4075
518600
4075
4045
4070
3970
3970
311400
3970
3910
3915
3835
3855
304800
3855
3750
3790
3735
3770
329600
3770
3750
3765
3700
3715
221000
3715
3810
3835
3765
3775
247300
3775
3735
3820
3725
3765
342700
3765
3795
3800
3740
3775
288600
3775
3805
3945
3800
3855
809400
3855
3925
4015
3920
3990
544300
3990
3945
3955
3805
3890
609100
3890
3820
3885
3820
3855
269200
3855
3830
3840
3760
3820
312400
3820
3855
3900
3835
3835
355800
3835
3800
3825
3755
3770
194300
3770
3730
3765
3725
3750
217600
3750
3775
3815
3765
3785
275500
3785
3640
3655
3550
3560
792600
3560
3500
3535
3405
3530
864700
3530
3545
3630
3530
3630
737100
3630
3525
3545
3500
3540
542000
3540
3600
3610
3510
3545
260200
3545
3600
3605
3545
3565
283600
3565
3600
3655
3585
3610
259300
3610
3550
3590
3530
3580
346300
3580
3635
3640
3580
3630
419200
3630
3700
3760
3655
3745
707300
3745
3745
3745
3685
3720
434300
3720
3725
3750
3685
3740
309700
3740
3715
3820
3710
3805
336700
3805
3780
3855
3775
3835
351600
3835
3840
3840
3740
3755
367200
3755
3770
3795
3745
3785
272600
3785
3825
3830
3780
3825
223400
3825
3790
3800
3720
3770
284600
3770
3830
3960
3790
3935
438700
3935
3990
4050
3985
4020
471200
4020
4005
4100
3970
4060
568000
4060
4095
4095
4035
4050
209000
4050
4070
4090
4030
4055
429500
4055
3995
4005
3930
4000
363500
4000
4020
4030
3960
3985
198200
3985
4015
4015
3885
3910
497900
3910
4050
4090
3970
4005
493400
4005
4070
4105
3995
4010
401600
4010
4010
4015
3955
3975
278100
3975
3980
4010
3950
3960
339200
3960
3960
3965
3910
3945
344800
3945
3955
4215
3855
4195
1169900
4195
4210
4345
4195
4345
662400
4345
4325
4420
4285
4410
415600
4410
4410
4410
4330
4365
299000
4365
4390
4405
4350
4370
253400
4370
4335
4385
4300
4370
370500
4370
4400
4440
4355
4425
394700
4425
4420
4430
4375
4400
199700
4400
4375
4395
4350
4385
149500
4385
4320
4400
4285
4295
342400
4295
4275
4285
4185
4210
355400
4210
4190
4190
4110
4155
370900
4155
4140
4215
4130
4165
264500
4165
4150
4150
4085
4125
211000
4125
4020
4070
4015
4045
214000
4045
4050
4070
3990
3995
487600
3995
3945
4020
3940
3955
383600
3955
4000
4025
3970
4005
355700
4005
4015
4020
3980
4010
272600
4010
4045
4110
4035
4100
341900
4100
4140
4195
4115
4155
361400
4155
4085
4120
4050
4055
461200
4055
4055
4130
4025
4095
237800
4095
4145
4155
4070
4105
270000
4105
4065
4070
3960
3975
423000
3975
3960
3985
3935
3940
299100
3940
3965
3965
3880
3885
337500
3885
3860
3860
3770
3790
278600
3790
3730
3735
3645
3645
564000
3645
3660
3680
3580
3660
455100
3660
3660
3665
3585
3635
416400
3635
3575
3615
3565
3610
499500
3610
3635
3675
3610
3660
577700
3660
3715
3740
3640
3720
648400
3720
3755
3765
3690
3710
399700
3710
3685
3730
3670
3720
292800
3720
3695
3700
3625
3695
291700
3695
3680
3715
3605
3615
262200
3615
3605
3635
3555
3605
494300
3605
3555
3570
3510
3550
474200
3550
3545
3575
3500
3515
235600
3515
3520
3570
3515
3550
273600
3550
3545
3620
3535
3610
291500
3610
3655
3695
3615
3660
395700
3660
3605
3605
3510
3550
290400
3550
3525
3545
3500
3520
585000
3520
3575
3675
3555
3635
645400
3635
3670
3785
3660
3715
442000
3715
3815
3850
3750
3755
426000
3755
3785
3810
3740
3740
315300
3740
3755
3775
3710
3745
345400
3745
3715
3760
3710
3735
268200
3735
3770
3805
3700
3730
382600
3730
3775
3835
3770
3825
287200
3825
3895
3910
3860
3885
359400
3885
3890
3920
3880
3915
190100
3915
3875
3910
3865
3900
204200
3900
3885
3890
3820
3835
391000
3835
3870
3970
3860
3955
320300
3955
3945
4000
3945
3960
389700
3960
3950
3970
3850
3910
493100
3910
3935
3960
3875
3910
353300
3910
3890
4095
3805
4025
1060700
4025
3985
3995
3840
3860
714400
3860
3820
3960
3820
3940
417200
3940
3930
3930
3825
3840
430700
3840
3780
3805
3715
3720
341900
3720
3755
3815
3730
3790
442400
3790
3745
3770
3620
3650
375000
3650
3580
3595
3520
3570
460300
3570
3610
3610
3550
3560
309500
3560
3540
3580
3530
3565
275700
3565
3550
3670
3550
3650
349200
3650
3640
3740
3615
3735
547200
3735
3735
3740
3705
3740
208500
3740
3770
3775
3740
3760
198800
3760
3765
3825
3745
3810
257200
3810
3830
3855
3770
3785
314700
3785
3785
3855
3785
3825
165600
3825
3880
3880
3805
3835
232700
3835
3775
3850
3755
3805
336700
3805
3825
3840
3745
3765
212700
3765
3780
3790
3715
3720
260800
3720
3650
3675
3620
3640
375300
3640
3610
3655
3595
3605
276800
3605
3560
3570
3505
3515
371600
3515
3485
3550
3485
3505
305900
3505
3525
3540
3465
3525
318200
3525
3540
3550
3470
3485
274700
3485
3515
3555
3505
3545
194800
3545
3570
3660
3550
3650
418100
3650
3635
3760
3625
3735
323500
3735
3800
3845
3775
3810
263800
3810
3840
3840
3770
3810
236900
3810
3850
3890
3815
3870
351900
3870
3890
3935
3850
3930
303500
3930
3820
3965
3820
3955
354600
3955
3895
3935
3880
3905
375300
3905
3975
4010
3920
3960
322800
3960
3985
4035
3965
4005
259400
4005
4050
4100
4040
4045
352900
4045
4015
4070
3980
4015
247700
4015
4040
4065
3985
3995
333600
3995
3965
3980
3880
3885
334500
3885
3820
3970
3800
3925
538100
3925
3960
3975
3875
3905
284200
3905
3765
3855
3755
3805
404000
3805
3790
3930
3770
3910
567400
3910
3895
3925
3855
3870
431100
3870
3855
3975
3855
3950
401500
3950
4020
4025
3955
3980
450600
3980
3995
3995
3900
3915
246600
3915
3810
3825
3720
3805
363100
3805
3785
3880
3760
3860
256600
3860
3790
3805
3715
3745
286800
3745
3815
3830
3710
3755
240900
3755
3615
3635
3575
3585
283700
3585
3610
3635
3535
3565
368700
3565
3635
3645
3580
3590
211900
3590
3535
3650
3525
3610
325600
3610
3630
3685
3600
3680
303500
3680
3670
3765
3645
3730
346800
3730
3745
3830
3720
3815
322400
3815
3745
3760
3685
3720
283500
3720
3730
3760
3685
3685
432400
3685
3685
3855
3430
3480
1316100
3480
3640
3785
3635
3705
1013100
3705
3710
3745
3545
3675
802000
3675
3665
3690
3585
3590
325800
3590
3500
3500
3410
3460
519700
3460
3450
3470
3405
3465
518700
3465
3445
3515
3435
3470
289000
3470
3460
3475
3415
3435
254400
3435
3405
3415
3360
3380
292100
3380
3360
3425
3330
3415
298800
3415
3385
3470
3375
3465
374200
3465
3515
3535
3490
3515
448600
3515
3500
3540
3485
3515
382200
3515
3565
3590
3540
3565
310600
3565
3590
3640
3575
3610
430200
3610
3660
3700
3650
3655
295800
3655
3670
3700
3640
3660
490700
3660
3765
3775
3710
3725
385900
3725
3745
3750
3655
3655
358900
3655
3625
3680
3615
3660
319900
3660
3635
3660
3580
3615
377400
3615
3615
3615
3520
3550
318100
3550
3465
3465
3400
3430
364000
3430
3425
3435
3250
3275
632300
3275
3290
3335
3275
3325
384200
3325
3350
3420
3335
3405
291600
3405
3350
3410
3330
3345
540500
3345
3365
3380
3270
3275
296900
3275
3175
3220
3145
3180
449000
3180
3195
3205
3140
3165
200500
3165
3105
3135
3040
3055
341100
3055
3055
3060
2982
3020
331200
3020
2850
2896
2805
2876
405700
2876
2885
2945
2850
2912
386900
2912
3010
3085
2997
3070
532100
3070
3075
3135
3065
3110
261600
3110
