1258
1275.5
1255
1275.5
7336700
1275.5
1288
1301
1285
1298.5
6347500
1298.5
1319
1319.5
1304
1305.5
5724000
1305.5
1300
1302.5
1284.5
1289
5295500
1289
1273.5
1288.5
1273.5
1288.5
6701200
1288.5
1291
1305
1289.5
1294
6269200
1294
1306.5
1311
1278
1284.5
5039100
1284.5
1281.5
1290
1270
1289.5
4715800
1289.5
1282.5
1289
1271
1287.5
4980200
1287.5
1295
1296.5
1241.5
1243
9889300
1243
1207.5
1213
1193.5
1208.5
14136100
1208.5
1215.5
1218
1199
1217.5
5164300
1217.5
1220
1221
1201.5
1217.5
5950300
1217.5
1217.5
1223.5
1200.5
1210
4952700
1210
1200
1209.5
1195.5
1202
5778300
1202
1207
1210
1201
1208.5
4967300
1208.5
1210.5
1223
1210.5
1221.5
5444000
1221.5
1223
1223
1192.5
1195
8383800
1195
1191.5
1205
1184.5
1184.5
7602800
1184.5
1194.5
1210
1185
1208
5111500
1208
1199
1207.5
1189
1197
4997200
1197
1167
1174
1157
1163.5
7272300
1163.5
1102
1132
1073.5
1100
14620200
1100
1155
1158.5
1088
1088
10858900
1088
1100
1114.5
1090.5
1098.5
8723800
1098.5
1051
1070.5
1049
1062
9468500
1062
1083
1088
1050
1050
9247400
1050
1052
1068
1035.5
1041
7737700
1041
1055
1058.5
1041.5
1047.5
5490900
1047.5
1056
1083
1053
1073.5
5199200
1073.5
1082
1106
1079
1103.5
3865400
1103.5
1100
1101.5
1083
1089.5
3831300
1089.5
1099
1113
1096.5
1104
5660400
1104
1090
1094.5
1070.5
1078
4879400
1078
1081.5
1108.5
1077.5
1107
5202000
1107
1117
1118
1095.5
1098.5
5102700
1098.5
1112.5
1123
1109
1115
4945000
1115
1109
1121
1093.5
1094
6763400
1094
1085
1087
1067
1077
6248700
1077
1052
1064.5
1047
1059
6281200
1059
1042
1044
1026
1027
5492600
1027
1050
1067
1045
1049
4989400
1049
1038.5
1048.5
1029
1030
5473200
1030
1035.5
1038.5
1022
1027
5087600
1027
1032.5
1056.5
1030
1039
6435700
1039
1067.5
1074.5
1055
1064.5
5164900
1064.5
1062
1063.5
1049
1063.5
5443700
1063.5
1051.5
1062
1048
1055
4993700
1055
1043.5
1052
1031.5
1046.5
5842100
1046.5
1046.5
1048.5
1032
1034
4885900
1034
1027
1034.5
1016.5
1019.5
4819300
1019.5
1010
1017
1006
1016.5
4967800
1016.5
1022.5
1024
1010.5
1023
4909000
1023
994.4
995.8
975.3
978.1
8899000
978.1
967.7
983
958.9
982.7
6210300
982.7
1001.5
1019
994
1017
7013000
1017
994.5
1012.5
989.2
1012
6278900
1012
1026
1028.5
1003
1020
6279000
1020
1032.5
1039
1026
1030.5
4030700
1030.5
1028
1032.5
1018.5
1019.5
2740000
1019.5
1003
1015.5
999.6
1012.5
3866100
1012.5
1011.5
1012.5
988.8
993.5
5913400
993.5
1000
1011.5
993.1
1006.5
4728900
1006.5
1007
1008
994.2
994.7
4874100
994.7
994.2
998.9
978.2
991.9
4292000
991.9
992.8
1024
988.2
1021
5644000
1021
1029
1031
1019
1021.5
4983400
1021.5
1026
1031
1015.5
1019.5
3318200
1019.5
1025
1045.5
1022
1039.5
5402500
1039.5
1042
1046
1027
1038.5
3940900
1038.5
1043
1044
1029
1035
3677500
1035
1030
1036
1018.5
1034.5
6337500
1034.5
1056.5
1069.5
1054.5
1063
6518300
1063
1070
1071
1043.5
1056
4476000
1056
1053.5
1056
1041.5
1050.5
3005900
1050.5
1064
1066
1054.5
1064
3730700
1064
1052
1056.5
1041.5
1055.5
3632700
1055.5
1055
1055
1046
1049
3561400
1049
1058.5
1060.5
1033
1039.5
5094800
1039.5
1039.5
1050
1034
1046.5
3440000
1046.5
1049
1053
1040.5
1045
4491300
1045
1043.5
1044
1010.5
1021
6059900
1021
1021
1036
1019.5
1026
3949900
1026
1017.5
1022
1010
1018.5
5353500
1018.5
1032
1055.5
1015
1039
10950500
1039
1041
1043
1012.5
1019.5
10186900
1019.5
1006
1007.5
989.2
999.2
9939300
999.2
1002
1028.5
1001
1011.5
9590600
1011.5
1009
1019
1003.5
1015.5
5574900
1015.5
1021
1045
1020
1041
6306600
1041
1045
1072.5
1041.5
1058
9135300
1058
1058
1059
1039.5
1050.5
7219500
1050.5
1050
1057.5
1041.5
1051.5
5736700
1051.5
1052
1066.5
1045.5
1045.5
7267700
1045.5
1046.5
1047
1022.5
1026
6395500
1026
1026
1028.5
1014
1019
7241600
1019
1011
1021
1006
1018.5
6142300
1018.5
1010
1014.5
999.6
1007
6412600
1007
988
992.1
980.3
990.5
7814200
990.5
1005.5
1019
995.7
1008
21826300
1008
985
995.9
975.4
986.2
11074000
986.2
995.1
1001.5
988.2
996.9
4676200
996.9
1002
1003
986.7
987.9
5354400
987.9
985
996.5
984.6
991.1
4501900
991.1
1003
1022
998.8
1016
6864100
1016
1008
1017.5
998.2
998.2
5943300
998.2
1000
1009.5
992
1000.5
3716500
1000.5
1008.5
1012.5
995.3
1002.5
4328700
1002.5
1000
1004.5
990.7
998.3
4413700
998.3
991
998.3
980.4
981.5
5952800
981.5
983.2
984.3
964.1
970.2
9810100
970.2
960
962.9
940.3
948.1
5663600
948.1
939.8
942.9
923
924.6
7574900
924.6
914
918.6
895.2
915.9
9070600
915.9
900.9
922.9
896.1
906
6745000
906
883
899.4
878.3
897
8260900
897
915.3
931.6
902.9
904.2
6888300
904.2
897.9
921.7
893.9
919.7
5547700
919.7
914
918.5
893.4
899.3
9245200
899.3
901.4
911
899.2
909.3
5833200
909.3
918.6
927.4
910.4
927.4
8389600
927.4
923.8
938.3
915.3
916.1
5586600
916.1
920.1
925.9
909.6
919.6
6562900
919.6
910
920.7
905.8
911.3
4175600
911.3
910.6
914.8
897
899.6
4746800
899.6
898.1
927
896.5
918.2
9031000
918.2
919.3
935.4
919.1
934.5
3466800
934.5
939.9
953.2
937
948.5
6582700
948.5
942.4
944.7
923.3
936.7
5477000
936.7
924.8
932.6
916.5
916.7
5604200
916.7
915
936.7
914.5
931.2
4994500
931.2
939.7
957.8
938.8
953.5
6894100
953.5
968.5
969
953.9
956.6
4449100
956.6
956.8
971.9
953.9
962.1
5643700
962.1
966.8
971.8
953.9
954.6
5878900
954.6
947.5
961.2
944.1
957.8
4595800
957.8
962.9
968.2
951.5
954.7
3475100
954.7
963
972.7
960
969.6
4377400
969.6
978
987.3
976.7
978.7
4880100
978.7
985.7
994.2
978.5
994.2
4403200
994.2
986
997
984.1
990.7
4505000
990.7
992.5
992.5
966.9
974.7
9467900
974.7
990
1017.5
985.1
1013.5
8026700
1013.5
1006
1008.5
988
994.3
6087400
994.3
992.1
1002
988.1
991.6
5740900
991.6
999.6
1002
987.5
991.7
4533600
991.7
985
995.9
977
995.9
4038400
995.9
994.4
1002
986.2
993.5
5511900
993.5
992.5
1002
990.1
998.5
4470700
998.5
999.8
999.9
980.8
983.7
5170200
983.7
970.6
972.5
951.1
955.6
4554400
955.6
953.4
965.2
950.2
963.3
3984800
963.3
968.5
971.6
940
946.1
6570600
946.1
927
957.8
926.4
954
5793600
954
958.6
964.4
954.6
956.9
3783900
956.9
954.8
958
945.8
949.3
3769400
949.3
944.6
955.2
941.1
952.3
3131100
952.3
954.5
975
950.1
973.6
3912500
973.6
979.9
980.5
970.1
975.2
2749100
975.2
981
981.8
971.4
974.3
2932400
974.3
985
997.8
981.3
993.9
3040300
993.9
1004.5
1016
1003
1005.5
4152100
1005.5
1014.5
1024
1013
1018.5
5650300
1018.5
1018
1018
1002.5
1008
5131800
1008
996.5
1002.5
992.4
996
4325800
996
991.2
993.2
975
980.9
2840100
980.9
986.9
987.2
969.6
973.9
4080600
973.9
969
976.7
965.1
970.5
4417600
970.5
961
975
958
966.3
3565900
966.3
961.3
963.9
945.4
951.2
3747900
951.2
951.9
966.5
951.2
957.7
3603400
957.7
958
960
948.6
952.5
3525400
952.5
953.3
954.4
940.7
945.2
5014600
945.2
950
971.6
950
967.7
4451400
967.7
976.2
993.6
973.1
993
8148700
993
993
1012
983.4
1002.5
6674500
1002.5
1020
1025.5
1009
1010.5
6361300
1010.5
1016
1016.5
991.8
997
6705300
997
1005
1014
997.3
1014
7511100
1014
1017
1042
1012
1041.5
7598600
1041.5
1035.5
1040
1017.5
1033.5
5906000
1033.5
1041
1061
1039
1048
8581200
1048
1065
1092.5
1063.5
1087.5
11411500
1087.5
1093.5
1104
1081
1093.5
6080000
1093.5
1105
1124.5
1098.5
1101.5
7373800
1101.5
1106
1116.5
1093
1102.5
7463900
1102.5
1120.5
1123.5
1097.5
1101.5
5770400
1101.5
1086
1090.5
1064
1065.5
8011100
1065.5
1061
1067.5
1052
1056.5
5919800
1056.5
1055
1056.5
1015
1026
8875500
1026
984.3
996.6
972.8
980.4
11294600
980.4
972
979.9
962.8
979.3
6934200
979.3
965.7
970.2
952.1
955.6
6933400
955.6
962
965.7
951.2
961.7
7071600
961.7
976.2
984.8
964
970.1
4682400
970.1
958.3
960.1
938.1
939.3
8135300
939.3
920.9
926.5
915.5
924.3
7849600
924.3
915
929.3
907
928.2
5231200
928.2
916.8
921
893.4
894.4
7469500
894.4
912
912.3
883.3
890.7
5978300
890.7
869.5
872.3
860.3
862.9
7088100
862.9
873.2
874.9
842.3
850.7
7088600
850.7
859.3
871.8
849.3
852.4
4041400
852.4
844.9
871
844.2
865.4
11364800
865.4
872
881.1
861.8
881.1
6987100
881.1
883
919
876.5
905.3
11642300
905.3
919.9
935
908
930.8
11783800
930.8
919
924.8
908.2
911.3
5939800
911.3
917
934.4
914.6
929.2
5703100
929.2
933
952.9
924.8
930.6
8217600
930.6
950
950.8
931.4
934.9
6647000
934.9
933
942.5
928.1
939.1
5024300
939.1
930
942.6
922.4
940.4
3118300
940.4
916.1
921.9
904.4
916.4
5007400
916.4
918.9
933.8
916.6
932.2
4288000
932.2
927.5
939.9
925.1
933.7
3067000
933.7
937.4
941.4
919.5
922
3994800
922
922.1
925.9
912.6
925.3
3903000
925.3
912.5
918.7
905.1
914.1
3718200
914.1
909.3
930.1
899.3
927.1
4977500
927.1
935.6
935.6
919
925.1
3202900
925.1
929.2
933.8
920
927.6
3359800
927.6
935
938.5
924.1
933.9
4747900
933.9
931
937.5
917.3
936.7
5976200
936.7
942
947.4
930.5
933.9
5240100
933.9
927
938
924.6
928.6
7977700
928.6
945
949.4
931.2
935
5367300
935
933
935.8
916.9
919.7
8016500
919.7
902.1
911.9
892.2
896.2
6014500
896.2
887.5
888
870
877.6
6944800
877.6
884.5
885.7
861.7
868
5561000
868
850
857
841.9
853.3
4836100
853.3
852.6
853.3
828.6
833.7
5431000
833.7
841.3
851.3
839.9
849.1
5161000
849.1
859
861.3
849.1
852.3
5919900
852.3
848
856
836.6
844.6
6443200
844.6
835
855.7
835
840.5
4174500
840.5
830.6
838.7
825
825
7483500
825
820
824.2
808.8
817
7039800
817
808.8
811.1
790.1
794.3
8629400
794.3
796.3
810.9
790
795.5
10050800
795.5
780
781.2
762.3
766.3
9662400
766.3
775
794.4
773.7
789.9
8330700
789.9
831.8
845.7
818.1
839.6
10705000
839.6
825.4
844.5
825
832.6
5045200
832.6
