4775
4850
4760
4845
1527100
4845
4850
4855
4815
4840
1114900
4840
4855
4860
4805
4805
1173900
4805
4840
4955
4835
4915
1515200
4915
4920
5020
4915
4985
1545700
4985
5000
5060
4935
4950
1362400
4950
4930
4950
4895
4900
1200400
4900
4955
5010
4930
4985
973200
4985
4960
4980
4930
4950
850400
4950
4965
4980
4910
4930
1389100
4930
4940
4950
4905
4930
807600
4930
4920
4930
4900
4920
614600
4920
4945
5040
4940
5030
1046400
5030
5030
5050
4940
4950
990600
4950
5090
5230
5080
5150
2507500
5150
5150
5250
5130
5170
1682900
5170
5120
5130
5030
5050
1295800
5050
5060
5070
4945
4965
1528300
4965
4950
4960
4880
4885
1201700
4885
4865
4925
4830
4915
1165900
4915
4870
4920
4850
4895
869800
4895
4800
4895
4775
4855
1476800
4855
4710
4720
4525
4620
2786700
4620
4665
4715
4575
4575
2194500
4575
4610
4715
4585
4655
1411300
4655
4515
4610
4500
4565
1909000
4565
4570
4665
4540
4605
1873700
4605
4500
4705
4405
4685
3765200
4685
4740
4970
4740
4920
2530500
4920
4920
5050
4910
4995
1584000
4995
5020
5050
4900
4960
1430700
4960
4980
5010
4935
4985
905300
4985
4960
5010
4935
4970
1055000
4970
4935
4980
4905
4970
1097900
4970
4940
4965
4890
4940
894500
4940
4995
5020
4975
4995
857000
4995
5030
5030
4970
4995
1124200
4995
4960
5010
4945
4945
1366100
4945
4895
4900
4765
4795
1269400
4795
4655
4670
4550
4590
2531500
4590
4540
4575
4490
4520
1042100
4520
4595
4630
4570
4595
953300
4595
4710
4770
4670
4715
1836000
4715
4720
4730
4660
4670
1252500
4670
4660
4715
4620
4635
1953800
4635
4760
4760
4690
4730
1166800
4730
4735
4810
4725
4785
948800
4785
4750
4780
4730
4750
826000
4750
4750
4765
4700
4755
766600
4755
4735
4740
4655
4675
1564200
4675
4640
4670
4585
4635
906200
4635
4605
4625
4580
4620
661400
4620
4700
4705
4610
4675
1090200
4675
4515
4535
4390
4405
2491700
4405
4375
4420
4345
4410
1063600
4410
4355
4485
4330
4485
1869500
4485
4485
4575
4480
4560
1352400
4560
4615
4665
4600
4650
1113400
4650
4685
4695
4615
4670
883800
4670
4650
4710
4635
4640
696800
4640
4600
4665
4575
4655
916500
4655
4690
4760
4670
4735
965200
4735
4760
4770
4675
4715
933400
4715
4725
4770
4700
4730
1301400
4730
4730
4760
4720
4740
607000
4740
4740
4780
4715
4750
787300
4750
4750
4760
4680
4690
756100
4690
4830
4900
4800
4860
1655200
4860
4865
4880
4810
4870
828300
4870
4910
4945
4885
4925
917900
4925
4910
4940
4855
4905
965000
4905
4940
5020
4940
4990
1041200
4990
4995
5060
4980
5030
936300
5030
5100
5150
5080
5130
1573400
5130
5110
5170
5090
5150
867600
5150
5190
5200
5170
5180
863900
5180
5150
5200
5140
5180
590400
5180
5150
5180
5090
5160
650900
5160
5190
5200
5140
5180
756100
5180
5160
5240
5160
5210
994100
5210
5220
5270
5170
5210
703500
5210
5230
5250
5150
5220
606600
5220
5260
5290
5230
5260
707400
5260
5270
5280
5190
5230
618100
5230
5190
5210
5160
5170
584100
5170
5160
5230
5140
5200
799300
5200
5190
5230
5160
5210
610600
5210
5200
5210
5090
5140
1030000
5140
4945
5220
4945
5190
2554100
5190
5250
5390
5230
5340
1904800
5340
5370
5440
5320
5330
1324800
5330
5370
5410
5300
5310
900400
5310
5350
5380
5300
5320
925500
5320
5350
5380
5310
5360
896700
5360
5370
5420
5330
5360
1083000
5360
5380
5410
5310
5310
668100
5310
5300
5320
5220
5300
475400
5300
5290
5310
5180
5240
709100
5240
5250
5280
5170
5190
1229700
5190
5220
5260
5190
5200
900300
5200
5180
5230
5160
5190
635500
5190
5210
5250
5190
5210
453100
5210
5250
5290
5190
5220
623300
5220
5250
5350
5240
5320
921400
5320
5310
5310
5220
5280
1091600
5280
5300
5310
5210
5210
1238500
5210
5210
5300
5190
5280
560400
5280
5370
5390
5310
5330
802100
5330
5360
5440
5350
5360
635000
5360
5320
5330
5260
5270
695000
5270
5330
5350
5250
5260
1056400
5260
5270
5290
5200
5210
655000
5210
5190
5240
5130
5130
1074500
5130
5120
5170
5080
5150
958300
5150
5150
5230
5100
5190
732300
5190
5200
5290
5160
5280
940900
5280
5300
5330
5270
5290
863500
5290
5280
5310
5240
5280
876800
5280
5220
5220
5120
5170
824500
5170
5160
5210
5060
5210
1141200
5210
5210
5260
5180
5250
1004700
5250
5210
5230
5120
5140
766600
5140
5170
5180
5070
5100
968200
5100
5050
5080
5020
5060
563100
5060
5090
5130
5000
5030
812200
5030
5010
5070
5010
5030
827400
5030
5030
5120
5020
5090
470500
5090
5080
5150
5070
5090
667200
5090
5060
5100
4970
5000
705300
5000
5060
5080
4950
4960
1135400
4960
4985
5040
4955
5010
1059300
5010
5030
5180
5030
5150
1279300
5150
5150
5150
5000
5010
1365000
5010
5060
5080
4995
5050
936700
5050
4905
4920
4640
4705
4736900
4705
4685
4710
4660
4690
1817400
4690
4715
4735
4685
4720
1305100
4720
4720
4725
4670
4690
1166700
4690
4705
4705
4640
4685
1336800
4685
4680
4705
4660
4705
1098600
4705
4670
4705
4640
4685
903100
4685
4690
4705
4655
4690
1106900
4690
4690
4735
4665
4725
1071500
4725
4720
4760
4715
4735
975600
4735
4730
4795
4715
4760
1025300
4760
4740
4845
4700
4775
1102100
4775
4800
4885
4770
4825
892700
4825
4805
4840
4795
4800
829000
4800
4810
4835
4650
4740
1979700
4740
4950
4955
4815
4870
2402500
4870
4880
4945
4810
4905
1337100
4905
4940
5050
4935
5040
1115800
5040
5070
5140
5070
5080
1136900
5080
5060
5150
5030
5120
1318800
5120
5150
5220
5140
5170
1110700
5170
5170
5220
5170
5200
946700
5200
5200
5230
5180
5190
941500
5190
5220
5270
5190
5240
1186700
5240
5250
5270
5210
5220
925000
5220
5240
5240
5170
5190
759500
5190
5190
5220
5160
5200
803900
5200
5180
5190
5140
5150
1244600
5150
5140
5210
5100
5160
947600
5160
5190
5210
5090
5180
3307600
5180
5160
5200
5150
5190
725200
5190
5160
5200
5140
5200
475700
5200
5180
5180
5090
5100
728700
5100
5080
5130
5020
5100
1092500
5100
5080
5110
5030
5050
803700
5050
5040
5080
5020
5050
573100
5050
5080
5170
5080
5150
770700
5150
5200
5230
5150
5180
788700
5180
5170
5170
5110
5120
736800
5120
5140
5190
5130
5150
656100
5150
5200
5200
5070
5110
1720300
5110
5110
5230
5110
5190
1418700
5190
5240
5260
5180
5190
1131600
5190
5220
5230
5170
5200
1026000
5200
5260
5320
5240
5270
1818100
5270
5270
5300
5250
5280
1048300
5280
5250
5280
5230
5260
845100
5260
5240
5270
5190
5190
759400
5190
5250
5340
5240
5270
1373600
5270
5270
5330
5230
5300
961100
5300
5350
5520
5340
5490
2161000
5490
5460
5710
5420
5640
2164600
5640
5610
5660
5470
5480
1367800
5480
5490
5610
5450
5580
1269900
5580
5570
5630
5520
5570
1329400
5570
5600
5660
5580
5610
767900
5610
5440
5500
5400
5480
1296700
5480
5380
5480
5380
5410
1733800
5410
5390
5490
5370
5460
1355200
5460
5430
5520
5420
5520
1596800
5520
5600
5640
5550
5580
1207500
5580
5590
5650
5560
5580
1099000
5580
5530
5580
5490
5580
891800
5580
5630
5710
5570
5660
1524500
5660
5680
5680
5550
5610
1363000
5610
5680
5690
5550
5590
995600
5590
5500
5520
5410
5430
1165900
5430
5390
5400
5210
5260
1682400
5260
5330
5360
5230
5270
1053900
5270
5260
5280
5210
5260
1009900
5260
5250
5250
5160
5240
1212600
5240
5260
5330
5260
5310
1082700
5310
5300
5340
5250
5290
1277400
5290
5230
5270
5130
5270
913400
5270
5330
5400
5300
5380
890300
5380
5400
5460
5370
5410
1198500
5410
5480
5540
5460
5500
1083700
5500
5470
5470
5420
5440
849600
5440
5420
5430
5300
5340
778300
5340
5170
5220
5030
5060
1586500
5060
5040
5080
4965
4990
1449700
4990
4950
5180
4890
5160
1369800
5160
5210
5240
5040
5060
1352000
5060
5010
5020
4985
4995
602700
4995
4975
5030
4975
5010
791600
5010
4875
4875
4760
4835
1677700
4835
4880
4935
4855
4915
843700
4915
4885
4965
4870
4945
1152100
4945
4995
5050
4985
5020
1031600
5020
5030
5060
4990
5030
1091200
5030
5080
5120
5030
5070
850500
5070
5070
5080
4995
5060
2632000
5060
5100
5140
5020
5110
859600
5110
5110
5130
5030
5030
1115100
5030
4985
5030
4965
5020
858800
5020
4995
5040
4920
4945
1046400
4945
4960
5130
4950
5120
1222900
5120
5000
5020
4935
5000
1182400
5000
5030
5080
5010
5010
1241900
5010
5110
5240
5090
5230
1708400
5230
5270
5360
5250
5330
1150900
5330
5330
5410
5260
5270
1898200
5270
5260
5270
5170
5240
995300
5240
5170
5170
5010
5020
1356900
5020
5080
5080
4995
5070
1108400
5070
5010
5060
4870
4915
1695700
4915
4925
4955
4830
4865
1787700
4865
4685
4700
4525
4565
1314800
4565
4575
4710
4570
4695
1359200
4695
4765
4905
4750
4875
1499400
4875
4850
4930
4845
4905
1188000
4905
