7714
7714
7606
7701
1683400
7701
7725
7729
7614
7678
1617500
7678
7750
7844
7739
7820
1462300
7820
7764
7783
7691
7704
1118900
7704
7680
7709
7575
7610
1237900
7610
7581
7608
7490
7522
1895800
7522
7525
7591
7519
7580
1003500
7580
7584
7766
7575
7747
1298100
7747
7670
7775
7629
7718
1595700
7718
7825
7847
7681
7710
1893300
7710
7730
7775
7627
7656
1174700
7656
7678
7691
7642
7689
852700
7689
7725
7805
7716
7777
992700
7777
7725
7789
7694
7697
1085600
7697
7699
7767
7685
7686
1163100
7686
7688
7750
7659
7700
1378200
7700
7650
7689
7564
7572
1325500
7572
7800
7840
7693
7708
2496300
7708
7700
7731
7532
7563
1923600
7563
7634
7724
7604
7718
1380300
7718
7800
8136
7736
8115
2958600
8115
8100
8187
7924
7943
1981000
7943
7681
7750
7354
7439
3216900
7439
7776
7896
7672
7683
2491000
7683
7780
7855
7683
7798
2409700
7798
7627
7816
7584
7771
2777600
7771
7874
8045
7798
7848
2006100
7848
7844
7903
7665
7757
2374500
7757
7832
7889
7716
7747
1421100
7747
7800
7910
7743
7881
1260600
7881
7897
8003
7829
7997
926600
7997
7938
7980
7865
7889
833400
7889
7903
7975
7856
7895
1665100
7895
7872
7957
7810
7924
1312000
7924
7918
7924
7716
7730
1618700
7730
7804
7859
7778
7841
1075600
7841
7939
7944
7871
7910
1428600
7910
7875
7938
7852
7852
1269300
7852
7798
7836
7704
7759
1437400
7759
7625
7641
7585
7635
2048900
7635
7601
7700
7588
7648
791900
7648
7774
7920
7755
7893
1336700
7893
7887
7996
7875
7948
1585900
7948
7900
7906
7653
7654
2653900
7654
7699
7840
7633
7662
2827300
7662
7761
7795
7623
7669
1222300
7669
7667
7715
7634
7690
1055500
7690
7664
7735
7664
7726
1266500
7726
7664
7748
7622
7742
1343500
7742
7743
7743
7641
7650
1563100
7650
7600
7614
7476
7486
1448100
7486
7435
7444
7293
7395
2135400
7395
7344
7507
7335
7466
1517900
7466
7382
7418
7251
7274
1969800
7274
7216
7463
7210
7458
1761500
7458
7512
7730
7510
7729
2422100
7729
7686
7770
7556
7763
2037800
7763
7843
7981
7791
7932
1923100
7932
7952
7981
7859
7981
1399400
7981
8000
8114
7960
8058
1168100
8058
8003
8163
7981
8138
1460400
8138
8165
8197
8058
8150
1245600
8150
8288
8369
8240
8320
1645700
8320
8280
8410
8270
8315
1302400
8315
8374
8535
8356
8474
1760000
8474
8330
8454
8162
8162
2148800
8162
7995
8092
7795
7814
2424600
7814
7824
7954
7824
7882
1363800
7882
7929
7934
7764
7779
1440700
7779
7821
7897
7788
7853
877700
7853
7826
7946
7826
7932
986100
7932
7940
8034
7890
7904
1905300
7904
7899
7931
7801
7809
1321600
7809
7824
7890
7788
7853
1180400
7853
7801
7869
7726
7760
1211000
7760
7798
7798
7645
7692
1991400
7692
7690
7702
7639
7682
1232500
7682
7799
7875
7739
7870
1609000
7870
7950
7987
7832
7855
1701400
7855
7957
7959
7580
7626
3261100
7626
7668
7668
7602
7640
1359700
7640
7621
7691
7613
7684
1641200
7684
7670
7761
7655
7737
1457800
7737
7719
7785
7651
7656
1667500
7656
7670
7697
7628
7663
1298400
7663
7626
7687
7590
7641
1951800
7641
7697
7762
7689
7747
1348000
7747
7747
7849
7725
7780
1490100
7780
7776
7796
7713
7728
1429000
7728
7842
7844
7718
7731
1148100
7731
7739
7826
7734
7823
1313900
7823
7900
8021
7864
7991
1853400
7991
8010
8075
7906
8070
1824300
8070
8070
8125
8029
8111
1836800
8111
8145
8245
8115
8161
2108400
8161
8230
8317
8171
8301
1561900
8301
8317
8335
8238
8318
1304900
8318
8330
8454
8314
8436
1863900
8436
8377
8429
8303
8328
2234400
8328
8444
8508
8355
8442
4115900
8442
8413
8526
8183
8190
2840400
8190
8330
8412
8253
8348
1588700
8348
8349
8392
8272
8323
1357500
8323
8323
8354
8223
8228
1582400
8228
8262
8419
8252
8401
1616900
8401
8354
8406
8298
8362
2270300
8362
8375
8538
8370
8506
1319400
8506
8600
8700
8528
8582
1738600
8582
8610
8693
8600
8626
1013100
8626
8516
8565
8474
8499
1700200
8499
8600
8661
8556
8647
1865700
8647
8636
8710
8541
8706
1459100
8706
8650
8657
8388
8391
1890300
8391
8391
8497
8360
8464
1877800
8464
8401
8491
8401
8453
1113700
8453
8388
8472
8370
8401
1184100
8401
8509
8597
8453
8514
1543300
8514
8477
8514
8391
8452
1278800
8452
8459
8521
8368
8472
1472700
8472
8413
8470
8367
8450
1220100
8450
8488
8566
8415
8450
1738400
8450
8450
8454
8120
8124
1544400
8124
8226
8254
7957
8022
2021600
8022
8008
8282
8008
8266
1518400
8266
8280
8280
8084
8145
1396600
8145
8295
8297
8063
8102
1543700
8102
8111
8152
8040
8097
1222700
8097
8134
8203
8042
8058
1437600
8058
8025
8089
7980
8071
1133900
8071
8095
8208
8091
8130
1073600
8130
8210
8366
8187
8329
1470700
8329
8436
8472
8368
8414
1159200
8414
8480
8483
8334
8350
1050900
8350
8399
8460
8244
8244
1661700
8244
8287
8326
8170
8247
1071000
8247
8211
8255
8124
8158
912000
8158
8247
8260
8172
8200
998100
8200
8238
8259
8130
8169
1049500
8169
8220
8229
8108
8169
1302700
8169
8290
8438
8240
8403
1679000
8403
8354
8361
8227
8331
1166000
8331
8254
8310
8094
8137
1728800
8137
8200
8279
8148
8266
945200
8266
8266
8267
8090
8110
847600
8110
8180
8219
8130
8165
712000
8165
8200
8330
8180
8237
869100
8237
8196
8223
8115
8169
766600
8169
8222
8227
8100
8101
1021100
8101
8160
8223
8071
8200
1005600
8200
8199
8246
8122
8141
1291000
8141
8080
8110
7995
8015
1047000
8015
8100
8182
8048
8179
1070100
8179
8242
8245
8058
8084
1071000
8084
8122
8142
7902
8057
2216800
8057
8114
8176
8081
8100
1157100
8100
8106
8173
8066
8107
775800
8107
8050
8207
8006
8161
1134900
8161
8168
8188
8075
8153
798600
8153
8170
8282
8145
8270
1039200
8270
8263
8374
8245
8363
1059200
8363
8369
8481
8363
8478
797200
8478
8499
8499
8380
8384
1113900
8384
8393
8550
8389
8525
1377800
8525
8550
8577
8477
8500
1375100
8500
8545
8635
8503
8625
1355900
8625
8592
8642
8557
8612
756300
8612
8671
8729
8621
8707
1111800
8707
8698
8778
8576
8599
1585400
8599
8618
8642
8512
8620
1020200
8620
8675
8750
8644
8744
1463100
8744
8746
8750
8638
8671
1074300
8671
8670
8754
8665
8736
1568100
8736
8780
8820
8747
8800
1269900
8800
8813
8898
8741
8743
1570200
8743
8893
8895
8818
8885
2399300
8885
8910
9258
8893
9223
1608100
9223
9280
9283
9055
9055
2050500
9055
9030
9105
8970
8972
1811100
8972
8850
8850
8645
8645
3461000
8645
8526
8825
8515
8819
2345700
8819
8819
9059
8806
9055
1686000
9055
9199
9234
8989
9022
1535600
9022
9133
9195
9060
9174
1618200
9174
9201
9295
9188
9265
1136500
9265
9330
9387
9262
9290
1829800
9290
9349
9378
9192
9212
1285700
9212
9147
9157
8922
8956
2048100
8956
8956
8960
8859
8871
1488000
8871
8762
8834
8717
8790
1442000
8790
8830
8873
8725
8807
1166800
8807
8571
8640
8481
8508
1853000
8508
8500
8559
8440
8529
1952800
8529
8484
8508
8345
8353
1422500
8353
8353
8413
8192
8245
1605800
8245
8395
8455
8311
8381
1190600
8381
8438
8448
8146
8190
1415400
8190
8040
8133
7975
8115
1422500
8115
8014
8238
8006
8206
1118000
8206
8056
8080
7768
7771
2933900
7771
7771
7827
7520
7547
4339200
7547
7102
7393
7020
7328
3753800
7328
7416
7473
7200
7261
2511200
7261
7400
7433
7230
7243
1455500
7243
7216
7394
7180
7319
1602100
7319
7365
7538
7332
7531
2279200
7531
7550
7627
7492
7583
1942500
7583
7581
7776
7525
7730
1980800
7730
7603
7613
7425
7439
1576700
7439
7533
7660
7523
7647
1697400
7647
7677
7775
7654
7716
1826200
7716
7830
7908
7785
7857
1592900
7857
7857
7880
7644
7650
1910400
7650
7649
7823
7603
7752
972200
7752
7507
7650
7468
7581
1965300
7581
7619
7814
7613
7800
1955800
7800
7765
7924
7738
7905
1460900
7905
7925
8057
7924
8015
1801900
8015
7980
8097
7954
8032
1079400
8032
7949
8031
7903
7988
1146800
7988
7914
7966
7853
7940
1391900
7940
7953
8128
7933
8114
1339300
8114
8100
8147
8007
8119
1249900
8119
8140
8140
8035
8065
1298000
8065
8301
8489
8300
8451
2560300
8451
8504
8510
8351
8377
1799800
8377
8408
8415
8233
8358
2686000
8358
8471
8543
8412
8480
1198500
8480
8493
8620
8446
8458
1755300
8458
8359
8528
8261
8512
1314200
8512
8418
8445
8232
8300
1827000
8300
8357
8520
8339
8506
1263600
8506
8306
8354
8120
8175
1604900
8175
8290
8398
8188
8362
1628400
8362
8362
8388
8270
8360
2322000
8360
8360
8362
8210
8227
1968400
8227
8077
8269
8073
8117
2952800
8117
8191
8236
8123
8178
1300800
8178
8032
8125
7958
7961
1485500
7961
7945
8045
7896
8019
1250900
8019
8017
8223
7985
8044
2070100
8044
8140
8198
7981
8073
2664300
8073
7923
7928
7598
7702
1792200
7702
7700
7902
7556
7717
1659700
7717
7939
8258
7906
8203
1959500
8203
8100
8205
8073
8154
1279200
8154
