1450
1459
1442
1458
7601200
1458
1461
1463.5
1451
1454
6127800
1454
1478.5
1478.5
1453.5
1459.5
6368400
1459.5
1460
1465.5
1451.5
1460
5859200
1460
1466.5
1468
1447
1454
5283800
1454
1453
1457
1435.5
1439.5
6335400
1439.5
1439
1443
1426
1436
5368200
1436
1434.5
1445
1433
1438
3547800
1438
1425.5
1433
1416
1420
6938700
1420
1418
1418
1384.5
1390
12971300
1390
1395.5
1398.5
1379.5
1383.5
6939000
1383.5
1384
1397
1383.5
1396.5
5383000
1396.5
1397
1416
1396.5
1413
5675100
1413
1406
1421.5
1405.5
1417
5137500
1417
1424
1426.5
1413
1418
6821800
1418
1449
1452
1419.5
1422
7205300
1422
1420
1424
1415
1420
5114500
1420
1411.5
1419.5
1404
1411.5
6641000
1411.5
1412
1456
1404
1440
14156600
1440
1449.5
1499
1446
1495
14984000
1495
1480
1494.5
1468.5
1488.5
9830300
1488.5
1479
1490.5
1462.5
1475
10002500
1475
1447.5
1486
1411
1430
15990000
1430
1450.5
1498
1449
1465
13450100
1465
1470.5
1500
1467
1495.5
11966300
1495.5
1466.5
1481
1451
1479
12915200
1479
1480.5
1482
1455.5
1456.5
10029200
1456.5
1456.5
1466.5
1440
1453.5
11570400
1453.5
1468
1472.5
1451
1468.5
6986600
1468.5
1488
1511
1484.5
1486.5
7811100
1486.5
1502.5
1525.5
1492.5
1524
6766200
1524
1517
1529
1511
1527
6211100
1527
1526.5
1526.5
1495
1508.5
7656300
1508.5
1508.5
1520
1495.5
1509
9110100
1509
1514
1528
1509
1528
6014900
1528
1548
1576
1546.5
1569
8971400
1569
1594.5
1603
1585
1599.5
10237700
1599.5
1582.5
1596.5
1575
1580.5
9560000
1580.5
1549
1561.5
1540.5
1544.5
8991900
1544.5
1520
1536
1510.5
1514.5
8993500
1514.5
1511
1535
1511
1525.5
7790200
1525.5
1541.5
1552
1535.5
1540.5
6890800
1540.5
1531.5
1548
1516
1522
8821300
1522
1548
1552.5
1538.5
1548
9658800
1548
1550
1567
1532
1540.5
12914200
1540.5
1561
1561.5
1540
1548.5
5739300
1548.5
1548.5
1564
1543.5
1561
8388700
1561
1554
1561
1540
1550
7603400
1550
1548
1557
1540.5
1552.5
5827500
1552.5
1552.5
1554.5
1544
1547.5
6496100
1547.5
1575
1607
1567
1604
10184400
1604
1590
1597.5
1584.5
1589.5
8534500
1589.5
1576
1623
1573
1622
14635400
1622
1590
1598
1566
1567.5
12490200
1567.5
1557.5
1593.5
1553.5
1590
8283500
1590
1578.5
1598.5
1566
1591.5
9672700
1591.5
1569
1598
1568.5
1592
8470400
1592
1610
1620
1601
1616
9237400
1616
1623
1623.5
1596.5
1614
5214900
1614
1610
1616
1587.5
1591
4225800
1591
1575
1591
1558.5
1581.5
6049500
1581.5
1586.5
1599.5
1576
1589.5
5461200
1589.5
1610.5
1637
1602.5
1620
7421700
1620
1611
1623
1602.5
1610
6918200
1610
1612
1616
1595
1606.5
6878200
1606.5
1600.5
1610
1580
1586
7686900
1586
1584.5
1594.5
1571.5
1580
5280200
1580
1569.5
1578.5
1562
1574
5755800
1574
1588
1594
1561
1561.5
6810300
1561.5
1565
1598.5
1562.5
1596.5
5618300
1596.5
1600
1602.5
1584.5
1600
5266200
1600
1602
1604.5
1577
1580
7035200
1580
1591
1600
1587
1592
4792200
1592
1594
1596
1577
1582
4199700
1582
1581
1592.5
1573.5
1574
3332100
1574
1577.5
1592.5
1563.5
1583
6447100
1583
1583
1592.5
1575
1578.5
6476900
1578.5
1584.5
1584.5
1544
1544.5
9266800
1544.5
1575
1619
1566.5
1605.5
11936300
1605.5
1602
1623
1601
1609.5
7180700
1609.5
1613.5
1613.5
1594
1598
4816600
1598
1610
1626.5
1607.5
1621
7011000
1621
1638
1667
1631
1666.5
11271700
1666.5
1668.5
1671
1642.5
1650.5
10115000
1650.5
1654.5
1676
1647
1655.5
5158300
1655.5
1665
1674
1657.5
1665
5840000
1665
1670
1687
1664
1678
5821500
1678
1661.5
1670.5
1654.5
1670
5882800
1670
1655
1675.5
1655
1668
5739100
1668
1683
1687.5
1664
1675.5
5151500
1675.5
1688
1688
1673.5
1675.5
6799500
1675.5
1690
1697.5
1677
1680
4641800
1680
1662.5
1671
1646.5
1670
4544100
1670
1664
1672
1643.5
1650
7465400
1650
1658.5
1675.5
1653
1675.5
8244800
1675.5
1683.5
1685
1666
1671
5503400
1671
1678
1683.5
1660.5
1669
3655600
1669
1669
1676.5
1661.5
1676.5
4453500
1676.5
1670
1679
1655
1663
8010500
1663
1669
1674.5
1661.5
1664.5
16607400
1664.5
1697.5
1716
1683.5
1694
15870100
1694
1697
1702
1689.5
1699.5
7304000
1699.5
1710
1744
1707.5
1738.5
9881200
1738.5
1725
1740.5
1723.5
1734
7982600
1734
1736
1737.5
1658
1704.5
11143700
1704.5
1704.5
1720
1693.5
1703
9585500
1703
1710
1720.5
1710
1712.5
5098500
1712.5
1726
1736.5
1719
1729.5
6901900
1729.5
1732.5
1754.5
1730
1749
6682800
1749
1738
1747.5
1717.5
1740
8528700
1740
1745
1770
1744
1768
12424400
1768
1775
1786
1774
1784
7086600
1784
1777
1780
1732
1732
10223600
1732
1750
1763.5
1741.5
1762
7508500
1762
1758
1773
1755
1756
8137300
1756
1758.5
1772.5
1746
1758
7110200
1758
1758.5
1759
1733.5
1740
5014400
1740
1770.5
1775.5
1753.5
1760.5
7973700
1760.5
1735
1756.5
1713
1724.5
8898200
1724.5
1708.5
1716.5
1672
1687.5
15355100
1687.5
1691
1708
1682
1689
9413300
1689
1689
1710.5
1685.5
1689
7550300
1689
1689
1713
1689
1700
9717700
1700
1699.5
1715
1693.5
1713
4815800
1713
1716
1734
1712
1722
6248900
1722
1746
1746.5
1712.5
1721
8137400
1721
1725
1741.5
1716
1729.5
5338600
1729.5
1749.5
1766.5
1738.5
1758.5
8750100
1758.5
1760.5
1770.5
1742.5
1748.5
7256600
1748.5
1760.5
1778
1756.5
1763
8180600
1763
1780
1788.5
1768.5
1781.5
8504200
1781.5
1773
1815
1762
1809.5
10458300
1809.5
1820
1829
1813.5
1815.5
5422900
1815.5
1822
1835
1803.5
1808
5537100
1808
1817
1827
1793.5
1808.5
5857500
1808.5
1808.5
1815
1802
1813.5
4996200
1813.5
1820
1822
1806.5
1809
3987900
1809
1819.5
1820.5
1798.5
1807.5
3582000
1807.5
1827
1827
1809
1818
4694200
1818
1813
1825.5
1793.5
1820.5
4911100
1820.5
1830
1858.5
1820
1840.5
6207100
1840.5
1828
1829
1803
1817.5
10501200
1817.5
1835.5
1844.5
1828
1841
6120700
1841
1825
1837
1813.5
1823
5183500
1823
1838
1838
1809
1814.5
4351300
1814.5
1835
1844
1823
1829
4665000
1829
1829
1844
1826.5
1842
3783000
1842
1858
1869
1853
1856
5738100
1856
1860
1868.5
1837.5
1860.5
6314900
1860.5
1858.5
1861.5
1840
1852.5
6633500
1852.5
1851.5
1856.5
1833
1846
5048200
1846
1864
1871.5
1849
1869
5395300
1869
1853
1866
1849
1862
5286000
1862
1862
1869
1844
1857.5
6516600
1857.5
1871.5
1887
1867
1882.5
4860400
1882.5
1885.5
1894.5
1878
1887.5
4821200
1887.5
1887.5
1892
1875
1886.5
4765600
1886.5
1875
1888.5
1868.5
1879
4356400
1879
1879
1896.5
1878
1894.5
5341600
1894.5
1891.5
1908
1885
1907
4776400
1907
1919.5
1923.5
1914.5
1916
4279900
1916
1925
1931
1908
1910
7761900
1910
1910
1928
1910
1919.5
5560900
1919.5
1918
1921
1879
1889.5
9310200
1889.5
1875.5
1891.5
1873.5
1882
14247200
1882
1882
1890.5
1870.5
1884
4803200
1884
1884
1885
1856
1867
5415000
1867
1851
1852.5
1819
1829
11519300
1829
1826
1832.5
1815.5
1820
7912600
1820
1820
1831.5
1807
1817.5
7112000
1817.5
1824
1840
1814
1820
5827300
1820
1838
1886
1832.5
1885.5
8263800
1885.5
1882
1889
1871
1881
7099700
1881
1894.5
1907
1882.5
1892
7064100
1892
1890
1910
1887.5
1898
10473200
1898
1877
1963
1872.5
1952
14235500
1952
1986.5
2020
1982.5
2006.5
9571400
2006.5
2016.5
2056
2007.5
2010.5
11202700
2010.5
2010
2013.5
1953
1957.5
13561800
1957.5
1980
1982
1952.5
1959.5
8688700
1959.5
1950.5
1971.5
1936
1969
6347100
1969
1960
1982
1949.5
1955
5968300
1955
1984.5
1995.5
1969.5
1982
7747600
1982
1984
1990
1960
1970.5
4701400
1970.5
1990
2011.5
1982
1994.5
7460500
1994.5
2010
2025.5
2001.5
2013.5
6547400
2013.5
2021
2026.5
1980.5
1989
7434900
1989
1992
2006
1965
1975.5
7568500
1975.5
1976.5
1978
1927
1932
8228300
1932
1904
1942.5
1892.5
1936
7712400
1936
1888
1891.5
1855.5
1869
7154800
1869
1828
1850
1813
1828.5
10110900
1828.5
1818.5
1839.5
1816
1829
7171400
1829
1829.5
1857
1827
1856.5
5106900
1856.5
1877.5
1882.5
1854
1865
4898500
1865
1883
1887
1861
1869.5
4823400
1869.5
1856.5
1891.5
1852
1888.5
4262300
1888.5
1864.5
1873.5
1839
1860.5
4514200
1860.5
1848.5
1850
1796
1800
6976600
1800
1829
1840.5
1787.5
1814.5
7038500
1814.5
1780
1786
1709
1715
8068200
1715
1755
1757
1722
1744.5
8836400
1744.5
1741.5
1748.5
1704.5
1704.5
5782900
1704.5
1702
1731
1698.5
1731
12754600
1731
1759
1764
1717
1747
7587000
1747
1758
1759.5
1647
1655
6408900
1655
1682
1736
1674
1731
9679600
1731
1732
1736.5
1673.5
1675
7338100
1675
1698
1736.5
1697
1736.5
6113600
1736.5
1714
1732.5
1671
1678.5
7194100
1678.5
1704
1726
1694
1711.5
6856700
1711.5
1715
1754.5
1704
1704
6343100
1704
1690
1724.5
1688
1712
3843600
1712
1685
1690.5
1651.5
1679
5189600
1679
1718.5
1736
1683
1690
5492200
1690
1670
1681
1655.5
1661.5
3926700
1661.5
1682.5
1687
1661
1664
3449800
1664
1678
1711.5
1676.5
1709
4299800
1709
1700.5
1713
1660.5
1661
4940500
1661
1640
1665
1637
1658.5
4643800
1658.5
1698.5
1702.5
1672.5
1699
4776100
1699
1694
1695.5
1668
1690.5
6695200
1690.5
1690
1693
1647.5
1654.5
7053500
1654.5
1665
1680
1651
1673
4494900
1673
1686.5
1713.5
1684.5
1712
5681500
1712
1719.5
1752
1706
1744.5
13886800
1744.5
1773
1793
1757.5
1763.5
6265900
1763.5
1753
1759.5
1700.5
1702
6210600
1702
1649
1699
1639
1693
5144700
1693
1676.5
1690.5
1644
1654
6129800
1654
1720
1720
1664.5
1682.5
6153800
1682.5
1656
1668
1637.5
1647.5
4523200
1647.5
1661.5
1665.5
1639
1639.5
5270200
1639.5
1669.5
1674
1646
1660
8063100
1660
1688
1710.5
1679.5
1690.5
6122900
1690.5
1690.5
1716
1655.5
1656
10216400
1656
1654.5
1668.5
1644.5
1660.5
3710200
1660.5
1652.5
1656
1549.5
1554.5
9457100
1554.5
1528.5
1544
1502
1506
7874000
1506
1508.5
1523
1471
1475
8337500
1475
1464
1490.5
1459
1462
10700400
1462
1435.5
1437
1372
1374.5
6777000
1374.5
1388
1407
1368
1393.5
6058200
1393.5
1428
1455.5
1412.5
1442
6160900
1442
1430
1433.5
1400
1401.5
5231400
1401.5
