6497
6599
6464
6593
1455800
6593
6574
6587
6501
6572
1231700
6572
6620
6708
6615
6658
1014700
6658
6700
6720
6645
6652
802200
6652
6630
6660
6582
6610
729000
6610
6591
6622
6517
6521
1005500
6521
6521
6559
6465
6531
792200
6531
6500
6531
6471
6473
534800
6473
6421
6458
6369
6448
1001500
6448
6256
6410
6256
6303
1739200
6303
6349
6359
6251
6278
1098500
6278
6270
6341
6270
6337
629300
6337
6333
6447
6319
6420
689800
6420
6370
6424
6370
6397
590500
6397
6369
6403
6347
6352
619900
6352
6389
6410
6330
6345
866100
6345
6345
6405
6302
6308
582800
6308
6316
6378
6287
6290
814100
6290
6269
6300
6226
6231
841700
6231
6286
6377
6282
6363
690800
6363
6334
6347
6261
6302
664200
6302
6240
6344
6227
6322
1195400
6322
6122
6167
5837
5953
1948100
5953
6053
6318
6050
6095
1379200
6095
6066
6172
6066
6146
1020300
6146
5921
5979
5864
5912
1632600
5912
5912
5971
5772
5793
1312800
5793
5785
5850
5730
5755
1368900
5755
5468
5588
5402
5514
2757200
5514
5532
5633
5522
5575
1701300
5575
5592
5626
5564
5613
1095100
5613
5614
5643
5586
5609
749700
5609
5589
5645
5560
5610
896800
5610
5550
5594
5539
5570
861700
5570
5576
5640
5565
5631
681900
5631
5700
5752
5672
5746
649300
5746
5782
5834
5743
5770
916600
5770
5702
5748
5696
5696
903300
5696
5664
5682
5625
5653
918600
5653
5560
5591
5534
5560
1180000
5560
5571
5630
5526
5549
908400
5549
5613
5675
5598
5614
897200
5614
5582
5649
5565
5577
1065500
5577
6177
6177
5982
6126
3299200
6126
6187
6430
6172
6308
3552300
6308
6608
6805
6572
6786
3292600
6786
6750
6932
6745
6929
1875700
6929
6908
6985
6842
6878
1433300
6878
6912
6938
6831
6882
1000700
6882
6917
6968
6887
6940
1287300
6940
6890
6968
6869
6938
853200
6938
6885
6935
6784
6808
1166200
6808
6780
6842
6753
6836
1224300
6836
6636
6750
6589
6593
1800900
6593
6566
6695
6554
6686
1189000
6686
6710
6771
6644
6766
1078000
6766
6643
6753
6632
6747
982900
6747
6804
6898
6739
6786
1196900
6786
6837
6837
6728
6781
677500
6781
6779
6915
6743
6826
859400
6826
6753
6850
6711
6814
936900
6814
6843
6869
6768
6795
952500
6795
6908
7075
6879
7037
1454700
7037
7001
7028
6880
6966
1049700
6966
6967
7081
6939
7055
721300
7055
7060
7094
6862
6888
1175500
6888
6801
6843
6653
6681
1252400
6681
6650
6853
6630
6839
1017400
6839
6888
6889
6791
6836
922500
6836
6851
6921
6821
6916
524900
6916
6881
6998
6881
6973
807800
6973
6965
7076
6955
7042
912600
7042
7059
7110
7053
7093
880100
7093
7078
7142
7031
7074
803700
7074
7123
7160
7096
7151
693100
7151
7194
7194
7110
7138
717300
7138
7167
7420
7128
7364
1251500
7364
7345
7350
7255
7288
865200
7288
7350
7360
7270
7345
748300
7345
7322
7432
7307
7429
666400
7429
7407
7442
7297
7441
820200
7441
7408
7420
7206
7351
775400
7351
7394
7466
7370
7405
757800
7405
7308
7326
7236
7295
684500
7295
7315
7365
7290
7339
482800
7339
7376
7460
7336
7437
666900
7437
7437
7459
7364
7385
678400
7385
7254
7450
7254
7320
1180200
7320
7382
7625
7364
7604
1385000
7604
7631
7840
7575
7827
1295700
7827
7950
8130
7911
8124
1691500
8124
8111
8253
8101
8208
946500
8208
8200
8200
8024
8068
876900
8068
8045
8152
7961
8013
1108700
8013
8014
8073
7953
7971
686900
7971
7900
7987
7823
7896
755700
7896
7893
7895
7739
7756
704400
7756
7746
7798
7706
7778
782100
7778
7726
7785
7651
7688
908200
7688
7755
7901
7710
7877
2232100
7877
8000
8021
7903
7935
958900
7935
8023
8140
8010
8045
723800
8045
8068
8229
7972
8226
1575200
8226
8171
8255
8113
8204
971600
8204
8328
8388
8266
8366
1219300
8366
8350
8361
8197
8205
1282700
8205
8245
8269
8213
8228
528200
8228
8287
8368
8242
8271
655900
8271
8200
8313
8064
8195
838800
8195
8100
8106
7935
7935
1100500
7935
8047
8190
8025
8174
1039000
8174
8169
8170
8051
8094
607100
8094
8059
8113
7985
7985
732300
7985
8025
8175
8013
8169
792800
8169
8093
8225
8057
8080
781200
8080
8009
8059
7968
7995
862900
7995
7946
7960
7827
7856
715900
7856
7900
7993
7866
7896
822800
7896
7880
7964
7858
7926
538500
7926
7889
7926
7735
7769
680100
7769
7788
7810
7729
7804
754400
7804
7763
7798
7591
7607
590900
7607
7636
7705
7541
7622
783400
7622
7582
7739
7526
7712
509700
7712
7735
7754
7651
7706
595700
7706
8210
9206
8164
9206
4528600
9206
10710
10710
10530
10710
1962900
10710
10640
10930
10120
10550
7501900
10550
10300
10370
9739
9962
4684400
9962
10270
10950
10250
10760
4600500
10760
10760
11100
10715
10870
3115900
10870
10750
10995
10540
10925
1789300
10925
10825
11145
10775
10965
2021300
10965
11100
11435
11015
11185
2105900
11185
11190
11380
11010
11150
1601700
11150
11005
11100
10920
10970
1026700
10970
10750
10915
10595
10765
1510700
10765
11145
11490
10955
11110
1939700
11110
9160
9989
8825
9989
11475400
9989
9945
10355
9857
10200
3897900
10200
9895
9997
9639
9656
2329900
9656
9480
9630
9330
9582
2923500
9582
9678
9859
9571
9826
1720300
9826
9900
10035
9810
9843
1720100
9843
9887
9950
9814
9881
931100
9881
9881
9935
9752
9844
698900
9844
9810
10025
9766
9914
907200
9914
9916
10065
9791
9801
914900
9801
9792
9874
9713
9760
666000
9760
9755
9760
9590
9595
1366600
9595
9510
9652
9466
9474
1035900
9474
9629
9726
9606
9707
847100
9707
9635
9773
9604
9754
630400
9754
9736
9883
9692
9735
1180100
9735
9870
9879
9551
9569
1022500
9569
9713
9820
9576
9608
815300
9608
9556
9774
9480
9760
1200200
9760
9759
9812
9622
9660
667500
9660
9740
9757
9646
9675
616600
9675
9880
9972
9793
9939
1131100
9939
9962
9980
9782
9793
1042700
9793
9831
9865
9743
9743
991500
9743
9775
9830
9737
9764
725200
9764
9880
9935
9802
9820
1016600
9820
9869
10080
9785
10060
1236600
10060
9958
9985
9876
9943
640900
9943
10000
10015
9812
9875
667100
9875
9945
9949
9795
9807
1068000
9807
9899
9908
9727
9866
893400
9866
9866
9929
9812
9888
720300
9888
9871
10170
9869
10150
784900
10150
10150
10555
10145
10415
1222700
10415
10335
10340
10150
10255
733700
10255
10370
10525
10335
10495
720800
10495
10580
10585
10235
10330
1601700
10330
10405
10715
10400
10655
894500
10655
10680
10735
10440
10545
1087700
10545
10590
10830
10555
10600
1080900
10600
10590
10660
10200
10270
1852700
10270
10395
10695
10355
10645
1308300
10645
10610
10845
10565
10730
951400
10730
10690
10995
10630
10820
1136400
10820
10930
11180
10910
11060
1361900
11060
11100
11235
11050
11145
860100
11145
11200
11295
11125
11285
1209500
11285
11275
11320
11165
11250
709800
11250
11275
11275
10990
11035
914600
11035
11055
11060
10875
10910
910600
10910
11050
11195
10675
10710
1051900
10710
10655
10810
10585
10755
661800
10755
10460
10475
10155
10285
1039300
10285
10115
10350
10070
10270
1348200
10270
10265
10340
10115
10300
824000
10300
10400
10460
10280
10460
671600
10460
10495
10570
10400
10530
699100
10530
10535
10595
10465
10550
531300
10550
10545
10805
10525
10795
950100
10795
10645
10705
10465
10585
757400
10585
10500
10500
10105
10155
1102400
10155
10045
10155
9942
9970
1325500
9970
9676
9750
9364
9397
1448400
9397
9247
9689
9135
9310
2171300
9310
9461
9499
9242
9294
1074000
9294
9196
9528
9196
9487
1084200
9487
9418
9554
9311
9411
1295300
9411
9415
9596
9282
9322
1295900
9322
9700
9755
9411
9636
1314400
9636
9562
9788
9559
9705
946400
9705
9792
10040
9712
10040
866000
10040
10015
10100
9834
9894
799400
9894
10150
10465
10140
10435
717400
10435
10485
10500
10240
10240
621000
10240
10255
10405
10155
10350
382800
10350
10200
10290
9890
10085
730500
10085
10080
10175
9944
9959
642400
9959
9869
10065
9817
9988
575200
9988
10150
10250
10015
10050
553200
10050
9980
10095
9938
10060
496900
10060
10000
10115
9777
9846
706100
9846
9800
9965
9779
9855
658200
9855
9856
9939
9761
9817
794300
9817
9905
9949
9760
9778
835000
9778
9853
9884
9705
9870
715900
9870
10000
10160
9973
10125
744100
10125
10160
10460
10140
10195
662500
10195
10120
10475
10100
10415
1858700
10415
10530
10570
10390
10400
622100
10400
10315
10480
10200
10200
634400
10200
10045
10335
9955
10295
676500
10295
10120
10145
9560
9643
1213500
9643
9793
9970
9681
9840
896000
9840
9690
9729
9578
9634
718100
9634
9614
9718
9566
9648
830700
9648
9711
10090
9690
10065
1072300
10065
10065
10185
9992
10125
646100
10125
9990
10205
9613
9617
1757300
9617
9610
9663
9405
9572
610900
9572
9365
9477
9247
9301
686000
9301
9272
9385
9157
9257
662600
9257
9121
9242
8888
8959
913000
8959
8942
8969
8749
8785
1007100
8785
8335
8368
8028
8047
1147600
8047
8127
8352
8119
8325
968500
8325
8600
8855
8464
8731
1036400
8731
8686
8722
8447
8502
734900
8502
