5380
5510
5360
5490
1500600
2745
5520
5570
5470
5560
1044600
2780
5600
5620
5540
5600
1181000
2800
5580
5640
5570
5590
784200
2795
5550
5610
5510
5560
749600
2780
5540
5560
5480
5510
1471100
2755
5510
5540
5470
5510
1007900
2755
5510
5600
5500
5580
720400
2790
5520
5560
5460
5470
1086900
2735
5520
5550
5430
5460
1626000
2730
5490
5530
5420
5430
1023100
2715
5460
5480
5390
5410
641100
2705
5490
5640
5490
5630
1205500
2815
5600
5620
5500
5500
835300
2750
5450
5560
5420
5430
1178800
2715
5520
5550
5490
5520
952800
2760
5540
5570
5450
5470
923800
2735
5420
5460
5360
5390
1030700
2695
5390
5450
5330
5340
1268100
2670
5370
5440
5360
5440
972800
2720
5440
5450
5360
5410
806000
2705
5310
5350
5240
5250
1186600
2625
5050
5100
4910
5030
3058000
2515
5160
5230
5010
5010
2319100
2505
5030
5130
5010
5110
1481700
2555
5310
5330
5170
5300
3532100
2650
5380
5460
5320
5380
2358100
2690
5360
5400
5300
5370
2071400
2685
5390
5540
5390
5520
1588200
2760
5460
5540
5430
5510
1435400
2755
5560
5640
5540
5580
913100
2790
5550
5580
5480
5500
1071500
2750
5510
5570
5470
5520
1214600
2760
5490
5540
5440
5460
1135400
2730
5490
5510
5450
5470
801600
2735
5570
5630
5540
5620
767700
2810
5660
5670
5610
5650
1285800
2825
5710
5860
5710
5770
2137200
2885
5790
5800
5580
5610
1233400
2805
5500
5520
5410
5480
1866300
2740
5410
5470
5330
5360
909900
2680
5450
5540
5440
5510
947500
2755
5570
5670
5540
5620
1795200
2810
5680
5700
5620
5690
1666900
2845
5720
5890
5680
5710
2919900
2855
5850
5850
5650
5700
889900
2850
5640
5670
5620
5660
945500
2830
5630
5640
5540
5570
1183200
2785
5580
5630
5540
5620
652200
2810
5670
5670
5550
5590
957100
2795
5530
5560
5440
5470
987500
2735
5400
5440
5370
5420
981200
2710
5490
5610
5480
5600
1424000
2800
5390
5440
5230
5240
2634400
2620
5220
5300
5190
5300
1707900
2650
5400
5520
5400
5490
2096700
2745
5360
5430
5330
5410
1311500
2705
5480
5520
5440
5480
1108500
2740
5590
5620
5530
5590
1254400
2795
5570
5640
5550
5560
866400
2780
5500
5590
5460
5550
1237700
2775
5600
5610
5540
5580
1267000
2790
5710
5840
5700
5800
1737200
2900
5800
5850
5760
5800
1809200
2900
5780
5900
5770
5880
1419100
2940
5850
5980
5810
5890
1507400
2945
5790
5790
5300
5510
2326500
2755
5650
5760
5610
5680
1447500
2840
5740
5740
5630
5680
1424900
2840
5800
5840
5720
5750
776600
2875
5730
5810
5730
5790
856200
2895
5840
5990
5840
5950
1718100
2975
6000
6110
6000
6090
1879500
3045
6130
6240
6030
6190
1742800
3095
6110
6110
5940
5950
1491000
2975
6000
6000
5900
5930
1525800
2965
5950
6040
5920
6020
1116600
3010
6040
6170
6040
6150
1140200
3075
6200
6230
6150
6200
1363800
3100
6190
6270
6170
6200
1194200
3100
6190
6190
6030
6120
1077100
3060
6080
6170
6040
6120
1223100
3060
6020
6120
6020
6060
1180900
3030
5910
5990
5880
5950
1357000
2975
6050
6170
5920
6080
2022200
3040
6040
6230
6030
6210
1660000
3105
6140
6300
6110
6270
1236000
3135
6330
6410
6300
6390
1556100
3195
6350
6440
6340
6420
1079000
3210
6500
6510
6420
6460
1165600
3230
6490
6530
6480
6500
1051000
3250
6470
6570
6460
6490
600000
3245
6490
6500
6450
6450
674900
3225
6390
6450
6340
6380
1005500
3190
6350
6400
6270
6290
900300
3145
6330
6400
6300
6370
869300
3185
6390
6440
6340
6370
581100
3185
6340
6380
6280
6330
866700
3165
6200
6330
6170
6270
1595000
3135
6320
6460
6320
6460
3138000
3230
6470
6470
6320
6340
1542300
3170
6360
6370
6320
6320
1114800
3160
6350
6420
6310
6340
1103400
3170
6340
6360
6240
6360
1277400
3180
6360
6440
6350
6410
1161900
3205
6450
6450
6300
6310
2029800
3155
6300
6400
6290
6380
789200
3190
6480
6600
6460
6550
1308600
3275
6550
6700
6500
6670
1168400
3335
6700
6710
6610
6650
1176100
3325
6750
6760
6640
6720
1189100
3360
6720
6760
6700
6720
777100
3360
6780
6830
6690
6710
1559200
3355
6720
6880
6630
6860
1540800
3430
6800
6890
6750
6770
1656100
3385
6670
6740
6650
6680
1108500
3340
6650
6670
6540
6560
1179400
3280
6460
6580
6440
6520
1377000
3260
6500
6560
6450
6450
1333900
3225
6430
6450
6350
6410
1386800
3205
6460
6500
6340
6350
1211400
3175
6310
6360
6130
6150
1283500
3075
6150
6170
6020
6100
1999000
3050
6060
6100
5980
6080
1446900
3040
5980
6060
5950
6010
1966100
3005
6070
6110
5970
6020
1293900
3010
6000
6070
5960
6020
1028400
3010
6040
6140
6040
6050
1299900
3025
6040
6170
6010
6080
1368100
3040
6130
6320
6130
6290
1593500
3145
6330
6430
6300
6340
1600600
3170
6380
6420
6310
6360
1200600
3180
6420
6490
6390
6460
1005700
3230
6450
6470
6260
6270
924400
3135
6270
6370
6240
6280
1082400
3140
6200
6260
6190
6230
871300
3115
6270
6320
6220
6230
651000
3115
6300
6310
6200
6220
544000
3110
6260
6270
6180
6200
819700
3100
6210
6260
6180
6250
626000
3125
6190
6210
6050
6070
935100
3035
5990
6150
5990
6130
1204600
3065
6190
6250
6180
6220
816300
3110
6220
6240
6130
6150
783000
3075
6180
6200
6100
6150
858000
3075
6150
6170
6040
6110
844400
3055
6070
6080
5990
6000
824300
3000
5960
6130
5960
6020
1130700
3010
5890
5950
5730
5900
2176900
2950
5940
5940
5750
5750
1935200
2875
5710
5720
5640
5640
1323700
2820
5740
5800
5690
5800
1207800
2900
5800
5820
5700
5760
917200
2880
5720
5750
5630
5720
1298300
2860
5820
5920
5780
5900
1439300
2950
5920
5940
5820
5830
947900
2915
5840
6020
5820
6010
1430700
3005
6050
6070
5970
6000
981900
3000
6050
6070
5910
5940
1264600
2970
5940
5990
5910
5980
1032200
2990
6030
6130
6020
6070
780400
3035
6150
6170
6070
6070
1095500
3035
6080
6190
6080
6130
1068600
3065
6140
6160
6020
6050
1278000
3025
6040
6140
6020
6130
1358300
3065
6180
6190
6080
6110
921300
3055
6070
6100
6000
6090
1252600
3045
6150
6170
6080
6130
1121600
3065
6120
6170
6060
6160
1000000
3080
6210
6230
6130
6200
1474600
3100
6220
6420
6220
6410
1472000
3205
6440
6490
6410
6450
1146600
3225
6490
6500
6380
6490
1004700
3245
6480
6510
6410
6420
1143900
3210
6520
6570
6390
6440
2515500
3220
6470
6660
6430
6620
1715000
3310
6710
6720
6520
6530
1511600
3265
6540
6610
6480
6550
1584700
3275
6650
6770
6600
6690
2034300
3345
6670
6670
6500
6570
1671300
3285
6640
6730
6580
6720
1799700
3360
6680
6800
6630
6640
1174000
3320
6690
6790
6660
6730
1883900
3365
6800
6840
6750
6820
1212300
3410
6860
6950
6800
6920
1883200
3460
6880
6990
6860
6980
1423300
3490
7080
7090
6950
6970
1701800
3485
6890
6970
6840
6920
1311800
3460
6820
7000
6790
6930
1699200
3465
6920
7040
6890
7040
1447500
3520
6800
6850
6620
6710
2158200
3355
6610
6840
6600
6840
2360700
3420
6690
6730
6620
6620
1800700
3310
6620
6670
6310
6370
2460900
3185
6410
6540
6370
6510
1663300
3255
6500
6550
6460
6510
1031400
3255
6360
6490
6360
6490
1163300
3245
6430
6570
6420
6560
940000
3280
6460
6460
6200
6210
1980100
3105
6230
6270
6150
6220
2123100
3110
6060
6140
5990
6080
1581000
3040
6030
6050
5820
5890
2067200
2945
5880
5900
5710
5720
1428800
2860
5780
5920
5710
5900
2970000
2950
5940
6090
5930
6090
2284900
3045
6090
6156
6029
6078
1638000
3039
6178
6393
6101
6384
2423200
3192
6257
6308
6199
6224
1293800
3112
6300
6360
6276
6355
1101700
3177.5
6370
6436
6294
6350
1367500
3175
6440
6502
6350
6360
1347600
3180
6302
6484
6252
6366
2127500
3183
6314
6412
6274
6335
1112600
3167.5
6252
6300
6047
6180
1634000
3090
6170
6185
6054
6071
1277800
3035.5
6003
6108
5971
6039
843600
3019.5
6064
6187
6059
6164
939400
3082
6164
6339
6164
6334
931100
3167
6324
6377
6249
6254
1280600
3127
6154
6275
6135
6254
1179500
3127
6264
6349
6239
6325
876900
3162.5
6334
6441
6294
6319
1199700
3159.5
6361
6419
6331
6404
1154700
3202
6499
6547
6364
6426
1411600
3213
6478
6643
6476
6540
928000
3270
6652
6718
6574
6685
2305800
3342.5
6775
6793
6692
6707
842200
3353.5
6753
6795
6601
6601
1137800
3300.5
6538
6613
6508
6581
1190100
3290.5
6488
6498
6224
6260
1775100
3130
6218
6380
6211
6295
1408300
3147.5
6135
6194
6094
6105
1190700
3052.5
6120
6241
6119
6157
1282800
3078.5
6283
6460
6268
6453
1714800
3226.5
6570
6624
6462
6575
1114100
3287.5
6475
6553
6292
6304
2649600
3152
6331
6398
6262
6359
728600
3179.5
6309
6375
6248
6264
1128200
3132
6364
6403
6273
6343
1109000
3171.5
6268
6337
6076
6145
1804700
3072.5
6128
6227
6054
6201
2311500
3100.5
5990
5992
5683
5709
1776200
2854.5
5799
5938
5772
5894
1497800
2947
6150
6254
6118
6201
2858300
3100.5
6163
6233
6085
6224
1519000
3112
