4480
4535
4420
4445
802000
4445
4500
4595
4480
4555
812600
4555
4535
4535
4430
4520
846400
4520
4500
4500
4345
4375
835600
4375
4355
4370
4235
4260
1225200
4260
4245
4350
4245
4305
1088400
4305
4330
4365
4285
4325
628500
4325
4300
4310
4180
4195
1076300
4195
4170
4290
4165
4250
769600
4250
4290
4290
4240
4245
596600
4245
4235
4295
4230
4285
564500
4285
4325
4350
4290
4350
507000
4350
4420
4530
4410
4455
866300
4455
4450
4475
4370
4445
626900
4445
4355
4440
4285
4420
1057700
4420
4445
4505
4170
4205
2545400
4205
4265
4460
4265
4355
1378100
4355
4380
4540
4375
4515
1548500
4515
4640
4780
4625
4725
1864900
4725
4700
4820
4670
4750
1103600
4750
4665
4705
4590
4605
1136100
4605
4495
4510
4395
4420
1156600
4420
4265
4295
4030
4205
2016300
4205
4390
4395
4190
4190
1375000
4190
4195
4355
4195
4345
842100
4345
4180
4255
4135
4255
1159000
4255
4295
4335
4215
4240
889200
4240
4265
4285
4145
4185
722700
4185
4230
4355
4225
4340
743700
4340
4345
4400
4300
4350
657900
4350
4410
4525
4400
4495
853000
4495
4495
4570
4475
4510
735800
4510
4505
4550
4465
4525
764900
4525
4465
4500
4380
4440
885600
4440
4440
4470
4390
4410
626400
4410
4445
4465
4400
4430
667800
4430
4495
4580
4480
4570
784500
4570
4535
4680
4530
4625
932300
4625
4620
4695
4615
4670
1001700
4670
4565
4730
4555
4695
1157600
4695
4730
4770
4630
4685
833400
4685
4725
4840
4655
4785
889300
4785
4835
5030
4820
4975
1618100
4975
5050
5090
5010
5080
942300
5080
5160
5250
5100
5220
1216200
5220
5310
5380
5230
5340
994300
5340
5260
5470
5260
5450
1017000
5450
5380
5450
5270
5440
1052900
5440
5480
5670
5460
5610
1482200
5610
5560
5580
5430
5490
940100
5490
5390
5520
5370
5490
918300
5490
5320
5330
5180
5250
1302800
5250
5210
5380
5210
5330
1201300
5330
5190
5300
5180
5250
1055800
5250
5300
5320
5210
5320
953100
5320
5480
5560
5420
5490
1543300
5490
5440
5510
5400
5450
837100
5450
5450
5530
5350
5440
894900
5440
5450
5470
5270
5290
1131700
5290
5300
5390
5290
5290
849500
5290
5240
5360
5190
5330
931200
5330
5320
5360
5140
5240
846500
5240
5330
5380
5260
5350
962800
5350
5360
5490
5330
5450
795700
5450
5390
5460
5300
5450
656700
5450
5500
5620
5400
5420
1133400
5420
5440
5520
5360
5510
1043000
5510
5410
5420
5200
5260
1468700
5260
5230
5410
5170
5400
1096300
5400
5380
5420
5300
5410
689500
5410
5400
5490
5290
5400
866900
5400
5530
5640
5510
5600
1497000
5600
5620
5720
5360
5410
1225400
5410
5470
5640
5460
5600
933600
5600
5510
5550
5410
5460
714200
5460
5420
5510
5360
5370
758900
5370
5340
5390
5250
5260
751100
5260
5200
5320
5120
5290
1911200
5290
5920
6290
5910
6040
5187200
6040
5880
5890
5610
5850
2380000
5850
5850
6080
5850
5990
1369200
5990
6020
6200
5980
6150
1263700
6150
6080
6340
5990
6220
1413500
6220
6260
6380
6180
6200
1131800
6200
6120
6140
5760
5870
2302200
5870
5940
6100
5930
6040
876700
6040
5960
6180
5960
6150
996300
6150
6150
6150
5950
5980
991900
5980
5910
5950
5840
5860
963500
5860
5830
5890
5780
5860
977400
5860
5960
6030
5900
5950
942600
5950
5960
6070
5950
6000
687300
6000
5980
5990
5910
5960
559300
5960
5900
6020
5890
5980
647900
5980
6040
6120
5910
5950
1071500
5950
5900
6000
5720
5940
1834700
5940
5970
6020
5810
5850
647900
5850
5870
5940
5810
5860
866400
5860
5870
5880
5720
5810
1504500
5810
5880
5880
5660
5690
8211900
5690
5790
6090
5750
5970
2426400
5970
5960
6060
5880
6050
827700
6050
6070
6160
5980
6000
857700
6000
5990
6060
5880
5890
805600
5890
5940
5960
5820
5900
874100
5900
5900
5990
5890
5970
726900
5970
5940
6020
5880
5970
487400
5970
6120
6210
6060
6170
986500
6170
6240
6640
6230
6590
1702300
6590
6650
6700
6530
6530
1213500
6530
6650
6740
6560
6630
1334700
6630
6600
6690
6490
6640
806800
6640
6610
6680
6490
6520
925100
6520
6490
6700
6480
6680
1002900
6680
6710
6790
6660
6720
1182600
6720
6660
6740
6630
6680
1067500
6680
6650
6670
6560
6570
802500
6570
6430
6430
6230
6390
1119700
6390
6470
6610
6450
6600
782400
6600
6600
6630
6420
6620
716100
6620
6720
6750
6600
6660
674800
6660
6630
6630
6350
6390
938800
6390
6560
6670
6480
6550
1402600
6550
6500
6510
6410
6500
579100
6500
6470
6470
6250
6300
861800
6300
6360
6510
6320
6480
763900
6480
6600
6620
6550
6570
584300
6570
6600
6600
6350
6350
830100
6350
6350
6410
6200
6330
903000
6330
6370
6500
6330
6470
789600
6470
6500
6820
6490
6800
991900
6800
6710
6820
6630
6650
948000
6650
6750
6910
6710
6800
991100
6800
6860
6930
6760
6790
1207000
6790
6690
6760
6600
6680
885400
6680
6600
6620
6510
6530
655200
6530
6580
6580
6360
6420
1051000
6420
6420
6440
6180
6250
1450900
6250
6250
6360
6090
6120
1986400
6120
5860
6040
5820
6030
2604800
6030
6010
6010
5860
5940
951200
5940
5860
5890
5750
5870
1227400
5870
5980
6040
5890
5990
863300
5990
6030
6110
6000
6050
954200
6050
6110
6220
6090
6140
1104600
6140
6120
6170
6000
6100
674200
6100
6100
6230
6090
6230
567500
6230
6230
6350
6180
6200
832500
6200
6190
6360
6190
6340
685400
6340
6390
6460
6250
6270
779700
6270
6200
6200
6010
6010
953500
6010
6030
6050
5870
5960
1046000
5960
5950
5960
5750
5810
1023000
5810
5710
5790
5620
5660
1017700
5660
5760
5830
5690
5720
830200
5720
5650
5730
5620
5700
438100
5700
5720
5870
5700
5830
700700
5830
5780
5810
5720
5760
594200
5760
5790
5880
5780
5860
569300
5860
5910
5930
5850
5890
527600
5890
5990
6120
5950
6110
704500
6110
6170
6190
5990
6040
740900
6040
6040
6140
6020
6090
644100
6090
6190
6270
6070
6130
909600
6130
6100
6360
6090
6320
936200
6320
6370
6450
6200
6240
939600
6240
6170
6200
6020
6090
1347700
6090
5940
5960
5780
5900
1730500
5900
6060
6100
5730
5910
4064600
5910
5880
6060
5820
5900
1405100
5900
5850
5930
5760
5770
1047900
5770
5750
5890
5640
5820
1487300
5820
5790
5850
5720
5720
1180300
5720
5680
5850
5660
5760
950900
5760
5830
5940
5800
5930
845100
5930
5910
6140
5880
6110
1043600
6110
6240
6350
6160
6320
1093500
6320
6260
6290
6130
6230
854800
6230
6320
6340
6230
6240
790800
6240
6290
6420
6210
6420
1219500
6420
6510
6550
6370
6400
1503400
6400
6350
6350
6050
6090
1717800
6090
6160
6170
5910
6050
8641700
6050
6030
6180
5940
6130
2931200
6130
6170
6200
5860
5920
1801500
5920
5860
5880
5720
5740
1701200
5740
5840
5850
5580
5610
1629000
5610
5560
5640
5460
5480
1441300
5480
5280
5310
5140
5260
2066200
5260
5360
5400
5180
5340
1464900
5340
5080
5290
5010
5110
1400000
5110
5110
5320
5090
5290
1538700
5290
5280
5280
5110
5140
1242800
5140
5130
5240
5110
5240
951700
5240
5390
5460
5340
5460
1049200
5460
5490
5520
5300
5370
1189700
5370
5210
5420
5170
5400
926300
5400
5300
5530
5240
5520
1294400
5520
5480
5580
5460
5490
1483000
5490
5640
5750
5450
5500
1963100
5500
5250
5330
5100
5110
1617600
5110
4855
5140
4580
4740
3679400
4740
4710
4730
4465
4520
2000300
4520
4450
4625
4285
4560
2280600
4560
4625
4810
4555
4790
1380000
4790
4825
4925
4715
4835
1334200
4835
4950
5300
4900
5280
1797900
5280
5220
5300
5110
5110
1337100
5110
5130
5250
5130
5210
933500
5210
5120
5270
5050
5140
1070400
5140
5320
5370
5270
5300
809900
5300
5320
5320
4995
5050
1164700
5050
4930
5010
4800
4805
1102500
4805
4665
4985
4640
4910
1619800
4910
4915
4920
4740
4860
1013600
4860
4780
4920
4740
4870
859100
4870
4880
5040
4805
4805
769700
4805
4770
5020
4770
4955
757400
4955
4840
4895
4670
4690
941400
4690
4550
4755
4515
4665
1041400
4665
4720
4835
4695
4775
721000
4775
4765
4875
4720
4755
826700
4755
4850
4935
4795
4915
741000
4915
4915
5120
4910
5100
1012400
5100
5220
5270
5160
5260
1184500
5260
5250
5280
5110
5140
1402200
5140
5240
5240
5120
5190
607200
5190
5200
5290
4965
4990
1044400
4990
4900
5100
4890
5070
912900
5070
5030
5080
4910
4945
1010700
4945
5070
5090
4965
5080
856500
5080
4950
4995
4670
4695
1134400
4695
4745
4745
4560
4670
1242400
4670
4700
4875
4680
4855
1483200
4855
4925
4985
4820
4970
1029600
4970
4925
4985
4715
4725
1510400
4725
4700
4835
4665
4785
857700
4785
4660
4800
4590
4685
1133000
4685
4700
4800
4610
4705
772200
4705
4635
4645
4405
4455
1072000
4455
4275
4450
4125
4205
1869700
4205
3985
4035
3885
3900
1374700
3900
4025
4085
3810
3930
1939300
3930
4280
4360
4075
4290
1891900
4290
4245
4340
4150
4245
1201700
4245
