5486
5526
5419
5522
1792900
5522
5538
5560
5483
5554
1260100
5554
5602
5608
5548
5586
1322600
5586
5572
5572
5427
5431
1632500
5431
5356
5454
5340
5403
1145800
5403
5403
5426
5371
5400
1644700
5400
5506
5585
5461
5580
1838000
5580
5593
5762
5585
5752
2169900
5752
5750
5860
5715
5834
1787500
5834
5865
5878
5683
5704
1809400
5704
5731
5786
5688
5701
1216100
5701
5702
5764
5659
5752
1064100
5752
5800
6030
5799
6029
2450600
6029
5990
6014
5948
5979
1654600
5979
5900
5915
5810
5816
1460400
5816
5868
5894
5832
5864
1259500
5864
5837
5864
5688
5714
1574800
5714
5730
5766
5648
5684
1575200
5684
5691
5717
5600
5601
1632700
5601
5646
5805
5629
5801
1460800
5801
5815
5903
5750
5876
1494100
5876
5800
5855
5696
5729
1616400
5729
5431
5451
5254
5360
2717300
5360
5549
5656
5475
5488
2214500
5488
5762
5766
5556
5706
2455500
5706
5700
5970
5570
5962
4582100
5962
5974
6275
5902
6177
4332100
6177
6177
6372
6176
6355
3695300
6355
6393
6427
6306
6342
2667600
6342
6390
6411
6338
6388
1649100
6388
6372
6376
6265
6357
1722900
6357
6310
6386
6305
6350
1438000
6350
6338
6384
6273
6289
2283200
6289
6300
6416
6298
6387
2435500
6387
6380
6388
6274
6322
1453600
6322
6399
6403
6327
6384
1392100
6384
6450
6586
6420
6580
2197400
6580
6570
6583
6459
6461
2202600
6461
6364
6393
6290
6333
1771300
6333
6200
6346
6189
6326
2418000
6326
6234
6379
6152
6200
1639200
6200
6290
6625
6257
6591
3021100
6591
6592
6710
6490
6700
2710400
6700
6778
6780
6478
6495
2895500
6495
6536
6717
6436
6477
2949600
6477
6553
6559
6343
6378
1668100
6378
6362
6426
6314
6423
1587600
6423
6400
6468
6363
6464
1469500
6464
6366
6485
6310
6469
1715000
6469
6492
6495
6391
6404
1728500
6404
6386
6420
6347
6379
1246600
6379
6332
6334
6102
6196
1901700
6196
6070
6378
6069
6365
2113300
6365
6165
6265
6113
6127
2345600
6127
6078
6323
6067
6322
2176200
6322
6372
6546
6318
6542
2721200
6542
6500
6689
6457
6681
2629200
6681
6647
6865
6600
6788
2714900
6788
6812
6831
6711
6813
1524800
6813
6847
6929
6802
6844
1343700
6844
6844
7015
6825
7002
2257300
7002
7090
7124
6925
6990
2224300
6990
7000
7220
6999
7179
2731300
7179
7172
7372
7152
7229
2600000
7229
7298
7410
7193
7303
2635400
7303
7225
7359
7100
7108
3482700
7108
7028
7108
6895
6917
2791100
6917
6922
7002
6843
6887
2054300
6887
6900
6914
6681
6703
2833000
6703
6786
6931
6752
6807
1789500
6807
6804
6892
6737
6863
1438900
6863
6860
6940
6780
6889
2549900
6889
6887
6890
6670
6692
2166900
6692
6758
6952
6746
6925
2246700
6925
6897
6971
6823
6863
1490800
6863
6934
6960
6853
6930
1445800
6930
6956
6992
6912
6983
1572400
6983
7018
7032
6959
6997
1167000
6997
7047
7135
7034
7112
1611200
7112
7187
7228
7027
7057
1994400
7057
7045
7045
6875
7019
1598300
7019
7025
7197
7002
7191
2156100
7191
7250
7305
7111
7279
2093300
7279
7200
7243
7155
7219
1414300
7219
7200
7218
7144
7201
1127300
7201
7124
7266
7070
7208
1556700
7208
7958
8405
7898
8330
6853100
8330
8159
8329
8100
8100
3565600
8100
8051
8175
7983
7999
2233100
7999
8014
8072
7966
7978
2085600
7978
8078
8119
8011
8092
2170300
8092
8100
8138
8063
8093
1601200
8093
8057
8111
7981
8088
1186800
8088
8100
8115
7951
8047
1533800
8047
8045
8206
8036
8190
2793800
8190
8165
8390
8146
8361
2589100
8361
8400
8449
8239
8331
2264100
8331
8308
8415
8276
8332
1530500
8332
8357
8394
8190
8204
2075300
8204
8407
8647
8354
8626
4102200
8626
8691
8847
8483
8499
3326800
8499
8587
8683
8537
8580
1399900
8580
8579
8684
8532
8683
1752600
8683
8746
8770
8651
8687
1360000
8687
9016
9250
8967
9177
6218600
9177
9105
9182
9057
9130
3306000
9130
9003
9029
8906
8990
3045800
8990
8999
9066
8961
9012
1718200
9012
9000
9105
8973
9000
1958200
9000
8915
9003
8866
8918
1620700
8918
8980
9030
8914
8993
1848900
8993
9064
9179
9004
9178
2028500
9178
9113
9215
8838
8898
3362200
8898
8838
8962
8685
8774
3187300
8774
8703
9009
8630
8944
2108000
8944
8855
9057
8830
9008
1664600
9008
8990
8990
8728
8774
1856000
8774
8624
8732
8573
8575
2360100
8575
8630
8828
8614
8721
2067400
8721
8702
8825
8599
8800
1633800
8800
8793
8855
8736
8798
1449700
8798
8776
8796
8244
8245
3356600
8245
8320
8499
8194
8258
3791500
8258
8300
8608
8275
8597
2506000
8597
8511
8543
8132
8165
2999300
8165
8222
8303
8069
8180
2712800
8180
8181
8288
8054
8254
1967300
8254
8350
8456
8280
8325
2153400
8325
8252
8468
8202
8423
1986300
8423
8443
8644
8421
8592
2002600
8592
8634
8939
8590
8916
2585800
8916
8920
9000
8724
8876
2401700
8876
8900
8990
8742
8795
1811600
8795
8787
8915
8335
8372
4262400
8372
8418
8553
8284
8358
3511400
8358
8270
8282
8090
8144
2532400
8144
8294
8296
8132
8157
1846200
8157
8203
8396
8180
8356
1799600
8356
8346
8425
8261
8374
1595500
8374
8408
8493
8293
8491
1653000
8491
8409
8426
8226
8380
3541800
8380
8361
8368
8145
8210
2499800
8210
8237
8409
8188
8394
2062200
8394
8360
8360
7975
8002
3768600
8002
8080
8215
8062
8108
2181300
8108
8100
8191
8040
8091
1700400
8091
8090
8097
7855
7896
2793400
7896
7880
7994
7301
7548
6723100
7548
7870
8175
7846
8140
5136800
8140
8197
8249
7742
7750
3874200
7750
7577
7675
7470
7500
3138500
7500
7632
7710
7541
7654
1960600
7654
7604
7644
7517
7538
1860200
7538
7296
7334
7120
7135
5573400
7135
7238
7284
7155
7173
2423100
7173
7266
7366
7221
7310
2421600
7310
7171
7404
7136
7365
2461300
7365
7515
7525
7309
7415
2008600
7415
7452
7565
7325
7556
2159200
7556
7615
7633
7472
7556
1764700
7556
7629
7784
7579
7780
2156100
7780
7857
7874
7580
7638
2669000
7638
7654
7724
7612
7670
1286400
7670
7730
7792
7676
7764
1694100
7764
7709
7838
7666
7824
1844800
7824
7830
7873
7766
7783
1355800
7783
7835
7992
7788
7983
1903300
7983
7950
7960
7650
7651
3091500
7651
7500
7682
7463
7572
2980600
7572
7539
7694
7515
7676
1572800
7676
7665
7687
7524
7532
1650900
7532
7542
7723
7542
7691
1842500
7691
7710
7733
7565
7618
1499500
7618
7703
7814
7699
7742
1992600
7742
7719
7719
7545
7598
3548700
7598
7654
7848
7597
7838
2618600
7838
7979
8028
7870
7928
2729400
7928
7927
8087
7777
8039
2906300
8039
8100
8100
7925
8005
2817600
8005
8044
8399
8025
8336
3814100
8336
8450
8598
8447
8584
3219500
8584
8623
8773
8467
8521
2956400
8521
8704
8800
8615
8799
2915400
8799
8801
8860
8735
8771
1854300
8771
8774
8823
8672
8683
2233200
8683
8660
8929
8631
8791
2653100
8791
8793
8794
8185
8375
5926500
8375
8243
8250
8072
8084
3831300
8084
7960
7974
7825
7959
3154400
7959
8000
8041
7752
7838
2851700
7838
7260
7500
7202
7317
5242900
7317
7312
7586
7280
7583
4893000
7583
7535
7582
7308
7310
2334400
7310
7299
7322
7056
7138
3770000
7138
7371
7398
7136
7161
3471600
7161
7185
7212
6876
6913
3872400
6913
6785
6951
6781
6931
3624900
6931
6904
7243
6893
7228
3546400
7228
7071
7117
6936
6937
2570900
6937
7100
7128
6962
7067
2669700
7067
6857
6988
6824
6920
2357900
6920
6920
6995
6681
6765
2868300
6765
6765
6889
6657
6685
2291700
6685
6590
6839
6538
6777
2479800
6777
6977
7154
6903
7137
3425700
7137
7155
7431
7065
7373
3818400
7373
7422
7788
7402
7736
4112600
7736
7630
7706
7546
7568
1964400
7568
7568
7610
7482
7575
1924600
7575
7575
7576
7413
7509
3598100
7509
7720
7773
7653
7719
2315500
7719
7448
7501
7248
7334
5702000
7334
7280
7281
6965
7039
3494300
7039
6942
7182
6844
7098
3007400
7098
7113
7129
7017
7108
2099500
7108
7099
7344
7078
7319
2460500
7319
7346
7438
7257
7290
2000200
7290
7253
7397
7202
7360
1339200
7360
7244
7372
7220
7269
1662900
7269
7078
7227
7001
7200
1899900
7200
7216
7512
7216
7464
3308100
7464
7451
7507
7302
7463
2162000
7463
7509
7512
7314
7406
1684500
7406
7463
7494
7376
7386
1940100
7386
7404
7446
7160
7212
2907400
7212
7182
7241
7073
7224
3332600
7224
7300
7575
7288
7468
2992200
7468
7428
7556
7350
7350
2701300
7350
7201
7243
7062
7120
2667300
7120
7090
7190
6914
7020
3142300
7020
7094
7204
7058
7190
2560600
7190
6981
7140
6975
7034
2271100
7034
7069
7210
6992
7054
2139900
7054
7150
7271
7112
7239
2815300
7239
7330
7350
7137
7319
2258300
7319
7247
7393
7160
7164
3011700
7164
7083
7144
7025
7101
2107100
7101
6988
7074
6919
6953
2680600
6953
6998
7107
6915
7043
2306200
7043
6976
7067
6816
6861
2717500
6861
6833
6862
6575
6684
2906300
6684
6320
6441
6125
6274
2924200
6274
6292
6515
6230
6395
2519200
6395
6695
6921
6633
6880
3054100
6880
6780
6960
6777
6892
2445300
6892
