753.9
757.5
748.7
756
19498300
756
758.5
767.9
755.7
756
18231800
756
760.9
761.4
750.3
754.9
18750000
754.9
759.9
780.1
755.9
776.1
24824200
776.1
765
784.9
763.5
784.1
20492200
784.1
780.3
786.8
770
779.5
22340300
779.5
785.5
787.7
765.8
766.6
11609000
766.6
770.1
785
766.5
778.5
13747900
778.5
758.1
768.7
752
758.2
17913100
758.2
769
773.3
758.2
761.1
13988500
761.1
768
773.6
757.5
772.4
17305000
772.4
767.6
768.6
752.5
766.9
13987900
766.9
772
773
757.7
760.5
15324800
760.5
760
767.5
758.7
766
12952100
766
764
770.6
761
770.5
16499500
770.5
763.1
764.5
735.6
737.1
25903100
737.1
740.8
757.9
737.6
752.6
14796200
752.6
737.6
742.4
732.1
734.1
16328100
734.1
717
737.9
715.3
723.8
17108600
723.8
727.9
748
726.8
746.4
12487300
746.4
746.4
748.4
732.1
740.8
13561400
740.8
715.2
716
701.4
710.2
17347100
710.2
645.2
681.8
625.1
674.7
30147400
674.7
694.7
711.6
686.3
686.9
19835600
686.9
680
694.6
676.9
689.9
16704800
689.9
660.4
678.6
645.1
656.5
23067900
656.5
673.3
673.5
645.7
646.2
21885600
646.2
643.4
661.3
640.1
650
16841400
650
652.6
661.1
643.1
647
16885800
647
654.8
671.4
654.5
665.3
14641500
665.3
666.2
669.6
659.1
668.2
9546600
668.2
666.2
670.3
654.9
656.8
9319400
656.8
662
665.8
653.7
657.5
9486100
657.5
651.3
655.1
649
653.3
10633000
653.3
660.5
680.4
660.5
675.1
12417500
675.1
685.1
686.3
670.7
674.3
9945200
674.3
678.7
681.6
671
679.8
12739900
679.8
670.5
678.7
655.6
656
18200700
656
650
656.2
646.6
651.4
15306500
651.4
641.4
650.1
638.9
645
17155300
645
636.7
638.7
631.7
634
6197900
634
650
661.6
649.1
659.1
13402900
659.1
653.9
654.7
643.5
650.1
13400800
650.1
647.4
650.5
637.9
644.1
15582000
644.1
646.4
663.8
643.3
645.5
18538100
645.5
658
661
646
655.2
12343000
655.2
644.1
645.4
629.3
634.3
15496200
634.3
633
636.4
629.5
632.6
11420800
632.6
627.4
633.8
623.7
630.2
10589400
630.2
628
633.5
626.2
631
11869600
631
631.1
638.4
627.7
628.6
10226500
628.6
625
635.9
620.3
635.2
9301300
635.2
641.1
653.3
640.8
649.7
17454900
649.7
631.2
640.6
629.2
631.4
21372900
631.4
625
629.3
620.6
628.6
12117800
628.6
631.2
651.2
624.4
650.7
12391400
650.7
636.5
639.3
626.1
633.2
14087800
633.2
663.2
663.2
629.5
637.6
20666400
637.6
647.6
647.8
639.1
643.7
13003200
643.7
645.4
647.1
637.8
637.8
6774200
637.8
630
632.7
622.4
625.2
10575400
625.2
629.9
634.1
625.4
626.1
11398500
626.1
630
643
629.7
637.2
13776900
637.2
639.3
659.2
639.3
656.7
14665700
656.7
652
652
636.8
643.5
11148400
643.5
640.1
657.8
639.2
655.4
8463600
655.4
679
689
678.1
683.3
15978100
683.3
693.3
694
672.2
672.6
10114900
672.6
673.2
681.5
666.9
680.5
9239000
680.5
680
681.5
667.7
675.1
7045400
675.1
676
684
673.7
682.5
8388800
682.5
685.3
701.5
682.9
700.7
12613600
700.7
714.3
720.5
704.3
707.3
10109000
707.3
707.3
724.7
707.2
713
13835100
713
709
715.4
708.4
713.4
6922800
713.4
720.1
731.6
718.7
730.4
12894900
730.4
727.7
728.1
717.2
720.1
11362500
720.1
717.6
722.8
699.5
701.4
17000100
701.4
710.6
718.7
707.4
714.4
12138500
714.4
713.2
723.1
707.3
722.5
9740800
722.5
717
717.3
699
700
12024300
700
711.9
717.8
711
715.1
11700700
715.1
715
723.1
704.3
707.3
10749300
707.3
719.8
721.4
708.7
709.4
11448600
709.4
717.2
720.4
714.1
719.2
13509900
719.2
714.2
719.9
703.2
705.2
15029500
705.2
693.8
715
691
714.4
14959300
714.4
717
722.2
714.2
719.9
11321600
719.9
724.3
724.9
717.4
720
12441600
720
728
737.5
721.9
736.5
11693900
736.5
736.5
763.8
734.2
763.2
15608000
763.2
763.2
769
753.6
755.6
10886000
755.6
760
761.5
753.2
756.4
10529400
756.4
746.8
747.9
725.4
732.9
16501100
732.9
744.7
744.9
720.7
724.1
14902900
724.1
719.1
724
707.6
716.6
12377200
716.6
701.6
701.8
683.7
686.5
12087800
686.5
692.3
694.6
681.1
685.6
8208200
685.6
676
680.2
669
675.4
11858400
675.4
695.4
707.4
692.7
702.9
34393400
702.9
698
710.6
696.4
708.4
12217500
708.4
705.5
715.7
698.8
715.3
8437000
715.3
718.6
718.8
699.2
704.7
10905700
704.7
707.9
721.9
706
721.4
9283500
721.4
721.3
725.7
717.1
723.9
9768500
723.9
715
725
713.6
714.2
12812900
714.2
705
729.3
700.6
727.3
9537700
727.3
742.3
747
731.2
741.4
15296300
741.4
730.6
739.9
725.8
737.7
10797200
737.7
739
750
733.5
744.1
15268000
744.1
744.1
764.2
743.2
764
21370200
764
744.2
746.6
729.9
731
14909100
731
741.5
755.7
735.5
739.9
14138400
739.9
739.9
740.8
729
740.2
11819500
740.2
739
748.3
732.5
743.8
9347700
743.8
728.8
741.7
728.6
740.3
7486300
740.3
759
762.9
745.4
748.3
8584300
748.3
733.3
738.8
722
735.5
9683400
735.5
754
796
744.6
782.2
24171100
782.2
777.4
782.2
765.8
773.2
14342400
773.2
770
772.5
751.5
770.2
15145500
770.2
770
777
756.3
757.9
12798400
757.9
772.9
776.6
762.6
775.8
13519000
775.8
780
798
778.3
796
17947300
796
784.3
789.4
772.9
775.7
11864200
775.7
772.7
787.5
764.6
770.1
12400700
770.1
775.4
779.9
770.6
774.9
7898900
774.9
781.4
803.9
776
798.1
19857700
798.1
794
799.8
778
794.1
17102300
794.1
775
778.3
761.7
765.4
15906000
765.4
770.4
771.7
752
767
15095000
767
769.3
769.8
756.4
760.7
13487800
760.7
765.4
776.6
765.4
770.9
10438100
770.9
782
798.4
780
792.6
12415800
792.6
798
807.6
795.8
802.9
12574200
802.9
790
799.9
787
795.8
9757500
795.8
797.3
804.4
795.4
797.8
10704900
797.8
803.4
819.4
803.4
818.6
10841500
818.6
820.3
829.3
818.7
825.6
10197100
825.6
827.8
833.6
824.2
829.1
8212800
829.1
816
825.1
813.1
816.8
8339200
816.8
820.3
829.7
810.2
819.5
13864600
819.5
817.9
831.6
815.8
824.1
12327800
824.1
823
823
804.4
807.6
11741400
807.6
816.9
817
806
813.1
7593300
813.1
815.3
819.7
811.1
817
8097700
817
819.6
840
816.3
839.4
9712600
839.4
852
857
802
813.7
21177200
813.7
786.5
800.5
782
796
17200500
796
810
812.7
789.1
802.7
15048500
802.7
797.3
800.7
776.6
777.2
8881800
777.2
777.2
796.6
770.9
795.7
9418800
795.7
797.3
802.4
782.3
785.8
9074600
785.8
740.8
752
730.6
749.1
20179200
749.1
746.4
754.9
745.2
751
13043000
751
754.1
757.8
746.6
754.7
8746100
754.7
757.3
768.5
752.6
753
10937200
753
760.9
768.9
753.2
764.9
13479400
764.9
778
784.5
774.4
778.8
9088700
778.8
785.8
791.7
777.4
777.6
10061500
777.6
781.5
795.6
780.8
793.1
9005200
793.1
794.5
799.4
792.7
797.2
9332800
797.2
795.1
803.4
792.8
800.5
9262100
800.5
815
817
794.2
800.2
44321300
800.2
800
801.9
782.4
782.4
13374600
782.4
772.4
778.9
770.8
774.3
8359400
774.3
765
768.9
762.1
762.9
10027400
762.9
760.4
765.5
755.1
755.1
11691700
755.1
755
756
736.6
736.6
14906100
736.6
724.8
727.5
708.7
719.2
18493900
719.2
714.5
724.9
710.1
714.9
15745300
714.9
720
739.5
716.6
737.3
14505700
737.3
752.3
755
733.1
737.7
10689200
737.7
745.1
760.7
743.2
757.3
10240000
757.3
768.4
773
755.9
772
14533800
772
774.1
803.7
773.9
802
14725800
802
819
836.8
811.4
835
15206800
835
834.7
836.2
823
833.1
15924000
833.1
832
900.9
827.6
900.9
26733400
900.9
866.3
868.5
845.6
855.3
20921000
855.3
855.3
875
854
873.5
15238500
873.5
858.5
871.4
850.8
851.9
13089700
851.9
858
869.8
855
858.3
14605700
858.3
855.9
870.5
854
860.7
8856100
860.7
875.7
885.8
873
882.6
20554200
882.6
875
877.6
859.2
860.6
12675900
860.6
880.6
882.6
870.2
872.3
12582200
872.3
860
871.1
852.3
860.3
14162300
860.3
845.3
854
841.6
847.5
13733200
847.5
856
863.5
842.4
857.9
12122400
857.9
801
821.4
797.1
802
18493300
802
792.6
801.8
781.1
798.1
16509400
798.1
790.5
800.7
785.4
793.9
10748300
793.9
800
825.6
796.3
821.7
18690700
821.7
821.9
838.4
816.8
829.1
14392800
829.1
823.5
823.8
804.9
805.2
11486600
805.2
797
804.8
794.5
799.6
9510600
799.6
783.1
786.4
766.2
777.4
15587300
777.4
771
778.5
764
769.9
11351700
769.9
759.5
769.7
750
763
12451000
763
746.3
757.8
744.2
747.7
12658300
747.7
762.7
764.2
741.7
746.5
12134600
746.5
760
766.3
746.5
748.7
12146600
748.7
733.7
765.6
733.7
761.4
14088800
761.4
758
769.2
750.3
769.2
23183600
769.2
766.8
767.2
741.2
744.6
11476300
744.6
737.6
770
732.6
766.2
12067000
766.2
756.7
758
743.5
744.4
8270000
744.4
758.9
766.4
751.2
761.2
9755100
761.2
757.1
781.7
729.6
735.6
17888000
735.6
755.3
784.8
748.1
780.7
13168700
780.7
774.2
775
740.5
741.6
16480000
741.6
739
739.1
723.1
724.9
11988100
724.9
710.1
714.2
693.7
706.4
15250300
706.4
690.2
695.2
680.7
688.1
15869700
688.1
697.2
702.3
680.2
686.6
11794500
686.6
699.9
701.2
683.1
684.6
11544000
684.6
682.5
687.6
673.5
681.7
8779500
681.7
671.7
679.7
665
670.8
12941700
670.8
646.5
665.5
643.4
662.6
13793600
662.6
679.8
686.4
671
677.3
10929200
677.3
658
667.7
643.2
662
13073200
662
668.6
676
663.1
668.9
10386700
668.9
673
678.7
661.1
662.9
12005500
662.9
673.8
682.1
670.9
674
15241500
674
684
695
671
686.3
26760500
686.3
694.7
724
689.7
709.1
14330800
709.1
707.3
712.5
681.2
683.6
12596300
683.6
663.6
671.8
661.5
666
12268100
666
665
671.5
652.4
656.7
12301100
656.7
656.2
658.7
630.5
639.9
13155300
639.9
634.5
648.9
631.1
645.7
11026100
645.7
625.7
625.8
598.8
602.7
19955200
602.7
605
617.6
601.7
614.9
14479100
614.9
620.2
631.7
617.6
623.5
12407700
623.5
623.5
629.3
616.9
619.6
15646100
619.6
613.7
619.4
607.3
609.5
10165200
609.5
597.8
602
589.3
594
13774100
594
581
590.3
571.5
585
13626300
585
579.3
599.4
575.5
577.1
12857200
577.1
571
577
561.5
568.3
14975400
568.3
534.7
548.2
527
537.1
11477100
537.1
550.7
558.8
536.9
547.3
10150100
547.3
597
597.5
576.5
591.4
19100700
591.4
578.5
582.9
567.4
576.7
10310600
576.7
