2776
2806
2755
2785
914600
2785
2801
2829
2782
2829
778600
2829
2842
2845
2808
2835
679800
2835
2800
2827
2789
2823
747000
2823
2808
2812
2788
2808
542800
2808
2801
2841
2801
2822
869200
2822
2834
2834
2803
2813
366400
2813
2815
2830
2804
2806
299000
2806
2792
2804
2762
2797
520000
2797
2843
2859
2803
2812
822500
2812
2827
2830
2792
2826
430300
2826
2826
2843
2810
2837
330900
2837
2846
2893
2816
2891
604500
2891
2891
2899
2857
2866
347700
2866
2850
2853
2814
2816
460600
2816
2836
2848
2810
2815
430200
2815
2822
2844
2806
2811
329300
2811
2782
2833
2782
2802
578400
2802
2801
2824
2770
2772
534200
2772
2793
2839
2765
2829
493000
2829
2815
2833
2792
2814
317500
2814
2764
2771
2733
2734
435300
2734
2595
2600
2515
2584
1387200
2584
2639
2707
2602
2602
806200
2602
2608
2670
2606
2657
549200
2657
2557
2608
2525
2566
844200
2566
2596
2605
2489
2494
759700
2494
2479
2508
2443
2468
632700
2468
2503
2528
2490
2499
647300
2499
2513
2562
2505
2545
410600
2545
2559
2680
2542
2642
1813300
2642
2640
2688
2616
2674
1062000
2674
2675
2727
2660
2685
755600
2685
2643
2653
2594
2605
518500
2605
2626
2647
2612
2646
448900
2646
2659
2674
2627
2653
459200
2653
2660
2680
2643
2664
679300
2664
2668
2691
2646
2651
597400
2651
2622
2627
2564
2575
436600
2575
2500
2514
2461
2478
824200
2478
2476
2496
2465
2488
505200
2488
2537
2566
2529
2542
620200
2542
2521
2543
2483
2512
967300
2512
2540
2540
2458
2468
693600
2468
2485
2547
2472
2483
972300
2483
2533
2560
2520
2556
464000
2556
2535
2540
2506
2534
385100
2534
2504
2534
2504
2515
443500
2515
2508
2520
2454
2497
398700
2497
2524
2524
2459
2475
523200
2475
2455
2473
2432
2435
381600
2435
2413
2447
2401
2444
602300
2444
2441
2451
2411
2448
648900
2448
2350
2371
2320
2329
944300
2329
2298
2355
2283
2355
645300
2355
2377
2441
2373
2439
646300
2439
2395
2428
2386
2425
536500
2425
2458
2483
2413
2434
524200
2434
2458
2479
2434
2463
540700
2463
2424
2485
2423
2453
441400
2453
2416
2451
2403
2440
485600
2440
2440
2481
2430
2471
403900
2471
2499
2526
2467
2512
628600
2512
2526
2547
2503
2507
605500
2507
2496
2500
2466
2487
429500
2487
2470
2544
2459
2534
524700
2534
2537
2584
2529
2557
767000
2557
2534
2538
2483
2490
594500
2490
2520
2560
2507
2534
463800
2534
2516
2535
2501
2521
355900
2521
2515
2523
2499
2510
289500
2510
2522
2553
2506
2545
360900
2545
2549
2549
2519
2527
449100
2527
2532
2541
2513
2525
475800
2525
2523
2558
2519
2543
310800
2543
2559
2581
2540
2576
529200
2576
2554
2590
2545
2588
308900
2588
2594
2598
2571
2589
461600
2589
2607
2611
2566
2585
580100
2585
2578
2581
2553
2558
446200
2558
2565
2576
2551
2564
323600
2564
2564
2564
2530
2538
297500
2538
2540
2578
2530
2554
381500
2554
2553
2559
2515
2523
367900
2523
2542
2569
2533
2548
283500
2548
2580
2591
2546
2575
481400
2575
2560
2674
2513
2564
1012900
2564
2561
2591
2548
2575
649100
2575
2559
2593
2539
2582
562200
2582
2599
2666
2596
2648
617400
2648
2662
2672
2651
2660
422600
2660
2660
2661
2645
2650
270300
2650
2657
2665
2636
2642
381900
2642
2625
2634
2586
2586
685600
2586
2563
2569
2507
2517
621900
2517
2491
2517
2476
2485
577200
2485
2492
2533
2487
2493
483000
2493
2483
2485
2428
2438
452300
2438
2389
2391
2360
2367
504000
2367
2369
2382
2345
2370
792400
2370
2352
2395
2336
2364
489500
2364
2390
2434
2389
2429
356400
2429
2437
2442
2413
2426
302100
2426
2443
2492
2443
2483
508200
2483
2496
2525
2491
2506
381000
2506
2520
2539
2488
2489
635500
2489
2483
2502
2458
2483
245700
2483
2503
2513
2477
2482
355600
2482
2468
2498
2467
2470
292600
2470
2459
2460
2434
2434
396800
2434
2463
2465
2409
2412
646900
2412
2404
2407
2369
2376
334700
2376
2367
2392
2348
2348
400100
2348
2351
2363
2309
2359
439700
2359
2349
2371
2328
2343
414600
2343
2310
2360
2297
2341
597100
2341
2340
2354
2324
2343
480100
2343
2318
2359
2295
2354
395100
2354
2330
2330
2281
2293
387200
2293
2303
2316
2272
2290
471600
2290
2305
2310
2276
2303
431000
2303
2305
2320
2241
2246
387000
2246
2246
2251
2198
2224
534600
2224
2206
2232
2204
2213
314100
2213
2200
2219
2181
2188
421400
2188
2197
2240
2197
2217
486400
2217
2215
2248
2215
2237
336800
2237
2258
2299
2258
2274
410800
2274
2258
2258
2198
2216
443800
2216
2228
2246
2216
2226
395100
2226
2246
2268
2237
2255
570400
2255
2280
2325
2278
2299
468900
2299
2308
2332
2300
2308
385700
2308
2312
2342
2307
2325
266700
2325
2316
2321
2265
2282
419500
2282
2262
2285
2260
2272
314200
2272
2316
2345
2309
2310
370500
2310
2315
2325
2309
2316
263600
2316
2340
2346
2320
2330
332600
2330
2338
2348
2321
2348
262800
2348
2338
2365
2331
2352
353400
2352
2362
2414
2362
2384
612400
2384
2412
2425
2394
2421
402100
2421
2424
2440
2410
2418
469200
2418
2429
2429
2397
2419
316000
2419
2418
2418
2385
2388
319100
2388
2371
2423
2366
2414
247100
2414
2382
2387
2344
2350
547100
2350
2331
2351
2316
2336
392600
2336
2386
2462
2276
2395
1381000
2395
2377
2388
2296
2296
706600
2296
2317
2347
2297
2347
427400
2347
2362
2382
2340
2367
344100
2367
2333
2362
2304
2357
493000
2357
2334
2358
2303
2350
407900
2350
2334
2344
2314
2331
336900
2331
2325
2330
2301
2324
374600
2324
2303
2358
2275
2356
303700
2356
2332
2341
2290
2292
398600
2292
2292
2297
2260
2270
410600
2270
2275
2315
2275
2301
270000
2301
2340
2367
2335
2356
482700
2356
2356
2390
2346
2376
354400
2376
2354
2374
2337
2353
607000
2353
2348
2370
2331
2335
614000
2335
2337
2347
2297
2305
339600
2305
2319
2324
2273
2281
501300
2281
2291
2313
2266
2290
473100
2290
2276
2303
2254
2264
543900
2264
2252
2255
2219
2238
534200
2238
2223
2247
2223
2242
310300
2242
2242
2252
2231
2241
293700
2241
2238
2242
2203
2217
366800
2217
2236
2281
2236
2275
509500
2275
2291
2303
2276
2297
896000
2297
2278
2358
2277
2356
601300
2356
2400
2415
2383
2384
598800
2384
2416
2420
2383
2394
622700
2394
2410
2439
2381
2432
850900
2432
2447
2468
2431
2468
720700
2468
2463
2487
2447
2486
543100
2486
2483
2495
2422
2424
654600
2424
2459
2475
2434
2449
695900
2449
2429
2450
2422
2442
379900
2442
2457
2500
2457
2465
580800
2465
2459
2459
2418
2424
383900
2424
2447
2461
2419
2424
405700
2424
2392
2429
2390
2410
446400
2410
2377
2401
2352
2359
450700
2359
2383
2394
2350
2360
464400
2360
2284
2307
2246
2270
555000
2270
2242
2276
2240
2266
794500
2266
2240
2244
2200
2222
519000
2222
2215
2269
2206
2266
585400
2266
2273
2298
2263
2284
482500
2284
2274
2286
2254
2255
342100
2255
2200
2215
2190
2211
394900
2211
2184
2224
2173
2215
318100
2215
2184
2200
2165
2166
496100
2166
2196
2205
2157
2168
850900
2168
2092
2121
2083
2093
611200
2093
2106
2129
2082
2116
474000
2116
2149
2164
2126
2132
315600
2132
2149
2189
2142
2174
491700
2174
2166
2208
2158
2192
483700
2192
2191
2220
2174
2210
500200
2210
2215
2284
2208
2272
700900
2272
2243
2309
2217
2283
673000
2283
2300
2335
2300
2321
429300
2321
2311
2356
2295
2301
452300
2301
2280
2299
2252
2260
831500
2260
2278
2379
2189
2340
1761300
2340
2317
2338
2283
2320
728000
2320
2282
2300
2246
2294
894100
2294
2309
2338
2296
2331
550200
2331
2334
2378
2327
2375
574800
2375
2352
2365
2310
2343
867600
2343
2318
2349
2302
2338
693700
2338
2321
2359
2308
2358
741000
2358
2316
2329
2299
2321
726900
2321
2334
2334
2291
2305
743900
2305
2316
2380
2305
2376
660400
2376
2401
2409
2378
2399
528400
2399
2366
2383
2348
2371
661500
2371
2394
2410
2379
2383
397200
2383
2379
2399
2371
2376
1200800
2376
2402
2422
2387
2389
508500
2389
2385
2399
2337
2344
507000
2344
2312
2318
2283
2309
695800
2309
2301
2308
2250
2269
556700
2269
2284
2325
2276
2319
626100
2319
2273
2296
2261
2289
518500
2289
2275
2286
2247
2256
641800
2256
2270
2344
2264
2293
953800
2293
2322
2351
2316
2331
513300
2331
2302
2316
2262
2279
935900
2279
2300
2311
2284
2289
359000
2289
2273
2295
2255
2262
445100
2262
2266
2287
2244
2251
426300
2251
2246
2260
2201
2210
586100
2210
2188
2189
2100
2100
909300
2100
2050
2053
1954
1961
666200
1961
1959
1965
1906
1938
703000
1938
1989
2035
1984
2033
537200
2033
2023
2079
2021
2065
473200
2065
