4975
5030
4925
4965
1143800
4965
4980
5020
4945
4990
957700
4990
5000
5030
4975
5010
552100
5010
5000
5050
4970
5030
574200
5030
4950
4995
4920
4985
1031900
4985
4985
5040
4970
4990
953500
4990
5040
5090
5010
5020
817000
5020
5050
5050
4970
5000
522300
5000
5000
5040
4960
5030
861000
5030
5050
5090
4970
4985
1297900
4985
5010
5060
5000
5050
617800
5050
5010
5040
4975
4995
605600
4995
5000
5020
4980
5010
509500
5010
4970
4985
4900
4920
785100
4920
4860
4915
4860
4890
550000
4890
4875
4905
4820
4820
864500
4820
4850
4930
4845
4880
539900
4880
4895
4905
4795
4795
746200
4795
4825
4850
4790
4790
1024700
4790
4805
4830
4765
4820
600600
4820
4785
4795
4745
4765
637900
4765
4650
4690
4640
4655
957000
4655
4445
4480
4290
4350
1718000
4350
4460
4475
4365
4375
1378100
4375
4505
4660
4455
4635
2361700
4635
4500
4585
4420
4465
1698700
4465
4535
4565
4450
4465
1380100
4465
4450
4475
4390
4430
920700
4430
4485
4495
4430
4440
652900
4440
4455
4505
4440
4480
694100
4480
4510
4565
4485
4560
415900
4560
4525
4550
4475
4535
557500
4535
4525
4555
4485
4495
556600
4495
4430
4455
4385
4435
675700
4435
4445
4525
4435
4515
519000
4515
4550
4580
4535
4555
504200
4555
4585
4590
4530
4545
669600
4545
4515
4545
4455
4455
795600
4455
4440
4455
4410
4435
802400
4435
4340
4340
4275
4300
918900
4300
4255
4275
4225
4270
543500
4270
4340
4385
4315
4320
997600
4320
4280
4330
4255
4265
635800
4265
4285
4315
4270
4285
529300
4285
4290
4360
4265
4290
1072200
4290
4400
4455
4395
4415
717800
4415
4390
4430
4365
4430
478900
4430
4380
4440
4365
4385
553700
4385
4360
4365
4280
4315
810400
4315
4325
4325
4280
4290
864600
4290
4270
4310
4240
4280
609100
4280
4240
4305
4235
4290
401700
4290
4300
4330
4275
4315
759200
4315
4205
4215
4125
4130
920300
4130
4110
4135
4040
4135
1003400
4135
4185
4315
4175
4315
1293400
4315
4265
4275
4200
4260
1022900
4260
4440
4485
4345
4395
1079900
4395
4405
4415
4365
4405
739000
4405
4370
4420
4365
4370
425000
4370
4310
4335
4300
4325
559900
4325
4325
4335
4265
4275
1016400
4275
4290
4330
4250
4310
966100
4310
4310
4360
4305
4305
620600
4305
4265
4345
4260
4315
704200
4315
4310
4385
4280
4370
654200
4370
4450
4480
4380
4445
903800
4445
4420
4420
4265
4285
1147700
4285
4335
4375
4325
4365
631100
4365
4390
4400
4350
4380
412600
4380
4365
4400
4350
4365
707400
4365
4360
4490
4360
4480
813200
4480
4500
4525
4465
4470
641500
4470
4495
4515
4450
4465
587600
4465
4490
4505
4455
4460
373700
4460
4515
4530
4475
4525
499800
4525
4500
4525
4460
4505
610500
4505
4535
4565
4495
4520
807400
4520
4560
4565
4510
4540
707600
4540
4530
4535
4465
4510
619300
4510
4540
4550
4470
4545
616600
4545
4560
4560
4475
4500
828400
4500
4480
4545
4480
4520
643900
4520
4745
4790
4705
4770
1851500
4770
4770
4815
4755
4775
797100
4775
4780
4810
4730
4795
990800
4795
4800
4865
4795
4830
785200
4830
4800
4845
4780
4785
605300
4785
4720
4725
4665
4700
993200
4700
4760
4795
4750
4770
530100
4770
4800
4800
4705
4720
588700
4720
4850
4930
4795
4850
1053400
4850
4825
4845
4780
4785
523000
4785
4750
4780
4695
4700
621600
4700
4680
4680
4600
4610
637900
4610
4615
4640
4565
4570
742900
4570
4570
4585
4555
4580
527000
4580
4490
4505
4425
4490
922300
4490
4335
4420
4335
4370
983700
4370
4465
4485
4440
4460
1555400
4460
4435
4490
4420
4445
685300
4445
4515
4590
4495
4565
655800
4565
4605
4620
4560
4585
566300
4585
4600
4605
4540
4555
675300
4555
4605
4650
4590
4630
760400
4630
4630
4640
4570
4570
871200
4570
4575
4625
4570
4610
599300
4610
4650
4655
4615
4635
655000
4635
4640
4645
4590
4595
574500
4595
4545
4555
4490
4510
690100
4510
4555
4585
4525
4535
1162900
4535
4535
4560
4465
4480
716500
4480
4435
4465
4335
4335
915300
4335
4325
4340
4250
4315
1209600
4315
4340
4370
4295
4305
989100
4305
4250
4305
4240
4290
722300
4290
4340
4365
4285
4295
655200
4295
4280
4355
4255
4335
818400
4335
4275
4305
4250
4275
638600
4275
4265
4285
4230
4275
702000
4275
4300
4330
4285
4315
930100
4315
4310
4355
4220
4225
793700
4225
4245
4245
4145
4195
752200
4195
4140
4220
4120
4195
604500
4195
4215
4240
4170
4180
683400
4180
4220
4290
4205
4260
801000
4260
4370
4420
4330
4345
1125700
4345
4305
4370
4275
4335
1001900
4335
4295
4325
4280
4300
762500
4300
4290
4380
4290
4355
1075800
4355
4375
4420
4370
4400
919900
4400
4415
4425
4390
4400
804800
4400
4445
4450
4395
4395
855300
4395
4410
4445
4385
4430
581100
4430
4435
4485
4430
4480
845600
4480
4425
4460
4400
4420
810300
4420
4430
4480
4420
4475
590800
4475
4485
4520
4475
4505
501500
4505
4550
4615
4545
4605
796700
4605
4650
4655
4625
4650
795500
4650
4655
4750
4645
4710
948700
4710
4735
4740
4665
4670
1153700
4670
4670
4670
4480
4615
1628800
4615
4615
4650
4510
4540
1050500
4540
4540
4570
4520
4535
702800
4535
4565
4575
4515
4535
707200
4535
4535
4580
4515
4575
531700
4575
4545
4575
4510
4540
623300
4540
4470
4505
4455
4490
652700
4490
4480
4480
4390
4400
816700
4400
4335
4345
4270
4310
972200
4310
4320
4350
4305
4345
827500
4345
4330
4360
4260
4280
722000
4280
4230
4275
4155
4265
1098400
4265
4265
4315
4230
4310
584200
4310
4285
4300
4245
4280
839500
4280
4240
4275
4230
4260
761400
4260
4260
4345
4260
4340
602100
4340
4335
4345
4310
4330
572100
4330
4340
4380
4335
4355
682700
4355
4360
4420
4355
4395
658700
4395
4440
4455
4390
4400
634200
4400
4385
4475
4385
4435
653000
4435
4450
4460
4420
4440
723000
4440
4400
4480
4380
4450
1029400
4450
4430
4445
4365
4395
623500
4395
4370
4370
4310
4360
618900
4360
4375
4410
4350
4395
761000
4395
4390
4430
4355
4405
943500
4405
4390
4395
4330
4360
722700
4360
4325
4375
4315
4365
597700
4365
4370
4410
4345
4375
732100
4375
4380
4415
4330
4385
627500
4385
4420
4470
4415
4465
728000
4465
4495
4540
4485
4500
952000
4500
4515
4645
4515
4545
1452500
4545
4650
4740
4645
4730
1334400
4730
4735
4735
4650
4665
1115300
4665
4695
4735
4690
4710
950000
4710
4730
4805
4715
4805
951800
4805
4820
4865
4805
4835
885500
4835
4815
4820
4740
4755
742300
4755
4795
4795
4715
4715
1292100
4715
4735
4780
4710
4735
575400
4735
4765
4785
4720
4730
773800
4730
4695
4715
4635
4650
850100
4650
4710
4750
4685
4685
845200
4685
4635
4675
4600
4620
1124500
4620
4570
4590
4515
4550
969800
4550
4550
4580
4490
4535
763300
4535
4400
4435
4355
4385
1102200
4385
4405
4455
4355
4440
1172800
4440
4370
4380
4330
4345
747800
4345
4325
4375
4310
4375
831100
4375
4405
4450
4385
4405
663200
4405
4430
4465
4425
4425
596800
4425
4380
4410
4330
4405
905700
4405
4360
4400
4320
4385
565100
4385
4335
4335
4210
4210
896200
4210
4210
4210
4090
4125
1092300
4125
3985
4010
3930
3945
926500
3945
3980
3990
3880
3925
954500
3925
3925
3975
3895
3900
554100
3900
3835
3940
3815
3900
1070700
3900
3780
3790
3620
3710
2044100
3710
3745
3760
3685
3695
901700
3695
3705
3790
3695
3780
1304300
3780
3750
3790
3710
3750
973700
3750
3755
3775
3735
3760
538000
3760
3745
3770
3705
3715
1020000
3715
3785
3820
3770
3785
796000
3785
3790
3840
3770
3815
964000
3815
3815
3880
3795
3880
754700
3880
3815
3815
3740
3800
1123500
3800
3800
3870
3755
3815
1207900
3815
3780
3815
3760
3810
560200
3810
3810
3865
3785
3810
884100
3810
3800
3830
3790
3830
733800
3830
3805
3845
3765
3835
975200
3835
3750
3825
3740
3810
922400
3810
3830
3840
3790
3805
596200
3805
3780
3830
3775
3815
1048300
3815
3800
3840
3780
3820
975700
3820
3850
3850
3790
3805
873200
3805
3850
3865
3815
3835
860200
3835
3810
3855
3805
3855
1210200
3855
3905
3985
3890
3945
1115100
3945
3980
3980
3855
3855
1169500
3855
3810
3840
3785
3815
915000
3815
3785
3795
3710
3740
1106300
3740
3770
3795
3730
3760
746400
3760
3710
3710
3650
3665
889300
3665
3655
3660
3565
3575
978000
3575
3510
3580
3500
3555
1702900
3555
3580
3655
3565
3640
1073500
3640
3620
3655
3580
3600
1254700
3600
3600
3630
3560
3565
874300
3565
3500
3565
3485
3535
955000
3535
3505
3555
3470
3530
1303700
3530
3545
3595
3445
3465
1236300
3465
3430
3460
3375
3400
1598900
3400
3340
3345
3200
3230
1371400
3230
3225
3290
3165
3220
1075700
3220
3305
3395
3290
3380
1268300
3380
3370
3475
3365
3430
1015800
3430
