1032
1042
1022
1034
1442900
1034
1044
1080
1043
1056
2282800
1056
1060
1065
1050
1051
985200
1051
1052
1061
1050
1055
1069900
1055
1049
1069
1041
1064
853700
1064
1068
1075
1061
1066
851600
1066
1070
1073
1041
1045
1196700
1045
1048
1051
1035
1045
826200
1045
1035
1039
1024
1026
1392700
1026
1040
1041
1012
1014
1225900
1014
1020
1025
1009
1020
638700
1020
1020
1024
1003
1005
953700
1005
1014
1022
1009
1021
1011300
1021
1016
1029
1015
1022
579700
1022
1014
1016
1001
1008
846800
1008
1009
1014
1001
1001
792100
1001
1007
1008
997
999
684700
999
999
1000
980
984
1118600
984
979
996
978
985
1088700
985
989
991
966
980
1138700
980
980
981
960
967
1185600
967
924
926
877
886
4010500
886
850
854
825
846
3761200
846
875
875
836
838
2292100
838
857
871
847
866
1749100
866
832
846
831
843
1885100
843
852
852
836
839
1441500
839
838
849
826
837
1050200
837
845
865
841
857
1082700
857
864
877
856
869
1025700
869
873
895
869
893
1061000
893
888
898
883
897
711100
897
886
897
882
886
944300
886
877
877
855
863
1008000
863
877
884
873
880
816200
880
892
896
870
875
817000
875
877
887
872
875
655400
875
870
877
860
860
723500
860
855
857
840
845
916300
845
825
831
818
827
1035300
827
819
819
803
807
979400
807
822
837
822
826
673500
826
821
824
809
816
787500
816
814
815
804
813
824100
813
823
838
818
825
992900
825
840
855
830
850
925600
850
851
853
840
853
495400
853
848
860
846
854
610700
854
853
856
836
849
569600
849
851
852
839
841
656000
841
835
847
830
837
468200
837
827
847
825
844
537100
844
842
845
831
837
477600
837
811
816
802
806
958900
806
795
802
777
802
973200
802
817
836
815
831
814000
831
818
835
817
832
501600
832
844
850
833
840
871400
840
846
860
845
857
736400
857
859
862
845
845
509800
845
830
836
825
834
636000
834
838
844
831
842
718600
842
850
868
849
864
1031100
864
868
877
854
856
869700
856
853
865
846
852
615700
852
846
864
826
860
1141600
860
870
890
863
875
1206400
875
870
870
847
849
804900
849
857
871
856
868
826900
868
867
875
857
874
760300
874
874
881
863
869
621100
869
871
882
866
875
571600
875
882
903
881
885
1324300
885
881
889
879
884
723900
884
884
894
875
876
767400
876
879
888
879
884
892900
884
880
901
873
898
764900
898
902
906
890
892
692500
892
903
907
884
896
551800
896
896
915
894
910
1058700
910
910
943
909
931
1581300
931
942
943
911
913
978800
913
907
912
896
901
751600
901
902
914
899
913
707600
913
915
944
914
942
1201000
942
950
951
928
933
955400
933
1051
1083
1051
1083
3117100
1083
1100
1180
1100
1166
8481400
1166
1149
1180
1132
1142
3313000
1142
1164
1206
1164
1171
4278000
1171
1180
1210
1169
1181
1987500
1181
1180
1208
1178
1179
2194900
1179
1180
1184
1150
1166
2009700
1166
1146
1169
1138
1160
1924100
1160
1148
1156
1120
1121
2065300
1121
1113
1154
1105
1149
2778500
1149
1154
1164
1134
1139
1336100
1139
1132
1143
1078
1099
2642900
1099
1073
1078
1040
1075
2733000
1075
1105
1119
1083
1095
1855400
1095
1092
1118
1089
1097
1585600
1097
1126
1137
1115
1126
1664300
1126
1127
1135
1112
1128
1031300
1128
1118
1157
1114
1115
1899100
1115
1118
1123
1090
1093
2364000
1093
1095
1102
1077
1086
1592800
1086
1082
1096
1078
1081
1064700
1081
1090
1113
1073
1109
2031200
1109
1111
1135
1104
1114
1345300
1114
1107
1112
1081
1082
1406000
1082
1089
1111
1060
1106
2406000
1106
1100
1119
1065
1084
1367500
1084
1072
1096
1052
1060
1686600
1060
1058
1069
1030
1067
1254600
1067
1072
1084
1062
1073
741600
1073
1056
1072
1037
1071
1292200
1071
1065
1085
1062
1081
1660600
1081
1061
1077
1046
1059
1691800
1059
1060
1070
1050
1057
1153500
1057
1065
1078
1055
1067
1191200
1067
1066
1075
1057
1066
665000
1066
1061
1075
1029
1030
1521700
1030
1036
1049
1010
1027
1347500
1027
1016
1020
1001
1014
896300
1014
1010
1021
1004
1009
720400
1009
1025
1054
1019
1042
2038300
1042
1049
1075
1044
1071
929000
1071
1092
1094
1076
1081
1018700
1081
1072
1082
1059
1071
723600
1071
1076
1081
1060
1065
528700
1065
1080
1086
1074
1080
948900
1080
1099
1107
1087
1101
1030300
1101
1119
1125
1101
1102
933700
1102
1106
1109
1092
1099
849200
1099
1098
1125
1089
1102
1363000
1102
1085
1099
1079
1088
595500
1088
1100
1122
1095
1121
1213600
1121
1130
1154
1130
1146
1262200
1146
1160
1183
1150
1182
1701400
1182
1182
1190
1173
1182
1010600
1182
1180
1185
1165
1179
895900
1179
1170
1178
1156
1167
1247800
1167
1180
1207
1170
1193
1826700
1193
1200
1227
1196
1220
2771600
1220
1260
1315
1240
1252
5195900
1252
1229
1249
1202
1219
2491000
1219
1209
1211
1168
1177
2104800
1177
1183
1205
1165
1196
1302600
1196
1190
1196
1176
1183
927100
1183
1184
1194
1171
1181
1516900
1181
1157
1172
1132
1138
1508500
1138
1145
1155
1126
1133
1287900
1133
1143
1149
1105
1122
950200
1122
1105
1126
1086
1123
1420400
1123
1132
1133
1112
1126
698600
1126
1126
1146
1126
1133
691900
1133
1124
1126
1111
1119
647900
1119
1125
1148
1122
1148
697600
1148
1150
1160
1141
1145
703200
1145
1152
1152
1132
1142
700100
1142
1150
1169
1144
1164
836300
1164
1185
1197
1172
1172
1009600
1172
1170
1188
1166
1180
542400
1180
1190
1195
1182
1194
935000
1194
1176
1179
1160
1173
967300
1173
1169
1169
1123
1129
1002000
1129
1128
1140
1112
1121
757500
1121
1121
1131
1111
1121
675600
1121
1115
1130
1112
1119
460600
1119
1110
1116
1099
1114
645600
1114
1107
1121
1105
1119
379300
1119
1127
1143
1124
1138
581100
1138
1147
1156
1132
1137
1081700
1137
1143
1161
1142
1149
567400
1149
1162
1172
1157
1168
799400
1168
1170
1216
1170
1212
1290400
1212
1229
1235
1213
1213
1119200
1213
1216
1228
1193
1227
1188900
1227
1238
1264
1234
1249
1717400
1249
1250
1270
1239
1263
1017500
1263
1251
1266
1246
1258
637400
1258
1247
1258
1222
1227
1066700
1227
1253
1254
1230
1237
888000
1237
1222
1238
1213
1236
798600
1236
1242
1252
1219
1219
795400
1219
1221
1242
1214
1224
822700
1224
1240
1278
1239
1275
1936000
1275
1259
1274
1240
1246
1325900
1246
1238
1261
1230
1255
1330200
1255
1266
1295
1260
1291
1688500
1291
1220
1228
1152
1163
3148200
1163
1163
1201
1163
1196
1726300
1196
1181
1185
1157
1165
953000
1165
1166
1195
1161
1189
1078700
1189
1216
1226
1201
1212
982700
1212
1216
1225
1197
1198
720800
1198
1170
1198
1167
1196
783000
1196
1188
1190
1153
1156
1300500
1156
1145
1146
1100
1100
1418900
1100
1119
1120
1067
1073
1426000
1073
1030
1040
1021
1022
1578000
1022
1030
1035
989
1005
1506600
1005
1000
1007
978
981
1475200
981
970
1005
970
997
2218800
997
1012
1015
943
955
3484700
955
961
1002
961
1000
1963200
1000
999
1057
980
1053
3785700
1053
1038
1049
993
995
1844900
995
1003
1029
991
1007
1302400
1007
1017
1061
1012
1037
2096500
1037
1066
1070
1024
1030
1366800
1030
1020
1023
997
1002
1497300
1002
994
1008
990
993
941900
993
970
982
951
981
1325600
981
980
1000
975
981
824100
981
980
986
966
977
729300
977
991
999
964
967
935300
967
962
979
961
977
655800
977
962
964
947
948
1100900
948
933
949
921
939
1144500
939
944
944
915
916
1172700
916
918
949
916
943
1178500
943
955
957
934
944
769500
944
951
956
938
955
825800
955
970
993
965
983
1127300
983
975
975
959
968
871600
968
980
991
975
983
881300
983
979
979
949
951
993900
951
926
941
924
929
979600
929
925
926
907
923
905900
923
925
933
914
921
677400
921
902
905
882
899
791500
899
900
903
875
877
1145600
877
881
900
880
891
852700
891
906
923
901
919
832900
919
918
919
884
893
1060600
893
883
905
878
880
659100
880
872
882
859
870
795800
870
852
876
852
867
784000
867
856
868
831
834
965300
834
824
831
806
823
1247200
823
778
793
767
769
1520300
769
789
803
774
785
1104100
785
821
829
806
825
1101100
825
825
843
822
836
931100
836
