4370
4470
4345
4465
604900
4465
4475
4495
4405
4465
420600
4465
4510
4570
4475
4485
538400
4485
4500
4510
4435
4465
371500
4465
4440
4515
4430
4510
534700
4510
4510
4520
4440
4470
639800
4470
4465
4505
4420
4435
404800
4435
4445
4485
4425
4475
331400
4475
4450
4540
4440
4530
544100
4530
4580
4660
4580
4650
1054300
4650
4695
4760
4665
4715
797500
4715
4695
4695
4565
4590
517700
4590
4585
4645
4565
4645
383900
4645
4620
4640
4605
4615
294400
4615
4590
4590
4520
4545
371800
4545
4575
4585
4540
4570
426000
4570
4550
4600
4520
4575
369100
4575
4535
4560
4465
4470
623600
4470
4500
4570
4485
4485
470900
4485
4515
4535
4470
4515
311600
4515
4490
4500
4425
4450
378300
4450
4370
4370
4245
4245
741300
4245
3755
3760
3545
3715
2607200
3715
3785
3795
3570
3580
1869500
3580
3560
3565
3475
3530
1413800
3530
3340
3435
3335
3430
1263400
3430
3450
3460
3285
3295
1380000
3295
3315
3375
3280
3340
1337400
3340
3340
3350
3265
3300
1094700
3300
3340
3470
3330
3440
1027400
3440
3480
3490
3430
3455
479400
3455
3440
3450
3390
3410
451700
3410
3400
3430
3355
3360
875400
3360
3250
3310
3225
3265
1003200
3265
3285
3300
3260
3280
577400
3280
3340
3355
3290
3325
636800
3325
3370
3370
3300
3310
755900
3310
3295
3330
3255
3255
944500
3255
3270
3280
3185
3240
1156600
3240
3165
3175
3130
3140
913900
3140
3115
3115
3060
3070
523500
3070
3145
3165
3065
3080
811700
3080
3060
3075
3010
3020
971700
3020
3065
3120
3060
3080
878900
3080
3090
3135
3055
3080
1156300
3080
3150
3235
3145
3165
663800
3165
3175
3205
3140
3185
701800
3185
3155
3220
3140
3165
786800
3165
3175
3190
3090
3160
797600
3160
3165
3190
3140
3150
778700
3150
3160
3180
3115
3145
735900
3145
3100
3155
3095
3140
622200
3140
3125
3135
3055
3060
843800
3060
2966
2986
2907
2912
1763200
2912
2900
3005
2885
3000
1137000
3000
3070
3160
3050
3140
949700
3140
3070
3100
3055
3090
701000
3090
3130
3135
3020
3040
821000
3040
3085
3195
3085
3160
689700
3160
3125
3160
3105
3105
398500
3105
3050
3055
3025
3045
623000
3045
3040
3040
2986
2993
1220700
2993
3030
3120
3025
3105
893000
3105
3090
3115
3045
3055
676400
3055
3040
3060
3000
3030
439700
3030
3040
3175
3025
3155
994500
3155
3130
3160
3085
3095
766200
3095
3090
3090
2999
3000
665600
3000
3045
3120
3030
3070
784400
3070
3120
3160
3100
3155
769700
3155
3150
3185
3110
3145
766300
3145
3170
3190
3140
3170
616900
3170
3150
3195
3140
3155
674000
3155
3190
3190
3120
3155
629400
3155
3190
3240
3165
3180
710800
3180
3230
3235
3195
3210
433400
3210
3195
3205
3100
3140
765900
3140
3145
3165
3080
3085
743700
3085
3135
3170
3105
3155
1023500
3155
3095
3150
3090
3095
634800
3095
3115
3190
3110
3180
589700
3180
3185
3200
3105
3130
448800
3130
3165
3210
3150
3155
618900
3155
3170
3215
3165
3195
632000
3195
3185
3225
3155
3215
618200
3215
3200
3210
3155
3195
739200
3195
3180
3235
3160
3225
458300
3225
3225
3225
3155
3165
580500
3165
3140
3150
3115
3130
504600
3130
3130
3175
3125
3150
424800
3150
3200
3200
3165
3185
495400
3185
3190
3225
3175
3215
545600
3215
3260
3265
3205
3220
418100
3220
3230
3230
3140
3140
707800
3140
3135
3135
3040
3055
616800
3055
3040
3070
3020
3050
449100
3050
3025
3035
3010
3035
337400
3035
3025
3030
2970
2994
520100
2994
2970
2972
2907
2930
588800
2930
2955
2983
2921
2952
901400
2952
2928
2974
2920
2963
555000
2963
3000
3010
2957
2980
507700
2980
2984
2992
2941
2973
499700
2973
3050
3140
3050
3115
1042800
3115
3145
3220
3145
3170
860600
3170
3170
3185
3070
3075
715100
3075
3095
3130
3075
3120
402100
3120
3150
3150
3100
3135
378400
3135
3170
3235
3165
3205
775600
3205
3190
3220
3170
3175
712100
3175
3225
3235
3145
3180
647000
3180
3160
3170
3090
3105
549300
3105
3080
3095
2983
3015
959300
3015
3010
3010
2895
2985
1139800
2985
2972
3005
2951
2981
705300
2981
2945
2983
2918
2979
964000
2979
2987
3070
2980
2994
488800
2994
2966
3090
2939
3065
759800
3065
3035
3045
2960
2965
594300
2965
2960
2998
2950
2975
642300
2975
2995
3090
2978
3080
695300
3080
3060
3110
2995
2998
595800
2998
3010
3025
2929
2976
600100
2976
2962
3010
2950
2979
456000
2979
2982
3015
2947
2988
399500
2988
3020
3075
3005
3060
672800
3060
3100
3185
3100
3175
815400
3175
3200
3245
3185
3205
705800
3205
3165
3195
3115
3165
573900
3165
3175
3190
3085
3115
505700
3115
3155
3175
3100
3135
570100
3135
3155
3165
3110
3115
455800
3115
3155
3180
3135
3140
412900
3140
3170
3210
3170
3190
386300
3190
3195
3200
3130
3155
535900
3155
3130
3160
3105
3155
427200
3155
3180
3185
3125
3155
326100
3155
3160
3230
3160
3230
708000
3230
3285
3365
3285
3315
852300
3315
3305
3310
3240
3285
562400
3285
3325
3345
3255
3305
635100
3305
3460
3630
3450
3605
2050300
3605
3620
3625
3505
3615
1044700
3615
3625
3710
3620
3665
904900
3665
3650
3660
3600
3625
671000
3625
3595
3625
3565
3580
419600
3580
3585
3640
3580
3640
258900
3640
3615
3625
3585
3600
386700
3600
3575
3605
3535
3580
412200
3580
3590
3595
3495
3520
835300
3520
3495
3525
3445
3455
907900
3455
3465
3550
3445
3545
652900
3545
3560
3580
3455
3480
565000
3480
3445
3480
3380
3465
749100
3465
3465
3505
3440
3475
445300
3475
3460
3515
3450
3500
379200
3500
3475
3500
3430
3485
405200
3485
3465
3535
3445
3510
479800
3510
3500
3500
3450
3465
514300
3465
3465
3515
3460
3505
491200
3505
3505
3525
3485
3510
403400
3510
3540
3555
3495
3510
395400
3510
3525
3635
3520
3600
702800
3600
3615
3620
3545
3605
704100
3605
3560
3610
3525
3570
525400
3570
3555
3555
3410
3435
495700
3435
3435
3480
3410
3435
507000
3435
3420
3450
3400
3425
522500
3425
3440
3500
3430
3455
589300
3455
3420
3425
3345
3380
397800
3380
3380
3435
3360
3425
339600
3425
3425
3475
3410
3465
468900
3465
3470
3480
3360
3370
422100
3370
3340
3395
3315
3335
498800
3335
3340
3405
3335
3360
721500
3360
3380
3465
3380
3445
574400
3445
3485
3495
3450
3465
422200
3465
3460
3460
3325
3330
849300
3330
3375
3430
3370
3390
776300
3390
3445
3470
3415
3440
592100
3440
3460
3535
3455
3520
458000
3520
3515
3545
3465
3475
476200
3475
3540
3585
3500
3575
689100
3575
3575
3595
3515
3565
437400
3565
3575
3620
3565
3585
426900
3585
3575
3640
3555
3565
337400
3565
3580
3620
3580
3585
429100
3585
3590
3700
3580
3675
764300
3675
3605
3635
3550
3555
531300
3555
3560
3575
3465
3550
458100
3550
3465
3485
3360
3390
487000
3390
3390
3440
3360
3440
549900
3440
3380
3410
3355
3380
389700
3380
3370
3440
3360
3400
442100
3400
3405
3475
3405
3460
501000
3460
3480
3480
3375
3395
617000
3395
3305
3310
3245
3285
752600
3285
3240
3240
3160
3225
867200
3225
3195
3225
3150
3155
649200
3155
3180
3190
3055
3070
712800
3070
2983
3030
2973
2994
655000
2994
2996
3000
2920
2948
553600
2948
2971
3010
2930
2946
474600
2946
2750
2788
2630
2759
2049000
2759
2782
2855
2746
2849
1076600
2849
2855
2924
2836
2879
1002700
2879
2872
2966
2820
2954
865900
2954
2914
2960
2901
2905
412000
2905
2920
2956
2890
2909
551500
2909
2930
3020
2929
2955
732600
2955
3000
3020
2928
2931
551700
2931
2944
2993
2944
2970
402300
2970
2934
2981
2914
2975
294400
2975
2895
2900
2828
2863
726000
2863
2866
2910
2852
2890
480800
2890
2880
2953
2867
2932
572700
2932
2932
2952
2893
2895
541500
2895
2875
2914
2873
2912
415700
2912
2872
2950
2867
2925
394600
2925
2875
2948
2873
2935
461000
2935
2974
2979
2894
2908
556800
2908
2923
2991
2922
2988
543400
2988
2995
3020
2937
3005
457800
3005
3055
3095
3005
3065
616000
3065
3105
3150
3075
3085
412900
3085
3085
3105
3045
3050
1016400
3050
3080
3170
3080
3125
509500
3125
3125
3130
3025
3030
365500
3030
2973
3020
2946
3010
393500
3010
2980
2982
2868
2897
469900
2897
2943
2969
2890
2914
431800
2914
2895
2923
2878
2895
433300
2895
2868
2878
2790
2799
459300
2799
2822
2914
2801
2886
546800
2886
2920
2977
2915
2972
456000
2972
2948
2980
2888
2904
667900
2904
2886
2925
2866
2876
386900
2876
2826
2862
2783
2842
401600
2842
2838
2856
2799
2807
326400
2807
2736
2780
2659
2683
509700
2683
2650
2688
2618
2641
772400
2641
2517
2549
2498
2524
494300
2524
2559
2570
2469
2518
431200
2518
2588
2649
2574
2632
303700
2632
2634
2723
2634
2693
414200
2693
