1428
1547
1425
1504
6783600
1504
1515
1524
1490
1522
4036100
1522
1602
1638
1559
1603
7465600
1603
1642
1645
1515
1563
10989000
1563
1580
1692
1556
1680
10751100
1680
1681
1749
1671
1718
8481900
1718
1720
1730
1666
1694
4877300
1694
1683
1720
1667
1716
3173700
1716
1680
1724
1677
1706
3663500
1706
1681
1698
1605
1620
9101900
1620
1580
1626
1563
1617
5610500
1617
1608
1618
1596
1607
2669800
1607
1616
1697
1615
1696
5715300
1696
1700
1718
1623
1646
6031400
1646
1615
1650
1603
1608
3651900
1608
1623
1662
1621
1635
3495800
1635
1635
1651
1616
1623
2489200
1623
1618
1636
1568
1581
3836700
1581
1566
1605
1564
1581
3997100
1581
1585
1606
1557
1602
4050300
1602
1625
1653
1592
1628
4577900
1628
1548
1551
1490
1511
5174800
1511
1370
1465
1363
1430
8093000
1430
1511
1541
1461
1463
6348000
1463
1461
1494
1450
1469
3806200
1469
1379
1446
1377
1438
5804700
1438
1538
1559
1468
1502
7392300
1502
1650
1768
1621
1752
25151600
1752
1750
1778
1666
1716
9582300
1716
1750
1837
1730
1819
11188900
1819
1850
1868
1815
1861
6094300
1861
1887
1932
1859
1882
8026600
1882
1917
2016
1897
1983
10223000
1983
1954
2002
1918
1969
7872300
1969
1959
1982
1926
1971
5264800
1971
1973
1977
1857
1884
8188100
1884
1900
1935
1873
1890
6039500
1890
1871
1917
1858
1863
6010600
1863
1843
1853
1792
1819
6523000
1819
1765
1848
1754
1833
6903500
1833
1803
1823
1709
1713
6912600
1713
1800
1826
1766
1786
5856100
1786
1750
1754
1684
1696
7228100
1696
1697
1701
1657
1680
5954300
1680
1698
1720
1661
1676
5746900
1676
1715
1740
1677
1698
4703300
1698
1690
1705
1652
1682
5666900
1682
1655
1704
1653
1672
3655300
1672
1672
1746
1665
1742
6164600
1742
1750
1766
1658
1683
10606700
1683
1690
1693
1635
1648
6977000
1648
1605
1634
1593
1601
6407500
1601
1616
1661
1615
1624
5652200
1624
1550
1585
1513
1532
8380700
1532
1513
1518
1454
1509
7250600
1509
1552
1599
1550
1594
8605800
1594
1554
1568
1521
1539
5091400
1539
1564
1585
1529
1549
3465700
1549
1583
1653
1582
1651
6699600
1651
1621
1675
1620
1642
5631700
1642
1610
1662
1592
1659
4539100
1659
1620
1624
1371
1392
24751200
1392
1362
1445
1362
1369
13948900
1369
1363
1410
1350
1351
9785900
1351
1372
1377
1307
1344
8341900
1344
1350
1380
1313
1369
7884800
1369
1365
1407
1360
1372
8312200
1372
1370
1370
1308
1317
7713800
1317
1317
1347
1295
1322
8273800
1322
1366
1386
1326
1332
7909900
1332
1327
1366
1306
1356
6571300
1356
1356
1419
1337
1413
9726500
1413
1427
1429
1341
1379
11395600
1379
1366
1412
1344
1401
8880700
1401
1415
1463
1390
1460
9180800
1460
1480
1516
1444
1463
12409400
1463
1443
1443
1341
1347
14621000
1347
1353
1379
1337
1345
7428200
1345
1371
1375
1348
1375
5662700
1375
1451
1453
1388
1418
13942900
1418
1418
1489
1400
1479
12985100
1479
1509
1519
1472
1518
8145400
1518
1512
1530
1466
1512
9687400
1512
1700
1729
1597
1603
32064300
1603
1619
1734
1618
1729
23082500
1729
1729
1748
1697
1741
12147500
1741
1756
1791
1732
1742
9565600
1742
1738
1755
1699
1705
7521000
1705
1675
1712
1636
1695
7615100
1695
1690
1751
1685
1742
6637000
1742
1755
1793
1753
1784
8851400
1784
1849
1890
1845
1876
12052400
1876
1871
1895
1857
1888
6940500
1888
1911
1917
1872
1903
8702100
1903
1904
1904
1852
1868
7393000
1868
1840
1909
1830
1907
7645700
1907
1920
1963
1918
1940
8801000
1940
2070
2119
2039
2118
28199400
2118
2070
2160
2027
2125
21496300
2125
2150
2288
2143
2233
23923700
2233
2194
2273
2187
2255
15134100
2255
2319
2373
2273
2288
18526100
2288
2338
2338
2194
2251
18556200
2251
2203
2216
2035
2068
27805500
2068
2054
2128
2044
2088
19805100
2088
2067
2190
2066
2188
15831100
2188
2210
2253
2156
2191
11895400
2191
2200
2205
2132
2157
9033200
2157
2128
2217
2085
2204
11619800
2204
2193
2222
2138
2150
7827700
2150
2165
2165
2093
2121
8973700
2121
2082
2112
1985
2041
12977700
2041
2009
2064
1883
1888
16003400
1888
1880
1920
1815
1908
18868300
1908
1955
2008
1891
1948
17454600
1948
1900
2010
1893
1988
13449200
1988
1998
2019
1916
1924
9637900
1924
1884
2005
1862
1982
15054700
1982
1981
1995
1905
1908
10607800
1908
1920
1973
1912
1966
9926800
1966
1961
1991
1941
1991
7477900
1991
1995
2075
1966
1975
14589900
1975
1999
2058
1962
2003
14228500
2003
2030
2034
1934
1957
14330700
1957
1940
1967
1903
1910
9748100
1910
1945
2017
1916
2008
13781700
2008
2008
2008
1923
1935
14459700
1935
1965
2023
1960
1991
13508700
1991
1961
1987
1921
1946
10631200
1946
1970
2005
1943
1998
9986800
1998
2024
2160
2021
2144
21214400
2144
2176
2180
2107
2144
13327200
2144
2168
2168
2062
2070
13857200
2070
2075
2098
2011
2056
11639600
2056
2139
2139
2051
2067
22355700
2067
2040
2066
1960
1969
12057200
1969
1986
1995
1900
1944
14959200
1944
1934
2024
1911
2017
11509400
2017
2011
2088
2000
2048
12764600
2048
2048
2082
2041
2079
8008700
2079
2056
2105
2050
2100
7307200
2100
2085
2097
2042
2051
8198800
2051
2083
2158
2067
2153
14980700
2153
2160
2221
2133
2182
17099400
2182
2195
2204
2163
2190
7428000
2190
2200
2209
2133
2164
8718500
2164
2152
2219
2145
2219
9416500
2219
2165
2190
2043
2054
24285800
2054
2049
2132
1950
2119
27030000
2119
2119
2135
2029
2039
14753500
2039
1989
2030
1967
1972
10874500
1972
2020
2023
1941
1946
10172800
1946
1955
1970
1830
1843
14214200
1843
1763
1807
1707
1780
18398500
1780
1798
1831
1762
1772
8738300
1772
1773
1804
1761
1783
6251400
1783
1770
1866
1762
1861
9445900
1861
1875
1924
1863
1904
11094500
1904
1920
1959
1914
1959
9559000
1959
1970
1977
1901
1916
8797700
1916
1952
1993
1940
1991
8884800
1991
2020
2035
1945
1960
10565700
1960
1959
1993
1943
1969
6522300
1969
1990
1997
1968
1987
7681000
1987
1956
1993
1943
1986
7406700
1986
1973
1984
1948
1965
5728400
1965
1972
2039
1963
2033
11351900
2033
2045
2062
1983
1984
9179600
1984
1965
2001
1956
1994
7353600
1994
1978
1989
1933
1938
7736000
1938
1918
1932
1884
1885
6950800
1885
1920
1982
1901
1937
10541700
1937
1950
1956
1887
1910
5724800
1910
1926
1971
1915
1967
8113800
1967
1999
2040
1983
2033
13148100
2033
2017
2096
1986
2091
13041800
2091
2141
2150
2053
2064
14060400
2064
2081
2091
2039
2062
8208700
2062
2090
2156
2075
2149
15827200
2149
2120
2149
2097
2138
7813100
2138
2150
2262
2150
2244
19735300
2244
2241
2281
2194
2195
12635500
2195
2245
2272
2196
2231
13939600
2231
2255
2332
2232
2321
14615300
2321
2338
2353
2175
2188
20240700
2188
2150
2204
2078
2108
16012400
2108
2168
2188
2085
2098
12356800
2098
2070
2095
2026
2041
12281000
2041
2010
2010
1962
1971
9862700
1971
2020
2118
2012
2110
14882600
2110
1960
2030
1951
2018
14655000
2018
2010
2102
2000
2093
14453800
2093
2083
2083
1995
1999
11764700
1999
2000
2029
1968
2007
9449000
2007
2065
2087
2023
2034
8952500
2034
2040
2069
2019
2031
7620600
2031
1990
2016
1968
2010
7605900
2010
1987
2043
1962
2040
6942800
2040
2016
2045
1944
1959
8884600
1959
1972
1975
1801
1804
18911200
1804
1700
1749
1668
1700
16846000
1700
1740
1743
1532
1600
23341400
1600
1648
1670
1568
1587
13771700
1587
1570
1699
1566
1678
12790600
1678
1730
1769
1692
1766
13075900
1766
1745
1823
1741
1794
10105800
1794
1819
1903
1802
1898
14164100
1898
1831
1889
1820
1825
10005100
1825
1869
1876
1846
1848
6686700
1848
1900
1982
1861
1913
19800500
1913
1990
2004
1885
1898
14826100
1898
1860
1877
1777
1801
16942200
1801
1773
1845
1760
1769
10476400
1769
1670
1731
1621
1711
15734300
1711
1720
1720
1653
1667
10613300
1667
1598
1726
1578
1615
17534000
1615
1629
1641
1476
1492
19187600
1492
1496
1580
1489
1569
15010400
1569
1525
1581
1520
1579
9943300
1579
1541
1659
1529
1655
12532200
1655
1667
1677
1559
1600
13688600
1600
1599
1627
1574
1608
7996900
1608
1622
1629
1565
1567
7479900
1567
1577
1597
1557
1571
6357300
1571
1600
1602
1545
1546
7177000
1546
1546
1576
1537
1576
7360000
1576
1620
1669
1607
1644
11835900
1644
1610
1625
1548
1549
11732200
1549
1510
1559
1510
1520
7667100
1520
1528
1556
1470
1525
10995100
1525
1540
1554
1501
1502
6171400
1502
1447
1458
1407
1434
10233600
1434
1444
1448
1379
1389
12225800
1389
1410
1438
1394
1430
10010700
1430
1425
1440
1354
1413
12074300
1413
1395
1441
1371
1419
12033500
1419
1406
1440
1382
1397
6329100
1397
1358
1414
1348
1396
8200700
1396
1394
1454
1389
1438
8821200
1438
1413
1429
1348
1368
8855000
1368
1346
1380
1282
1293
10800400
1293
1173
1262
1164
1226
11890900
1226
1253
1277
1197
1226
8580600
1226
1316
1316
1244
1254
10029000
1254
1245
1289
1238
1248
7788700
1248
