6750
6900
6730
6900
861900
6900
6940
6950
6860
6890
708000
6890
6950
6950
6830
6890
490600
6890
6940
6940
6860
6880
297100
6880
6850
6870
6770
6820
598400
6820
6770
6780
6580
6600
1363700
6600
6670
6730
6610
6640
640600
6640
6600
6650
6480
6610
682700
6610
6540
6640
6510
6530
857600
6530
6620
6620
6470
6490
955400
6490
6430
6520
6390
6450
955000
6450
6400
6550
6370
6500
480000
6500
6540
6670
6510
6660
646500
6660
6520
6540
6420
6430
1064500
6430
6340
6470
6220
6350
1076400
6350
6390
6460
6320
6350
556000
6350
6310
6330
6240
6270
708200
6270
6260
6270
6160
6170
955100
6170
6150
6330
6140
6230
973400
6230
5800
6150
5780
6070
1378300
6070
6000
6020
5890
5930
1073600
5930
5780
5810
5690
5700
1109600
5700
5410
5490
5200
5370
2731500
5370
5520
5650
5350
5360
1812900
5360
5350
5470
5320
5460
1220700
5460
5300
5470
5300
5460
1524800
5460
5550
5550
5340
5360
962400
5360
5300
5390
5270
5350
844400
5350
5450
5540
5410
5530
917700
5530
5550
5720
5520
5640
881300
5640
5700
5780
5660
5770
560100
5770
5770
5770
5640
5670
562600
5670
5690
5840
5640
5800
727900
5800
5700
5720
5580
5680
699600
5680
5720
5810
5700
5790
487500
5790
5880
5890
5720
5760
650400
5760
5840
5860
5730
5760
700800
5760
5720
5760
5660
5660
693300
5660
5600
5640
5580
5610
701100
5610
5440
5580
5430
5520
767000
5520
5450
5580
5450
5550
593900
5550
5640
5710
5630
5660
534200
5660
5630
5660
5550
5560
587700
5560
5580
5620
5530
5560
646300
5560
5630
5760
5590
5630
1200300
5630
5770
5790
5660
5720
470700
5720
5690
5770
5650
5770
423500
5770
5740
5750
5680
5690
506300
5690
5680
5700
5600
5670
378200
5670
5750
5760
5680
5700
701100
5700
5630
5670
5560
5590
615700
5590
5520
5540
5480
5510
559400
5510
5480
5610
5470
5580
482400
5580
5380
5400
5260
5280
1409000
5280
5180
5300
5160
5300
756800
5300
5400
5540
5390
5540
881500
5540
5420
5470
5350
5410
680800
5410
5490
5520
5440
5490
679500
5490
5580
5610
5500
5610
652000
5610
5620
5690
5590
5630
554400
5630
5590
5680
5570
5660
538300
5660
5690
5750
5660
5700
810500
5700
5780
5940
5750
5920
835200
5920
5930
6020
5910
5920
832400
5920
5920
6080
5920
6050
641600
6050
6100
6170
6090
6110
796600
6110
6140
6140
5990
6040
590000
6040
5980
5980
5900
5920
466500
5920
5930
5970
5880
5910
834000
5910
5940
5960
5890
5930
478500
5930
5910
5970
5880
5940
336400
5940
5970
6070
5970
6040
628500
6040
6120
6130
6000
6020
450900
6020
6020
6110
5980
6070
462200
6070
6120
6120
6010
6030
418000
6030
6080
6110
6050
6090
560000
6090
6000
6120
6000
6080
397300
6080
6120
6140
6060
6070
534300
6070
6150
6220
6150
6210
598400
6210
5590
5590
5470
5480
1714600
5480
5520
5530
5480
5520
1043700
5520
5510
5720
5510
5720
914000
5720
5700
5720
5660
5700
799300
5700
5700
5750
5680
5730
435200
5730
5700
5740
5650
5730
449000
5730
5750
5860
5740
5850
583300
5850
5830
5860
5780
5860
394700
5860
5900
5980
5890
5940
568900
5940
5900
5900
5780
5790
543100
5790
5830
5830
5790
5810
354600
5810
5860
5870
5780
5810
418500
5810
5820
5930
5810
5850
363800
5850
5830
5830
5790
5810
270100
5810
5730
5820
5730
5750
483800
5750
5760
5800
5730
5760
373600
5760
5740
5860
5730
5840
449900
5840
5840
5930
5840
5880
336800
5880
5890
5890
5770
5830
386200
5830
5680
5750
5660
5670
455300
5670
5700
5720
5650
5700
600600
5700
5660
5760
5660
5710
407400
5710
5780
5860
5780
5810
415100
5810
5820
5830
5620
5630
545500
5630
5630
5630
5510
5550
612800
5550
5600
5710
5590
5680
514200
5680
5600
5700
5580
5660
792700
5660
5620
5750
5620
5720
313700
5720
5750
5760
5690
5710
320400
5710
5700
5870
5700
5860
467000
5860
5810
5810
5640
5650
574700
5650
5700
5710
5590
5630
748100
5630
5610
5620
5500
5500
373200
5500
5430
5460
5330
5330
608000
5330
5370
5510
5320
5490
486400
5490
5490
5560
5450
5530
397500
5530
5430
5480
5400
5450
519700
5450
5450
5450
5300
5320
533500
5320
5240
5400
5210
5380
449500
5380
5370
5400
5330
5340
379800
5340
5300
5350
5280
5300
384600
5300
5290
5290
5130
5140
660300
5140
5020
5120
4920
4930
996300
4930
4950
5060
4925
4995
956500
4995
4985
5180
4975
5140
587000
5140
5120
5130
5030
5060
660000
5060
5100
5130
5060
5090
555800
5090
5120
5200
5110
5170
344800
5170
5220
5250
5140
5140
558600
5140
5090
5160
5010
5140
448200
5140
5160
5270
5140
5200
566700
5200
5240
5300
5210
5260
612100
5260
5280
5300
5230
5270
385300
5270
5320
5370
5200
5200
470600
5200
5220
5250
5100
5120
480600
5120
5100
5140
5050
5130
483500
5130
5100
5120
5060
5080
406400
5080
5160
5200
5140
5190
244300
5190
5240
5250
5180
5200
226200
5200
5250
5290
5210
5270
344900
5270
5270
5280
5180
5210
470200
5210
5210
5230
5180
5210
277700
5210
5190
5240
5140
5210
551300
5210
4840
5040
4770
4775
1715700
4775
4780
4815
4690
4705
979700
4705
4700
4705
4650
4685
516300
4685
4700
4750
4655
4700
398300
4700
4630
4730
4605
4685
685800
4685
4665
4725
4660
4675
535900
4675
4675
4725
4675
4700
346500
4700
4720
4720
4615
4630
489900
4630
4575
4585
4510
4515
560400
4515
4545
4635
4540
4630
435400
4630
4650
4665
4570
4595
297900
4595
4540
4605
4485
4560
620500
4560
4570
4590
4520
4530
458800
4530
4540
4625
4540
4585
389800
4585
4545
4615
4445
4590
726600
4590
4625
4740
4610
4740
820200
4740
4720
4800
4720
4775
697600
4775
4735
4740
4630
4665
670600
4665
4695
4745
4685
4730
376200
4730
4750
4765
4720
4720
451800
4720
4710
4750
4705
4710
417300
4710
4720
4740
4660
4660
586900
4660
4645
4760
4615
4700
563500
4700
4700
4710
4575
4585
440200
4585
4595
4635
4570
4605
308900
4605
4610
4660
4595
4615
500300
4615
4650
4665
4575
4600
396000
4600
4560
4585
4550
4575
364700
4575
4550
4610
4530
4585
371700
4585
4605
4620
4565
4580
313400
4580
4575
4605
4540
4585
487600
4585
4625
4740
4625
4735
616200
4735
4780
4785
4690
4725
911000
4725
4700
4815
4680
4810
594200
4810
4880
4900
4830
4895
677000
4895
4900
4910
4815
4835
735300
4835
4680
4685
4565
4655
2108700
4655
4645
4745
4630
4745
747800
4745
4755
4820
4725
4815
663800
4815
4745
4795
4705
4715
488200
4715
4755
4800
4715
4715
707800
4715
4785
4870
4765
4795
763400
4795
4845
4865
4790
4815
672800
4815
4820
4870
4815
4845
645200
4845
4875
4995
4870
4880
1332000
4880
4825
4890
4775
4865
636500
4865
4800
4885
4780
4820
633100
4820
4765
4840
4755
4765
485600
4765
4630
4650
4440
4550
1424900
4550
4480
4590
4465
4580
918600
4580
4535
4545
4450
4490
650700
4490
4475
4555
4475
4555
477400
4555
4595
4680
4575
4620
691600
4620
4615
4660
4605
4625
386900
4625
4560
4585
4520
4570
690500
4570
4530
4620
4520
4595
487200
4595
4440
4450
4205
4215
1512800
4215
4245
4270
4165
4225
1151500
4225
4070
4115
4020
4035
1073900
4035
4065
4085
3955
4005
881200
4005
4000
4090
3920
3930
969000
3930
3790
4135
3785
4005
2022500
4005
4040
4105
4005
4050
1119400
4050
3950
4030
3910
3990
961100
3990
3965
4285
3960
4285
1604000
4285
4215
4225
4135
4170
868300
4170
4185
4210
4150
4180
439100
4180
4195
4225
4125
4145
651700
4145
4235
4290
4230
4285
571900
4285
4310
4350
4260
4275
693800
4275
4265
4370
4255
4365
648200
4365
4265
4350
4195
4330
732900
4330
4355
4415
4320
4395
619800
4395
4370
4415
4355
4395
465500
4395
4440
4480
4425
4455
654900
4455
4435
4470
4390
4400
473300
4400
4330
4405
4315
4355
715700
4355
4275
4375
4250
4360
539700
4360
4345
4395
4325
4380
507700
4380
4350
4430
4330
4365
804600
4365
4375
4380
4235
4270
775700
4270
4315
4405
4310
4355
766400
4355
4410
4455
4395
4395
473200
4395
4415
4430
4385
4395
646200
4395
4420
4435
4365
4375
749100
4375
4360
4360
4085
4090
1406200
4090
3975
4015
3955
3965
1246600
3965
3920
3930
3800
3875
1277000
3875
3915
3940
3875
3915
1290400
3915
3815
3865
3795
3855
905800
3855
3860
3910
3855
3880
1130500
3880
4020
4110
4005
4080
2179400
4080
4085
4120
4055
4100
909000
4100
4050
4065
3970
3985
1196500
3985
4025
4075
4005
4060
674600
4060
4025
4085
3970
4000
761400
4000
4070
4110
4025
4055
592100
4055
4010
4030
3865
3890
806900
3890
3875
3900
3815
3840
1097700
3840
3705
3770
3705
3755
1146700
3755
3785
3925
3785
3885
1186200
3885
4025
4045
3930
3960
1003100
3960
3900
3915
3800
3810
1055300
3810
