3700
3785
3700
3775
761500
3775
3860
3910
3795
3810
812200
3810
3850
3855
3790
3800
412600
3800
3825
3880
3795
3800
557400
3800
3790
3815
3745
3765
420200
3765
3765
3795
3735
3740
505200
3740
3750
3770
3700
3710
408700
3710
3705
3725
3665
3700
232800
3700
3645
3720
3625
3680
436900
3680
3725
3775
3635
3665
488700
3665
3680
3720
3615
3710
452500
3710
3705
3740
3640
3675
341700
3675
3750
3750
3650
3680
309400
3680
3660
3680
3530
3550
569900
3550
3510
3570
3495
3505
509400
3505
3505
3535
3470
3475
417900
3475
3490
3530
3440
3470
379800
3470
3455
3485
3390
3405
496400
3405
3385
3470
3365
3405
433500
3405
3405
3465
3405
3440
306800
3440
3410
3440
3375
3405
364500
3405
3305
3325
3285
3315
445000
3315
3150
3185
3050
3145
763400
3145
3250
3295
3150
3150
516600
3150
3165
3225
3150
3205
341500
3205
3070
3105
3050
3080
536800
3080
3100
3105
2950
2977
675400
2977
3380
3480
3210
3290
1555300
3290
3310
3320
3200
3280
630400
3280
3280
3315
3225
3275
451700
3275
3300
3405
3290
3395
290500
3395
3395
3420
3350
3405
336400
3405
3420
3470
3385
3410
393100
3410
3360
3390
3290
3305
466500
3305
3320
3425
3320
3360
505700
3360
3405
3430
3345
3360
334000
3360
3410
3420
3370
3380
386200
3380
3395
3415
3320
3320
340900
3320
3270
3300
3235
3250
301000
3250
3150
3170
3105
3140
617300
3140
3135
3150
3085
3105
334000
3105
3375
3430
3330
3375
1012400
3375
3345
3365
3220
3295
672700
3295
3360
3410
3335
3400
524600
3400
3455
3540
3435
3465
900400
3465
3535
3595
3515
3555
474700
3555
3545
3545
3485
3535
394700
3535
3650
3650
3500
3525
582300
3525
3500
3550
3470
3505
306000
3505
3520
3535
3475
3495
281800
3495
3490
3535
3470
3530
312700
3530
3460
3485
3410
3475
308500
3475
3355
3460
3330
3450
860200
3450
3340
3385
3265
3270
703300
3270
3210
3275
3150
3275
552100
3275
3340
3445
3340
3425
764500
3425
3320
3395
3320
3380
396300
3380
3465
3505
3400
3440
514600
3440
3490
3490
3370
3395
409100
3395
3400
3425
3345
3345
372500
3345
3280
3300
3260
3275
444300
3275
3290
3290
3135
3150
550900
3150
3185
3190
3125
3165
332600
3165
3180
3255
3180
3225
494000
3225
3215
3275
3155
3255
451400
3255
3220
3275
3170
3260
438000
3260
3295
3325
3230
3270
336700
3270
3275
3275
3215
3225
202900
3225
3255
3345
3255
3290
336000
3290
3305
3345
3300
3335
222100
3335
3375
3415
3345
3355
312400
3355
3405
3515
3375
3455
731100
3455
3490
3570
3455
3540
576500
3540
3525
3595
3505
3580
376600
3580
3600
3645
3550
3565
431200
3565
3575
3620
3550
3570
336200
3570
3560
3600
3540
3580
233300
3580
3595
3610
3545
3565
290400
3565
3600
3640
3575
3600
369800
3600
3565
3590
3505
3575
277400
3575
3595
3615
3540
3575
270800
3575
3600
3680
3600
3650
383800
3650
3630
3630
3550
3570
357200
3570
3575
3600
3550
3585
245600
3585
3535
3550
3285
3495
1011700
3495
3495
3570
3410
3565
447100
3565
3570
3575
3445
3525
477900
3525
3615
3810
3460
3500
1036100
3500
3530
3700
3505
3675
701900
3675
3720
3810
3695
3730
559700
3730
3780
3810
3515
3535
1065900
3535
3505
3550
3405
3460
818300
3460
3425
3470
3350
3440
775700
3440
3405
3485
3385
3395
753900
3395
3395
3405
3320
3335
483400
3335
3325
3350
3245
3255
505300
3255
3255
3260
3165
3170
456100
3170
3200
3220
3115
3140
544700
3140
3090
3090
3030
3065
444000
3065
3105
3155
3055
3070
547900
3070
3025
3110
3010
3085
516200
3085
3110
3135
3065
3105
528000
3105
3125
3145
3100
3115
451500
3115
3130
3180
3125
3140
438400
3140
3180
3220
3175
3195
460000
3195
3160
3205
3120
3175
621800
3175
3175
3190
3145
3175
323200
3175
3210
3260
3170
3230
499400
3230
3210
3210
3155
3195
273500
3195
3185
3195
3150
3155
336600
3155
3145
3150
3055
3070
1566500
3070
3045
3050
2960
2967
551400
2967
2950
2978
2894
2900
428500
2900
2895
2899
2808
2885
624800
2885
2885
2951
2871
2938
470600
2938
2905
2905
2832
2840
526400
2840
2871
2891
2783
2791
287700
2791
2719
2821
2717
2816
319000
2816
2835
2863
2773
2799
253900
2799
2794
2836
2783
2809
235100
2809
2803
2816
2761
2795
301000
2795
2799
2865
2750
2766
404000
2766
2794
2844
2767
2804
616900
2804
2781
2785
2727
2733
307700
2733
2714
2755
2704
2713
337900
2713
2730
2767
2726
2729
409400
2729
2740
2749
2700
2743
261200
2743
2780
2807
2757
2765
291100
2765
2737
2744
2660
2721
323900
2721
2717
2732
2676
2723
290000
2723
2750
2791
2738
2770
367600
2770
2759
2761
2712
2738
280100
2738
2760
2777
2731
2740
419400
2740
2750
2807
2742
2785
241200
2785
2774
2786
2700
2725
425600
2725
2704
2720
2681
2714
327500
2714
2737
2828
2737
2820
471000
2820
2870
2983
2847
2858
469900
2858
2885
2896
2840
2845
245500
2845
2844
2870
2837
2854
208700
2854
2830
2844
2792
2794
398800
2794
2751
2771
2726
2738
461500
2738
2753
2827
2750
2818
313700
2818
2803
2811
2758
2768
282800
2768
2757
2781
2723
2740
236800
2740
2745
2745
2685
2700
519500
2700
3105
3200
3065
3200
1850000
3200
3190
3230
3085
3100
1159400
3100
3090
3135
3020
3120
411000
3120
3160
3190
3090
3110
485900
3110
3055
3060
2859
2873
887000
2873
2881
2915
2825
2882
735400
2882
2877
2882
2775
2787
690100
2787
2735
2737
2662
2713
848400
2713
2723
2732
2671
2706
608400
2706
2706
2739
2640
2654
644700
2654
2616
2665
2607
2658
382400
2658
2658
2755
2657
2746
598200
2746
2753
2783
2744
2773
466600
2773
2755
2771
2740
2758
482700
2758
2762
2803
2758
2789
332900
2789
2774
2810
2721
2734
984500
2734
2750
2811
2749
2786
531500
2786
2825
2853
2799
2818
339200
2818
2798
2867
2778
2845
476600
2845
2842
2863
2804
2819
394000
2819
2804
2804
2757
2767
374100
2767
2750
2764
2703
2717
339100
2717
2699
2699
2666
2674
345900
2674
2636
2659
2623
2645
508800
2645
2611
2637
2588
2605
444000
2605
2626
2647
2594
2603
419700
2603
2591
2601
2500
2521
596600
2521
2521
2542
2498
2511
749200
2511
2554
2606
2543
2587
611300
2587
2637
2685
2580
2681
477600
2681
2759
2800
2728
2791
597500
2791
2782
2800
2741
2769
502000
2769
2816
2850
2802
2836
562000
2836
2836
2866
2789
2826
541400
2826
2827
2840
2761
2806
374600
2806
2784
2791
2725
2732
619400
2732
2809
2850
2759
2766
550400
2766
2774
2834
2761
2808
343200
2808
2858
2858
2786
2799
470700
2799
2800
2831
2768
2774
315400
2774
2804
2824
2742
2786
690700
2786
2740
2760
2709
2716
395900
2716
2666
2666
2618
2629
444000
2629
2609
2640
2548
2596
471900
2596
2472
2504
2455
2504
638700
2504
2467
2544
2463
2544
533200
2544
2513
2530
2479
2487
381300
2487
2481
2540
2468
2524
427300
2524
2550
2560
2502
2523
456800
2523
2514
2549
2503
2527
381800
2527
2522
2525
2472
2525
311000
2525
2499
2516
2467
2509
270100
2509
2480
2480
2400
2404
496500
2404
2448
2450
2378
2400
296100
2400
2301
2328
2275
2308
425500
2308
2310
2326
2245
2274
454400
2274
2308
2328
2261
2280
270700
2280
2267
2364
2248
2344
580900
2344
2371
2410
2348
2395
446600
2395
2403
2469
2399
2450
436600
2450
2476
2585
2472
2569
683700
2569
2571
2619
2508
2582
882700
2582
2600
2689
2523
2633
1250400
2633
2633
2662
2571
2586
603600
2586
2644
2660
2587
2587
416000
2587
2574
2577
2501
2525
529400
2525
2480
2502
2459
2466
559900
2466
2386
2404
2323
2382
407500
2382
2387
2433
2327
2339
590200
2339
2301
2324
2225
2252
1029100
2252
2235
2239
2152
2164
847600
2164
2127
2149
2104
2121
864400
2121
2109
2111
2071
2095
429100
2095
2041
2084
2020
2078
342000
2078
2080
2091
2022
2038
524300
2038
2038
2055
2021
2052
522500
2052
2079
2091
2026
2055
423300
2055
2055
2091
2049
2087
429000
2087
2119
2147
2098
2128
527800
2128
2105
2110
2071
2074
411300
2074
2120
2190
2099
2166
692500
2166
2186
2228
2142
2156
938800
2156
2092
2095
2041
2068
578800
2068
2058
2068
2013
2039
457300
2039
2041
2049
2013
2038
433000
2038
1988
1997
1950
1977
430800
1977
1979
1980
1891
1897
480200
1897
1944
1998
1936
1960
593800
1960
1981
2024
1960
1991
435100
1991
1966
1972
1897
1916
527300
1916
1914
1952
1903
1908
371800
1908
1852
1909
1841
1891
438500
1891
1897
1914
1857
1881
297500
1881
1835
1853
1766
1781
482000
1781
1757
1782
1749
1774
531600
1774
1678
1699
1641
1647
503100
1647
1658
1682
1640
1672
447200
1672
1751
1766
1722
1741
438300
1741
1722
1785
1713
1771
369900
1771
