6290
6390
6230
6310
286700
6310
6350
6590
6330
6510
337500
6510
6610
6840
6490
6500
384600
6500
6410
6640
6410
6580
176400
6580
6590
6760
6520
6730
229800
6730
6750
6880
6740
6770
295800
6770
6810
6830
6580
6610
204900
6610
6710
6740
6580
6650
174700
6650
6550
6630
6510
6600
161600
6600
6590
6660
6450
6470
230100
6470
6460
6600
6460
6590
214000
6590
6680
6710
6510
6550
175700
6550
6540
6650
6460
6560
172400
6560
6550
6600
6510
6560
148300
6560
6600
6750
6560
6640
154100
6640
6640
6670
6540
6570
112300
6570
6630
6710
6500
6690
154600
6690
6750
6800
6610
6710
259400
6710
6600
6740
6590
6630
172300
6630
6710
6870
6680
6830
212400
6830
6880
6880
6680
6740
179100
6740
6540
6550
6390
6390
335200
6390
6090
6180
5920
6170
479500
6170
6430
6530
6070
6130
338500
6130
5830
5960
5510
5780
779700
5780
5600
5700
5420
5480
630500
5480
5640
5690
5440
5480
449800
5480
5500
5590
5350
5440
443300
5440
5500
5660
5420
5650
334900
5650
5680
5710
5540
5680
204300
5680
5760
6170
5760
6080
471400
6080
6020
6040
5880
5930
311400
5930
5890
5960
5830
5880
230500
5880
5840
5840
5630
5750
270100
5750
5750
5970
5730
5950
212900
5950
6250
6250
5720
5750
1420800
5750
5830
5900
5780
5820
527800
5820
5780
5820
5690
5700
390300
5700
5610
5640
5460
5510
417000
5510
5320
5350
5240
5300
471800
5300
5220
5230
5040
5070
400900
5070
5160
5230
5110
5120
254400
5120
5080
5080
4960
4995
352000
4995
5000
5130
4965
5120
351700
5120
5130
5150
5000
5020
330700
5020
5180
5190
5110
5140
183500
5140
5100
5160
5050
5140
130500
5140
5070
5220
5050
5190
173500
5190
5180
5220
5080
5200
155800
5200
5230
5260
5160
5200
142000
5200
5150
5190
5080
5100
148000
5100
4980
5130
4980
5110
185900
5110
5190
5210
5090
5180
155900
5180
4950
4965
4855
4880
318900
4880
4840
4855
4710
4830
252900
4830
4910
5180
4910
5170
294500
5170
4960
5050
4940
5000
166100
5000
5030
5060
4890
4920
156900
4920
4980
5070
4980
5060
153400
5060
5070
5150
5070
5090
105100
5090
5000
5140
4980
5120
154300
5120
5160
5180
5060
5070
146700
5070
5090
5140
5020
5050
107700
5050
5070
5120
5020
5030
130600
5030
5020
5070
4960
4985
107600
4985
4975
5140
4945
5100
134600
5100
5180
5320
5150
5170
208500
5170
5170
5190
4975
4985
163700
4985
5010
5150
4970
5080
207300
5080
5060
5130
4900
4980
223800
4980
4985
5000
4900
4980
116300
4980
5020
5100
4985
5080
144300
5080
5140
5400
5140
5260
361900
5260
5260
5300
5170
5270
166500
5270
5280
5380
5280
5350
114400
5350
5310
5320
5120
5160
247400
5160
5090
5170
5080
5150
130000
5150
5150
5150
5020
5060
180700
5060
5050
5080
4985
5080
150900
5080
4985
5080
4970
5080
139000
5080
5040
5100
5020
5070
128400
5070
5050
5110
4995
5010
147300
5010
4980
5070
4955
4975
239000
4975
4950
4955
4870
4895
182900
4895
4900
4970
4880
4905
200700
4905
4450
4695
4405
4695
377100
4695
4750
4780
4605
4655
153700
4655
4665
4735
4660
4685
116900
4685
4710
4720
4655
4675
107500
4675
4695
4790
4635
4720
135800
4720
4750
4800
4725
4745
102900
4745
4735
4765
4710
4720
74300
4720
4735
4765
4675
4690
91600
4690
4670
4675
4535
4545
212400
4545
4500
4515
4425
4485
129000
4485
4460
4540
4415
4470
126300
4470
4470
4510
4445
4470
86300
4470
4455
4455
4305
4380
182700
4380
4260
4320
4235
4320
149300
4320
4380
4400
4215
4285
163600
4285
4255
4365
4215
4355
163700
4355
4365
4400
4295
4365
136500
4365
4340
4365
4305
4340
107200
4340
4410
4495
4355
4420
189000
4420
4470
4535
4420
4460
201800
4460
4450
4475
4360
4390
181500
4390
4350
4430
4305
4415
104100
4415
4450
4470
4385
4425
115400
4425
4355
4415
4355
4400
87000
4400
4350
4410
4320
4340
104400
4340
4345
4360
4285
4335
115900
4335
4290
4290
4135
4190
173900
4190
4150
4240
4070
4095
154100
4095
4025
4090
3920
4080
188300
4080
4080
4125
4010
4105
126500
4105
4035
4105
4005
4105
115700
4105
4125
4180
4080
4080
111600
4080
4000
4100
3950
4085
171200
4085
4120
4120
4010
4030
130300
4030
4025
4065
3980
4030
150500
4030
4040
4105
4005
4100
122100
4100
4090
4175
4010
4020
136000
4020
4010
4030
3905
3950
165700
3950
3940
4005
3890
3895
157200
3895
3850
3905
3735
3745
246400
3745
3780
3890
3780
3840
242600
3840
3845
3925
3815
3895
99400
3895
3965
4015
3950
3955
136800
3955
3885
3915
3760
3830
217000
3830
3790
3825
3730
3800
173800
3800
3835
3880
3805
3850
142700
3850
3825
3825
3770
3780
152500
3780
3850
3875
3775
3780
134100
3780
3850
3910
3820
3885
183800
3885
3810
3830
3675
3725
244900
3725
3665
3745
3650
3730
109700
3730
3745
3905
3730
3890
217500
3890
3960
4095
3960
4065
226000
4065
4060
4085
3865
3890
283800
3890
3910
3985
3890
3925
215100
3925
4010
4045
3995
4030
183700
4030
4090
4170
4070
4135
286800
4135
4175
4260
4140
4225
187700
4225
4140
4165
4000
4030
181500
4030
4015
4030
3920
3970
127700
3970
3985
4005
3865
3900
233300
3900
4070
4080
3850
3920
320400
3920
3990
4140
3980
4075
300200
4075
4070
4070
3965
3980
130800
3980
3985
4005
3880
3905
205600
3905
3820
3840
3640
3685
281000
3685
3690
3725
3655
3720
148500
3720
3695
3700
3580
3635
168800
3635
3500
3530
3425
3515
236400
3515
3545
3620
3540
3610
134100
3610
3600
3630
3540
3545
164200
3545
3500
3575
3490
3550
154200
3550
3565
3715
3535
3705
162200
3705
3775
3780
3710
3755
174500
3755
3705
3740
3660
3735
137400
3735
3785
3810
3770
3775
108100
3775
3875
3955
3830
3840
277200
3840
3830
3900
3830
3830
111600
3830
3860
3885
3665
3735
278700
3735
3680
3740
3620
3695
224000
3695
3685
3685
3570
3620
108900
3620
3615
3670
3600
3645
92300
3645
3575
3655
3570
3630
125500
3630
3610
3755
3605
3740
213300
3740
3700
3730
3600
3720
185600
3720
3650
3740
3635
3705
127300
3705
3695
3755
3685
3740
116900
3740
3730
3770
3615
3660
140700
3660
3725
3830
3715
3810
168000
3810
3855
3950
3845
3935
219300
3935
3905
4030
3900
3990
148300
3990
4120
4140
4040
4050
174000
4050
4135
4195
4120
4185
227300
4185
4250
4360
4205
4345
259900
4345
4360
4435
4260
4400
242500
4400
4395
4430
4320
4390
127400
4390
4320
4430
4300
4390
186300
4390
4435
4530
4385
4510
241300
4510
4530
4570
4435
4470
192500
4470
4550
4625
4470
4505
317300
4505
4575
4605
4455
4480
171700
4480
4510
4545
4400
4450
205900
4450
4360
4405
4270
4285
280600
4285
4195
4210
4150
4160
189400
4160
4230
4295
4120
4190
118900
4190
3980
4075
3940
4020
242700
4020
3985
4170
3985
4165
169500
4165
4150
4195
4080
4150
131500
4150
4145
4420
4135
4410
365000
4410
4415
4470
4330
4380
250100
4380
4385
4420
4290
4315
123200
4315
4225
4305
4135
4300
119800
4300
4295
4460
4255
4430
189100
4430
4400
4420
4235
4245
186800
4245
3900
3990
3635
3695
874300
3695
3520
3560
3415
3440
406400
3440
3475
3515
3355
3425
339400
3425
3410
3475
3330
3450
246300
3450
3375
3545
3365
3495
185300
3495
3485
3610
3475
3610
224700
3610
3615
3795
3615
3745
278200
3745
3815
3980
3770
3950
254100
3950
3890
3970
3850
3900
154100
3900
3850
4025
3815
3920
197200
3920
3880
3975
3705
3860
272500
3860
3980
4035
3940
4010
258600
4010
3960
4110
3960
4010
264600
4010
3930
3975
3880
3930
150900
3930
3790
3865
3665
3845
253000
3845
3855
3990
3850
3905
199500
3905
3870
3950
3855
3905
113300
3905
3980
4020
3790
3795
234400
3795
3815
3915
3800
3850
120300
3850
3855
3940
3810
3885
137800
3885
3820
3935
3785
3885
164100
3885
3935
3945
3805
3815
105600
3815
3775
3870
3720
3825
127100
3825
3885
3900
3770
3835
190800
3835
3815
3855
3775
3800
178500
3800
3825
3835
3660
3690
313100
3690
3700
3860
3695
3830
237200
3830
3885
4090
3855
4030
387000
4030
4020
4020
3805
3810
191600
3810
3755
3855
3720
3785
197100
3785
3755
3785
3640
3680
217000
3680
3645
3660
3520
3585
171600
3585
3490
3515
3420
3485
167000
3485
3480
3490
3290
3305
209300
3305
3345
3420
3305
3350
211300
3350
3385
3440
3325
3415
233200
3415
3365
3400
3295
3365
296100
3365
3375
3500
3375
3410
228300
3410
3365
3510
3320
3480
158000
3480
3475
3505
3405
3470
132400
3470
3425
3485
3310
3355
155000
3355
3375
3415
3255
3325
202700
3325
3115
3260
3090
3190
182800
3190
3210
3320
3200
3275
176300
3275
3400
3460
3325
3335
227300
3335
3300
3415
3300
3355
145000
3355
