4650
4670
4580
4590
368700
4590
4620
4690
4595
4650
302000
4650
4690
4730
4670
4700
349000
4700
4685
4730
4665
4700
215800
4700
4700
4725
4640
4710
231800
4710
4715
4765
4705
4755
279300
4755
4810
4840
4730
4750
251000
4750
4735
4750
4700
4745
214200
4745
4675
4680
4620
4645
324600
4645
4695
4710
4565
4575
297900
4575
4570
4620
4545
4610
227800
4610
4600
4610
4530
4560
221400
4560
4560
4610
4545
4605
173800
4605
4565
4640
4555
4625
273100
4625
4630
4675
4595
4665
281000
4665
4645
4700
4620
4690
337400
4690
4695
4710
4635
4675
234800
4675
4655
4700
4575
4610
271700
4610
4555
4610
4535
4540
222100
4540
4590
4655
4580
4625
179700
4625
4655
4665
4605
4650
208400
4650
4580
4580
4520
4530
346600
4530
4325
4365
4175
4280
471400
4280
4400
4430
4245
4250
341700
4250
4220
4320
4215
4280
287600
4280
4120
4145
4055
4110
505200
4110
3970
3990
3865
3870
809000
3870
3860
3865
3785
3825
448100
3825
3880
3925
3845
3895
256900
3895
3910
3970
3880
3965
304700
3965
3970
4045
3970
4035
238100
4035
3985
4005
3965
3990
272000
3990
3970
4005
3940
3955
338600
3955
3900
3920
3865
3900
367000
3900
3915
3995
3915
3975
269000
3975
4045
4090
3995
4035
359400
4035
4080
4140
4050
4115
314100
4115
4045
4090
3975
3975
515700
3975
3925
3945
3890
3920
323900
3920
3850
3880
3820
3835
388200
3835
3775
3805
3725
3790
284600
3790
3850
3875
3800
3805
218300
3805
3800
3830
3745
3810
301500
3810
3810
3825
3790
3800
256900
3800
3830
3900
3795
3815
609200
3815
3885
3920
3865
3895
324000
3895
3870
3915
3835
3905
256800
3905
3855
3890
3840
3865
256200
3865
3840
3855
3790
3840
243100
3840
3890
3890
3835
3840
256400
3840
3845
3875
3800
3820
173800
3820
3825
4000
3825
3990
678600
3990
4000
4040
3950
4005
479100
4005
3845
3855
3695
3710
615600
3710
3675
3725
3655
3725
369400
3725
3730
3835
3695
3825
475600
3825
3700
3750
3665
3715
383600
3715
3755
3780
3715
3755
228100
3755
3795
3830
3770
3810
214200
3810
3810
3830
3770
3770
199400
3770
3725
3785
3710
3780
190400
3780
3760
3815
3740
3795
257100
3795
3820
3865
3805
3835
255500
3835
3830
3865
3800
3805
255100
3805
3780
3815
3745
3805
206100
3805
3800
3905
3790
3895
248100
3895
3920
3970
3895
3955
289400
3955
3900
3920
3840
3900
290200
3900
3900
3925
3860
3915
321400
3915
3895
3925
3870
3920
193800
3920
3880
3920
3880
3910
191500
3910
3920
3965
3905
3955
249600
3955
4010
4105
4000
4095
356200
4095
4080
4130
4050
4120
285000
4120
4145
4185
4135
4160
223000
4160
4115
4140
4080
4125
289300
4125
4115
4125
4075
4120
239400
4120
4135
4140
4085
4095
157700
4095
4110
4140
4070
4130
247400
4130
4090
4190
4065
4180
263400
4180
4105
4170
4090
4140
289500
4140
4130
4155
4095
4155
201000
4155
4095
4135
4080
4105
324000
4105
4095
4115
4065
4105
261700
4105
4115
4155
4080
4110
289100
4110
4160
4180
4120
4130
321400
4130
3805
3820
3710
3755
1205400
3755
3795
3865
3785
3845
529700
3845
3835
3835
3770
3790
357100
3790
3820
3820
3770
3785
276500
3785
3815
3825
3790
3800
233200
3800
3795
3795
3745
3770
269900
3770
3780
3795
3725
3735
225400
3735
3735
3740
3680
3685
425900
3685
3660
3665
3585
3595
413900
3595
3585
3610
3545
3600
385200
3600
3600
3615
3585
3610
258600
3610
3570
3600
3540
3560
332100
3560
3490
3495
3445
3460
296700
3460
3515
3520
3425
3445
592500
3445
3465
3565
3465
3535
465400
3535
3580
3625
3580
3590
269900
3590
3635
3675
3630
3660
320200
3660
3680
3735
3680
3700
246800
3700
3750
3760
3710
3730
285800
3730
3715
3750
3695
3710
321300
3710
3700
3755
3670
3735
199900
3735
3770
3785
3700
3735
359900
3735
3665
3725
3640
3710
406900
3710
3705
3745
3670
3670
287300
3670
3680
3685
3645
3645
289300
3645
3600
3605
3545
3560
196700
3560
3510
3580
3480
3485
272900
3485
3425
3470
3390
3455
338200
3455
3405
3445
3390
3405
220600
3405
3395
3455
3365
3445
444200
3445
3455
3470
3425
3430
184900
3430
3385
3460
3365
3450
224800
3450
3475
3475
3420
3430
167000
3430
3455
3455
3405
3435
206200
3435
3430
3430
3380
3415
276800
3415
3420
3445
3350
3350
261300
3350
3320
3320
3245
3275
475800
3275
3250
3300
3245
3275
299400
3275
3255
3275
3230
3250
235900
3250
3225
3305
3215
3275
360300
3275
3280
3315
3270
3305
168900
3305
3345
3410
3340
3370
268500
3370
3365
3370
3315
3335
333400
3335
3300
3330
3275
3325
317700
3325
3365
3400
3335
3375
382400
3375
3360
3400
3330
3370
321800
3370
3385
3420
3375
3380
214400
3380
3380
3410
3370
3380
184700
3380
3340
3390
3325
3360
248100
3360
3355
3400
3335
3400
202300
3400
3420
3475
3420
3465
244900
3465
3535
3550
3510
3520
226200
3520
3545
3555
3530
3545
226700
3545
3530
3555
3515
3535
242200
3535
3535
3560
3495
3515
197400
3515
3540
3595
3525
3590
315200
3590
3610
3630
3580
3625
228700
3625
3555
3575
3515
3525
206200
3525
3485
3495
3465
3470
194800
3470
3465
3505
3455
3460
236200
3460
3480
3505
3465
3495
148800
3495
3470
3545
3460
3510
287100
3510
3300
3300
3200
3280
949400
3280
3330
3365
3300
3310
537900
3310
3295
3300
3195
3200
461700
3200
3205
3260
3200
3240
280200
3240
3240
3270
3220
3230
297800
3230
3195
3255
3160
3220
419300
3220
3255
3310
3255
3290
299000
3290
3300
3345
3285
3330
281600
3330
3315
3345
3300
3330
213200
3330
3315
3365
3305
3325
424000
3325
3310
3330
3285
3290
345900
3290
3280
3290
3255
3270
266000
3270
3300
3345
3300
3315
235500
3315
3380
3405
3345
3360
390100
3360
3355
3405
3355
3385
325800
3385
3410
3410
3380
3390
334900
3390
3335
3350
3285
3325
518500
3325
3305
3310
3205
3215
447500
3215
3225
3270
3220
3255
465900
3255
3235
3290
3225
3275
423000
3275
3270
3290
3240
3250
302000
3250
3225
3240
3200
3235
251200
3235
3235
3280
3215
3270
271500
3270
3300
3310
3280
3290
263000
3290
3275
3280
3215
3270
271100
3270
3305
3370
3305
3350
274100
3350
3350
3375
3300
3325
520400
3325
3330
3400
3330
3395
404600
3395
3460
3490
3435
3480
369700
3480
3525
3580
3515
3570
521700
3570
3600
3655
3595
3645
374900
3645
3635
3635
3540
3555
379800
3555
3590
3600
3550
3585
272200
3585
3530
3590
3520
3575
326600
3575
3590
3635
3555
3610
298500
3610
3615
3675
3600
3660
385200
3660
3700
3735
3695
3730
390400
3730
3745
3765
3630
3660
475300
3660
3710
3735
3690
3710
397300
3710
3635
3685
3605
3630
386000
3630
3565
3570
3485
3545
493300
3545
3550
3565
3465
3490
408700
3490
3350
3410
3325
3345
365100
3345
3330
3360
3300
3355
455800
3355
3330
3365
3320
3330
317700
3330
3330
3415
3315
3410
460600
3410
3435
3445
3350
3360
316300
3360
3400
3430
3385
3400
397600
3400
3360
3430
3330
3430
553400
3430
3395
3445
3375
3430
474200
3430
3430
3440
3375
3390
380200
3390
3375
3400
3310
3345
511100
3345
3260
3275
3160
3175
494300
3175
3195
3225
3145
3185
521800
3185
3255
3305
3200
3290
368200
3290
3150
3240
3130
3235
963000
3235
3230
3305
3205
3295
384300
3295
3310
3370
3295
3350
278600
3350
3385
3460
3355
3450
379900
3450
3430
3480
3415
3455
230000
3455
3490
3550
3460
3540
255500
3540
3550
3600
3485
3500
465400
3500
3540
3540
3470
3470
261100
3470
3490
3545
3455
3460
309600
3460
3390
3535
3375
3530
353900
3530
3460
3510
3415
3500
318000
3500
3505
3605
3500
3570
383100
3570
3570
3630
3560
3600
322000
3600
3610
3625
3570
3610
340200
3610
3615
3635
3575
3605
266700
3605
3545
3625
3525
3600
278600
3600
3505
3555
3480
3535
247800
3535
3510
3610
3500
3540
296300
3540
3495
3620
3475
3615
310700
3615
3665
3690
3625
3665
246900
3665
3645
3685
3620
3655
322800
3655
3680
3700
3660
3680
180600
3680
3715
3745
3700
3740
238500
3740
3780
3830
3745
3770
328500
3770
3725
3735
3615
3625
435500
3625
3590
3645
3575
3620
276700
3620
3580
3590
3535
3565
314300
3565
3575
3590
3510
3545
193500
3545
3520
3550
3505
3535
240100
3535
3505
3505
3435
3490
304800
3490
3540
3585
3490
3490
469100
3490
3540
3625
3520
3620
311600
3620
3580
3605
3490
3505
440700
3505
3530
3560
3485
3495
230900
3495
3450
3550
3450
3505
343700
3505
3480
3485
3375
3400
338300
3400
3360
3400
3290
3305
265200
3305
3355
3355
3240
3270
439800
3270
3140
3160
3090
3105
274300
3105
3125
3145
3070
3120
258500
3120
3215
3280
3210
3245
297200
3245
3225
3320
3225
3300
343000
3300
