5660
5810
5630
5800
1287400
5800
5870
5920
5840
5900
1061700
5900
5970
6020
5930
6010
1240100
6010
5950
6050
5900
6010
1372800
6010
5960
6150
5940
6150
1459200
6150
6200
6300
6170
6250
1669500
6250
6330
6400
6130
6220
1314600
6220
6220
6240
6130
6200
794100
6200
6150
6230
6130
6200
703500
6200
6300
6380
6170
6180
1219200
6180
6210
6300
6170
6270
686200
6270
6300
6320
6220
6260
613500
6260
6310
6370
6270
6290
1134900
6290
6270
6280
6220
6230
516200
6230
6160
6280
6100
6240
770900
6240
6210
6420
6150
6330
1410700
6330
6310
6380
6260
6310
587300
6310
6270
6280
6040
6100
1019600
6100
6030
6120
5980
5980
1043500
5980
6060
6200
6020
6120
897300
6120
6080
6130
6040
6100
550200
6100
5800
5840
5710
5780
1418300
5780
5380
5480
5220
5400
1616700
5400
6060
6060
5580
5580
2010700
5580
5580
5750
5570
5670
1237100
5670
5390
5550
5390
5550
924900
5550
5650
5650
5450
5540
970600
5540
5490
5550
5310
5390
1100100
5390
5450
5610
5440
5580
714000
5580
5570
5600
5500
5560
769300
5560
5600
5720
5590
5700
458500
5700
5650
5750
5610
5710
505100
5710
5800
5940
5780
5870
1119800
5870
5840
5930
5770
5920
683100
5920
5920
5970
5880
5950
538800
5950
6000
6020
5850
5910
414400
5910
5980
6000
5880
5900
506100
5900
5900
5960
5880
5880
607500
5880
5770
5900
5720
5840
607600
5840
5670
5780
5670
5740
484400
5740
5670
5700
5520
5550
537800
5550
5670
5750
5640
5640
563900
5640
5600
5650
5530
5620
407600
5620
5720
5890
5690
5760
822100
5760
5870
5950
5830
5850
904600
5850
5950
5980
5830
5880
499000
5880
5880
5880
5810
5880
356300
5880
5810
5970
5800
5950
413200
5950
5950
5980
5860
5970
351100
5970
5940
5970
5900
5910
444100
5910
5860
5890
5790
5800
399000
5800
5770
5930
5750
5910
402200
5910
5910
6010
5880
5940
637700
5940
5740
5810
5680
5710
660400
5710
5650
5650
5460
5560
756200
5560
5690
5830
5640
5800
642900
5800
5660
5730
5570
5640
496500
5640
5700
5700
5560
5620
278700
5620
5670
5720
5650
5710
380700
5710
5640
5760
5640
5710
321600
5710
5580
5590
5470
5500
826800
5500
5480
5500
5280
5300
745700
5300
5320
5330
5160
5200
1138800
5200
5140
5140
5070
5090
899200
5090
5000
5050
4855
4940
1134500
4940
4890
4940
4800
4920
1380900
4920
4980
5050
4915
4920
1022300
4920
4855
4860
4745
4755
1037900
4755
4800
5090
4795
5020
1437600
5020
5010
5080
4930
4995
773700
4995
4995
5030
4940
5000
531600
5000
5010
5160
5010
5130
594300
5130
5170
5300
5150
5210
551800
5210
5180
5240
5150
5180
386500
5180
5200
5350
5190
5300
657200
5300
5310
5460
5300
5440
739200
5440
5340
5410
5290
5370
598900
5370
5410
5420
5270
5290
604200
5290
5370
5400
5270
5400
635900
5400
5360
5440
5340
5390
358500
5390
5390
5470
5380
5420
390900
5420
5430
5430
5320
5370
418400
5370
5360
5420
5340
5360
267800
5360
5350
5380
5250
5340
522500
5340
4820
4915
4770
4815
2132900
4815
4810
4815
4780
4805
848900
4805
4790
4845
4735
4835
724300
4835
4880
4985
4865
4970
786000
4970
4945
4980
4905
4910
521400
4910
4930
4995
4925
4955
393800
4955
4980
4990
4945
4960
382100
4960
4985
5030
4955
5000
315300
5000
4955
4955
4815
4820
1019800
4820
4800
4805
4690
4695
975700
4695
4605
4605
4480
4525
1236700
4525
4490
4560
4450
4470
835900
4470
4450
4505
4435
4490
408700
4490
4490
4490
4310
4375
832600
4375
4250
4295
4190
4275
1013600
4275
4285
4320
4195
4210
998500
4210
4160
4160
4085
4090
1554600
4090
3980
4105
3910
4045
1544600
4045
4090
4145
4065
4075
1098800
4075
4035
4105
4030
4085
617800
4085
4095
4160
4085
4100
639400
4100
4055
4100
4045
4070
767300
4070
4180
4195
4065
4125
869300
4125
4150
4150
4050
4095
930100
4095
4100
4125
4075
4095
457700
4095
4085
4105
4050
4050
567200
4050
4065
4085
4035
4040
513600
4040
4025
4030
3900
3920
710100
3920
3880
3975
3860
3880
604400
3880
3860
3910
3735
3895
825800
3895
3885
3945
3850
3880
487500
3880
3810
3840
3775
3825
651500
3825
3850
3885
3795
3800
415000
3800
3780
3885
3750
3875
536600
3875
3900
3925
3805
3810
455700
3810
3800
3905
3795
3870
447500
3870
3865
3890
3820
3875
299200
3875
3895
3970
3805
3820
526700
3820
3810
3825
3650
3685
999700
3685
3715
3785
3700
3735
517700
3735
3710
3725
3620
3630
627100
3630
3645
3690
3605
3680
598900
3680
3675
3715
3660
3700
281300
3700
3760
3840
3720
3790
700700
3790
3765
3795
3690
3725
536500
3725
3725
3725
3640
3670
533000
3670
3695
3785
3685
3720
482700
3720
3690
3755
3625
3710
606600
3710
3745
3755
3705
3710
380100
3710
3715
3830
3695
3805
662200
3805
3775
3785
3685
3695
714500
3695
3665
3710
3655
3680
325300
3680
3730
3785
3715
3750
456400
3750
3790
3905
3780
3900
940500
3900
3970
4005
3870
3950
1071400
3950
3970
3970
3900
3940
474100
3940
3930
3955
3910
3925
373100
3925
3925
3975
3910
3935
680000
3935
3990
4145
3985
4105
1159900
4105
3775
3800
3650
3695
2419200
3695
3670
3745
3640
3740
955400
3740
3705
3765
3670
3700
677500
3700
3685
3735
3655
3690
475800
3690
3725
3905
3725
3885
1157700
3885
3875
4000
3815
3965
897500
3965
3965
3970
3855
3865
705000
3865
3800
3805
3640
3670
850100
3670
3710
3765
3670
3760
524100
3760
3690
3710
3520
3555
1006200
3555
3480
3480
3395
3440
1265500
3440
3460
3525
3455
3470
650700
3470
3470
3525
3455
3465
423300
3465
3420
3440
3385
3405
770600
3405
3435
3590
3420
3560
836300
3560
3550
3565
3495
3515
435000
3515
3535
3550
3495
3510
418600
3510
3520
3635
3520
3610
452300
3610
3680
3720
3610
3620
474900
3620
3630
3735
3630
3705
522900
3705
3775
3825
3735
3800
1733300
3800
3775
3895
3715
3825
1277700
3825
3765
3765
3630
3675
771700
3675
3665
3725
3620
3695
424500
3695
3690
3720
3650
3695
335400
3695
3705
3755
3635
3670
440300
3670
3620
3630
3520
3580
710100
3580
3550
3650
3550
3630
465400
3630
3645
3645
3600
3625
300700
3625
3640
3640
3490
3505
433900
3505
3505
3555
3480
3515
559200
3515
3570
3655
3560
3635
614500
3635
3635
3715
3570
3690
561000
3690
3760
3790
3705
3740
680500
3740
3760
3785
3715
3765
620500
3765
3810
3940
3810
3940
969800
3940
3940
3970
3860
3950
695300
3950
3930
3960
3875
3910
572500
3910
3845
3845
3660
3695
1302000
3695
3760
3825
3715
3780
982000
3780
3845
3950
3825
3895
1625200
3895
3930
4030
3930
3935
1407400
3935
3905
3970
3870
3885
534200
3885
3885
3910
3825
3855
811900
3855
3785
3785
3640
3665
1474900
3665
3600
3605
3485
3505
1011700
3505
3550
3565
3440
3495
796500
3495
3300
3375
3275
3310
1298500
3310
3275
3360
3265
3355
797500
3355
3300
3315
3255
3260
701200
3260
3235
3305
3210
3295
724400
3295
3345
3350
3295
3320
722600
3320
3285
3290
3155
3155
1225900
3155
3115
3115
3060
3095
1024600
3095
3055
3105
3025
3095
750600
3095
3090
3090
3005
3015
817600
3015
3040
3100
3005
3050
899800
3050
2950
2953
2900
2901
1223000
2901
2951
2964
2856
2883
797100
2883
2882
2948
2870
2877
620300
2877
2855
2967
2838
2944
1193100
2944
2980
3065
2957
3055
628300
3055
3040
3095
3020
3055
572200
3055
2900
3185
2866
3165
1346700
3165
3095
3210
3070
3185
692700
3185
3200
3245
3170
3200
522800
3200
3200
3235
3140
3150
611700
3150
3230
3260
3195
3200
573000
3200
3220
3250
3190
3205
524300
3205
3135
3185
3080
3150
481900
3150
3050
3125
2999
3110
584100
3110
3115
3250
3085
3190
645600
3190
3160
3205
3130
3155
355200
3155
3165
3210
3130
3150
694900
3150
3135
3270
3135
3265
782300
3265
3200
3240
3180
3205
491200
3205
3145
3175
3080
3165
396500
3165
3175
3185
3085
3105
565500
3105
3075
3170
3055
3170
406800
3170
3200
3225
3140
3200
376700
3200
3215
3265
3195
3255
449000
3255
3315
3330
3255
3285
633400
3285
3310
3335
3275
3315
483100
3315
3340
3360
3285
3315
652600
3315
3315
3325
3240
3250
638600
3250
3180
3215
3115
3160
686600
3160
3125
3140
3015
3045
652300
3045
3035
3040
2864
2885
1436100
2885
2811
2877
2772
2856
687500
2856
2858
2859
2776
2802
596800
2802
2806
2916
2793
2851
652300
2851
2886
2977
2877
2920
606900
2920
2895
2915
2829
2859
478600
2859
2833
2920
2826
2840
610000
2840
2759
2875
2741
2823
605000
2823
2824
2878
2786
2844
536100
2844
2788
2812
2685
2709
778800
2709
2669
2698
2617
2647
821600
2647
2497
2536
2453
2466
1163800
2466
2516
2576
2491
2535
615300
2535
2664
2679
2619
2651
709700
2651
2655
2783
2655
2762
718000
2762
