1919
1933.5
1913.5
1932
2410600
1932
1942
1960
1939
1953.5
2248600
1953.5
1973
1978.5
1961
1977
2695200
1977
1985
1992.5
1964
1977.5
2719900
1977.5
1958.5
1968.5
1949
1967.5
2363100
1967.5
1960
1964
1944.5
1950
2133200
1950
1955
1958
1946
1947.5
1505700
1947.5
1953
1962.5
1950
1952
2022000
1952
1950
1960.5
1942
1957.5
2075900
1957.5
1966
1968.5
1932.5
1940
2786600
1940
1944
1954.5
1934
1953
1364400
1953
1950
1952.5
1940
1951.5
1230000
1951.5
1944.5
1964
1935.5
1957
1720700
1957
1952
1963.5
1937
1939
1579200
1939
1922
1925.5
1898.5
1902.5
2580600
1902.5
1912.5
1920
1888.5
1890
1930800
1890
1889.5
1913.5
1884
1903
1743900
1903
1900.5
1905.5
1873.5
1888.5
2805900
1888.5
1884
1891.5
1860
1860.5
3455600
1860.5
1873
1877.5
1852
1872.5
2280900
1872.5
1860.5
1879
1853.5
1868
1809400
1868
1823.5
1829.5
1807.5
1819
3638200
1819
1710
1734.5
1662
1695.5
6329300
1695.5
1754
1764
1696.5
1698.5
5640300
1698.5
1710
1726
1677
1698
3562600
1698
1631
1664.5
1622.5
1660.5
3898100
1660.5
1689
1691.5
1634.5
1638
3366600
1638
1634
1639.5
1590.5
1594.5
4341900
1594.5
1622
1632.5
1604.5
1617.5
4147200
1617.5
1637.5
1659
1628
1640
3480600
1640
1663.5
1682
1659.5
1680.5
2467900
1680.5
1679
1692
1665
1688
2957600
1688
1689.5
1697
1675
1684
2836700
1684
1669
1672
1648.5
1660.5
3672900
1660.5
1677.5
1700.5
1673
1692
3694200
1692
1700
1713.5
1695.5
1702
3008300
1702
1720.5
1757.5
1720
1745
3900600
1745
1733
1737
1698
1698
3142300
1698
1691
1703.5
1680.5
1686.5
2880600
1686.5
1653
1671
1640.5
1653.5
3486500
1653.5
1637
1645
1620
1630.5
1794200
1630.5
1662
1682.5
1658.5
1661
2553100
1661
1647.5
1647.5
1612.5
1614.5
2652200
1614.5
1638
1645.5
1609
1616.5
2986000
1616.5
1632.5
1661
1620.5
1628.5
3849000
1628.5
1657.5
1666
1647.5
1651.5
2948600
1651.5
1632.5
1663.5
1629
1658.5
2610700
1658.5
1642
1658
1639.5
1644.5
1917500
1644.5
1630
1651
1628
1643
2717300
1643
1648.5
1659
1642
1649.5
2661300
1649.5
1643.5
1647.5
1619
1621.5
2790600
1621.5
1618
1642.5
1616
1642
2204500
1642
1638.5
1649.5
1632.5
1647.5
2852700
1647.5
1608.5
1608.5
1552.5
1555.5
4350100
1555.5
1550
1582.5
1547.5
1582.5
2645100
1582.5
1598
1625.5
1592.5
1620.5
3646500
1620.5
1580
1598
1568.5
1593
2739100
1593
1613
1623
1587.5
1606.5
2381000
1606.5
1620
1631
1612.5
1623.5
2017200
1623.5
1620
1633
1614.5
1615
1594000
1615
1596
1606
1588
1596
2249600
1596
1610
1623
1598.5
1614.5
2335000
1614.5
1634.5
1643.5
1617
1628
2213100
1628
1634
1647
1622
1624
2499100
1624
1630
1638.5
1618
1630
2422700
1630
1619.5
1646.5
1604.5
1639.5
2802900
1639.5
1640
1644.5
1630
1631.5
2232000
1631.5
1630
1637
1614.5
1632
2064200
1632
1649
1671
1645.5
1664.5
2035600
1664.5
1666
1669.5
1650.5
1659
1506100
1659
1671.5
1677
1660
1665.5
2291400
1665.5
1668
1672.5
1647
1667
2198600
1667
1666.5
1673.5
1655.5
1656
2892700
1656
1654.5
1662
1647.5
1657.5
2190600
1657.5
1658.5
1673.5
1653
1670
2003500
1670
1686.5
1701
1677
1700
1996400
1700
1683.5
1688
1668
1688
2141400
1688
1687
1695.5
1673
1677
2528800
1677
1686
1692
1673
1679.5
2613000
1679.5
1680.5
1705.5
1673.5
1700.5
2235500
1700.5
1712
1718
1690
1699
2306100
1699
1690
1690
1660
1679.5
2276500
1679.5
1670.5
1695
1667
1675.5
2646000
1675.5
1670
1675
1652
1662.5
2542500
1662.5
1654
1678
1654
1664
1918800
1664
1661
1702
1660
1695
2909200
1695
1709
1773.5
1709
1755
4188000
1755
1769.5
1781
1754.5
1774.5
2851300
1774.5
1774
1794.5
1765.5
1778.5
2192700
1778.5
1782
1788.5
1771
1771
2331700
1771
1786.5
1793.5
1773.5
1791
1768800
1791
1800.5
1822
1794
1816.5
2228900
1816.5
1813
1817.5
1805
1814.5
1493700
1814.5
1814
1814.5
1784
1789.5
1836900
1789.5
1785
1786
1754
1762.5
2268300
1762.5
1750.5
1766.5
1740.5
1743
2132100
1743
1733.5
1738
1714.5
1720.5
2038100
1720.5
1710.5
1718.5
1696.5
1704.5
2227400
1704.5
1645
1658.5
1638
1641
2956300
1641
1657
1662.5
1641
1644.5
3420900
1644.5
1643
1670
1637.5
1659.5
2046900
1659.5
1685
1697.5
1680.5
1691.5
2085300
1691.5
1701
1705.5
1691.5
1698.5
1875000
1698.5
1700
1720.5
1699
1714.5
1567900
1714.5
1725.5
1729.5
1715.5
1723.5
1514200
1723.5
1716.5
1732
1701.5
1701.5
2346400
1701.5
1684
1695
1679
1691
2041400
1691
1709
1719
1694
1697
2160200
1697
1695
1701
1692
1697
1059300
1697
1697.5
1705
1693
1698
1649000
1698
1701
1701
1680.5
1692.5
2114100
1692.5
1681
1685
1665
1671.5
1587300
1671.5
1661.5
1688
1656
1657
2340200
1657
1650
1652.5
1618.5
1650
2228500
1650
1635
1668
1633.5
1656.5
1798800
1656.5
1630
1642
1617.5
1641
2391800
1641
1639.5
1640.5
1623
1626
1829100
1626
1616
1644.5
1604.5
1640
1705000
1640
1642
1644.5
1618
1626.5
1909300
1626.5
1625
1648
1620.5
1639.5
2260600
1639.5
1641.5
1650
1624.5
1650
2081800
1650
1634.5
1654
1612.5
1616.5
1822500
1616.5
1621
1626.5
1600
1617
2088100
1617
1614
1624.5
1610
1619.5
1540400
1619.5
1621
1628
1609
1615
1617500
1615
1620.5
1638
1615.5
1626
1484700
1626
1630
1651
1625
1646.5
1076200
1646.5
1663.5
1677.5
1660
1660
1710900
1660
1657
1657.5
1626
1640.5
1693100
1640.5
1637
1639.5
1618
1632.5
1228500
1632.5
1649
1681.5
1647.5
1674.5
2474500
1674.5
1658.5
1668.5
1645
1657.5
2259500
1657.5
1680
1686.5
1666.5
1680.5
2170900
1680.5
1685
1688
1667.5
1680
1617900
1680
1663.5
1681.5
1655.5
1666
2382300
1666
1661.5
1686.5
1659
1683
2090800
1683
1692.5
1698
1670
1678
1160100
1678
1688.5
1704.5
1687.5
1696.5
1505600
1696.5
1705
1715
1700.5
1712
1398300
1712
1717
1724.5
1711
1724.5
1285100
1724.5
1724
1733
1715
1716.5
1302200
1716.5
1732.5
1733
1708.5
1714
2600300
1714
1775
1828
1764.5
1828
5195700
1828
1825.5
1864
1823
1828
4094000
1828
1842.5
1853
1811
1812.5
1945300
1812.5
1806.5
1822.5
1800.5
1810
1194600
1810
1804.5
1821
1796.5
1817.5
1241300
1817.5
1814.5
1843.5
1809
1825.5
1796700
1825.5
1805.5
1813.5
1787.5
1803.5
1437500
1803.5
1812
1815
1783
1785.5
2289200
1785.5
1765.5
1767.5
1737
1748.5
2651000
1748.5
1759
1774
1750
1771
1716500
1771
1798.5
1814
1764.5
1778.5
2258700
1778.5
1751
1768.5
1735
1764.5
2354700
1764.5
1775.5
1790.5
1765
1781.5
1392500
1781.5
1772.5
1775
1746
1753.5
1965000
1753.5
1753.5
1758
1737.5
1750.5
1316700
1750.5
1774
1781
1763.5
1776
1377600
1776
1776.5
1776.5
1749
1751
1273600
1751
1750
1750
1725
1734
2113400
1734
1743
1772
1742
1768.5
1371000
1768.5
1800
1813.5
1788.5
1790
1643000
1790
1795.5
1823
1791.5
1814
1868700
1814
1816
1819
1785
1786
2192200
1786
1770.5
1779
1758
1758
3002000
1758
1753.5
1764
1728
1734
1791100
1734
1735
1737
1711
1716.5
1472300
1716.5
1711
1715
1698.5
1702.5
1973600
1702.5
1692.5
1699
1678.5
1678.5
2179600
1678.5
1662
1667
1647.5
1663
2040000
1663
1664.5
1686.5
1664.5
1674.5
1399400
1674.5
1678
1689
1665
1679
1857900
1679
1693.5
1697.5
1658.5
1668.5
1704100
1668.5
1687
1694.5
1667.5
1681
1639800
1681
1693.5
1716
1692
1714.5
2932500
1714.5
1714
1775.5
1713
1766.5
2365300
1766.5
1795.5
1813.5
1793
1799
2197300
1799
1816
1827.5
1794.5
1804.5
1839000
1804.5
1815.5
1823.5
1806.5
1809
3763200
1809
1800.5
1827.5
1794.5
1825.5
2522400
1825.5
1793
1818.5
1777
1800.5
3183100
1800.5
1784.5
1803.5
1751
1760
3528500
1760
1783.5
1810
1776
1782
3521400
1782
1763.5
1767
1733.5
1740
3302600
1740
1753
1798.5
1753
1778.5
3340700
1778.5
1760.5
1761.5
1728.5
1728.5
2889900
1728.5
1749.5
1761.5
1733.5
1741
3110500
1741
1730
1746
1721.5
1722
2483700
1722
1722.5
1738
1690
1698.5
3125300
1698.5
1705
1713
1683
1692.5
1757900
1692.5
1632.5
1643.5
1619
1629
2793300
1629
1589.5
1604
1565.5
1567
8084200
1567
1560
1566
1535.5
1544.5
3852500
1544.5
1544
1572.5
1541
1570
2527600
1570
1592
1599.5
1580
1592.5
2888400
1592.5
1592
1596.5
1580.5
1583.5
2329100
1583.5
1562
1582
1551.5
1578.5
3783100
1578.5
1564.5
1580
1551
1571
2470800
1571
1562.5
1565
1544
1547.5
2976400
1547.5
1561.5
1566.5
1543.5
1557
3106400
1557
1521
1535.5
1512.5
1519.5
3892500
1519.5
1538.5
1545.5
1512
1530.5
3050600
1530.5
1550
1555.5
1517.5
1520
1731600
1520
1505
1537.5
1505
1521
3186200
1521
1529.5
1545.5
1521
1542
2873500
1542
1536
1545
1520.5
1525.5
3774400
1525.5
1525
1588.5
1508
1582
5310900
1582
1545
1554
1528.5
1548
3172600
1548
1555
1597.5
1541.5
1588
3367100
1588
1575
1615.5
1575
1582.5
2880000
1582.5
1617
1626.5
1608.5
1613.5
2375900
1613.5
1619.5
1622.5
1596
1600.5
1589600
1600.5
1568
1592
1558
1578
2045900
1578
1540
1552.5
1526
1539
2949100
1539
1552.5
1569
1544
1559
2151000
1559
1554
1570.5
1544.5
1558
1526500
1558
1565
1575.5
1545
1555
1978300
1555
1549.5
1576.5
1546
1574.5
2252300
1574.5
1554.5
1581.5
1536.5
1573
2119000
1573
1531
1560
1525.5
1554
2183600
1554
1568
1573
1552.5
1566.5
1664800
1566.5
1566.5
1571.5
1550
1562
2449000
1562
1581
1603
1578.5
1589.5
3125000
1589.5
1602
1621.5
1598.5
1616.5
3447600
1616.5
1630
1633.5
1616.5
1619
1805000
1619
1626.5
1631
1588
1592.5
5552200
1592.5
1606
1645
1606
1632.5
2003000
1632.5
1631
1634.5
1602.5
1603.5
2403000
1603.5
1575
1581.5
1561.5
1577.5
1868500
1577.5
1564.5
1574.5
1530.5
1545.5
2134900
1545.5
1541
1553.5
1531.5
1538
1984300
1538
1513
1514.5
1492.5
1510.5
1903800
1510.5
1502
1506
1468
1478
2167100
1478
1491.5
1528.5
1491.5
1507.5
2902500
1507.5
1525.5
1540
1513
1534
2022500
1534
1520
1543.5
1509.5
1514.5
3106400
1514.5
1503
1534
1501.5
1509.5
1808900
1509.5
1484
1513
1478
1499.5
1840800
1499.5
1503.5
1518
1495.5
1503.5
1505300
1503.5
1500.5
1509
1460
1466.5
2238800
1466.5
1459.5
1465
1422.5
1436
2923200
1436
1394.5
1401.5
1354
1359.5
2976500
1359.5
1353.5
1385.5
1348.5
1376.5
3005500
1376.5
1436.5
1454.5
1413
1443.5
2686100
1443.5
1440
1469.5
1436.5
1462
1846600
1462
