1819
1874
1813
1872
860300
1872
1883
1886
1854
1877
695800
1877
1899
1901
1871
1880
569900
1880
1882
1907
1881
1894
459900
1894
1886
1897
1864
1885
662500
1885
1883
1894
1851
1857
918300
1857
1848
1866
1830
1834
521000
1834
1831
1839
1810
1817
482800
1817
1807
1814
1790
1804
849500
1804
1829
1837
1785
1791
946400
1791
1788
1798
1782
1793
849400
1793
1793
1820
1790
1805
591500
1805
1798
1825
1797
1825
461000
1825
1810
1826
1809
1823
401600
1823
1815
1815
1790
1794
579500
1794
1804
1814
1796
1800
577800
1800
1790
1795
1780
1782
635900
1782
1776
1791
1769
1771
725800
1771
1787
1794
1759
1760
770200
1760
1768
1779
1746
1775
903300
1775
1772
1781
1756
1766
693700
1766
1738
1757
1721
1728
987000
1728
1660
1671
1596
1619
2026100
1619
1627
1675
1622
1624
1566200
1624
1607
1644
1597
1616
1279000
1616
1551
1581
1533
1550
1353300
1550
1557
1575
1527
1532
1083200
1532
1519
1532
1496
1505
1018800
1505
1519
1533
1517
1521
728400
1521
1523
1546
1523
1537
569700
1537
1553
1573
1547
1569
514900
1569
1564
1572
1553
1559
565300
1559
1565
1573
1552
1558
767400
1558
1550
1550
1534
1545
626600
1545
1552
1570
1548
1567
625400
1567
1586
1603
1580
1593
558600
1593
1618
1627
1608
1621
826500
1621
1615
1627
1595
1595
818100
1595
1582
1583
1555
1561
630500
1561
1522
1531
1487
1493
1123300
1493
1480
1487
1473
1483
503500
1483
1496
1523
1493
1502
627800
1502
1490
1490
1467
1475
955500
1475
1472
1515
1466
1496
1193800
1496
1522
1556
1515
1521
1643600
1521
1555
1571
1552
1565
708300
1565
1563
1573
1559
1568
604400
1568
1570
1579
1563
1569
868400
1569
1557
1567
1544
1561
811600
1561
1579
1586
1558
1560
1171000
1560
1558
1573
1548
1558
680800
1558
1558
1583
1555
1580
1120600
1580
1568
1570
1545
1557
1014500
1557
1519
1540
1503
1507
1592500
1507
1499
1536
1496
1536
1261600
1536
1543
1592
1536
1588
1144900
1588
1556
1580
1547
1580
955400
1580
1587
1603
1559
1572
870800
1572
1595
1599
1569
1582
521400
1582
1570
1587
1570
1573
376700
1573
1546
1553
1537
1547
718900
1547
1552
1573
1544
1567
692500
1567
1580
1601
1567
1584
716200
1584
1590
1597
1574
1580
809100
1580
1586
1595
1576
1590
584200
1590
1611
1644
1602
1637
1047700
1637
1641
1646
1594
1594
934700
1594
1586
1586
1568
1575
440800
1575
1583
1608
1581
1594
679600
1594
1604
1608
1588
1602
448500
1602
1598
1605
1589
1591
515100
1591
1601
1630
1598
1623
730200
1623
1638
1660
1635
1647
807300
1647
1654
1659
1642
1655
725900
1655
1667
1667
1643
1647
369300
1647
1671
1684
1653
1682
853900
1682
1668
1704
1667
1704
828200
1704
1692
1698
1671
1674
786900
1674
1700
1724
1688
1723
819300
1723
1722
1728
1694
1725
598900
1725
1740
1742
1709
1714
534000
1714
1713
1717
1695
1711
530200
1711
1706
1725
1702
1706
540500
1706
1715
1720
1703
1718
434000
1718
1717
1727
1703
1716
442600
1716
1725
1727
1700
1717
723100
1717
1699
1704
1676
1691
634300
1691
1680
1699
1680
1688
665300
1688
1855
1888
1840
1870
2324500
1870
1870
1891
1853
1885
1154500
1885
1894
1894
1867
1878
798500
1878
1872
1876
1861
1864
401600
1864
1857
1859
1847
1854
449800
1854
1848
1860
1830
1841
902800
1841
1831
1842
1798
1822
725900
1822
1814
1829
1808
1819
589900
1819
1824
1832
1811
1822
472400
1822
1810
1817
1803
1816
529100
1816
1787
1799
1777
1790
842200
1790
1811
1832
1803
1827
1620600
1827
1818
1855
1806
1836
888200
1836
1836
1860
1806
1847
1116300
1847
1852
1859
1829
1841
1015400
1841
1833
1859
1833
1852
911400
1852
1853
1869
1851
1851
888400
1851
1866
1884
1859
1866
1216900
1866
1859
1875
1841
1868
446900
1868
1885
1889
1861
1877
717100
1877
1864
1877
1856
1868
562300
1868
1851
1863
1830
1858
982800
1858
1869
1871
1854
1870
1064300
1870
1862
1873
1843
1868
691000
1868
1855
1875
1845
1849
834500
1849
1845
1856
1825
1852
958400
1852
1853
1859
1837
1846
705600
1846
1837
1847
1820
1847
722200
1847
1860
1892
1850
1875
791600
1875
1873
1910
1862
1905
682100
1905
1914
1929
1900
1925
802400
1925
1930
1957
1924
1946
918700
1946
1946
1956
1917
1946
794500
1946
1946
1977
1930
1932
899400
1932
1932
1940
1912
1931
1042800
1931
1921
1926
1908
1917
592500
1917
1926
1950
1920
1931
865300
1931
1932
1974
1932
1952
811200
1952
1964
1993
1945
1973
969000
1973
1976
1984
1959
1968
866800
1968
1958
1958
1935
1947
985400
1947
1953
1966
1946
1950
893800
1950
1964
1985
1960
1976
891500
1976
1988
2039
1982
2028
971300
2028
2035
2051
2022
2022
600800
2022
2022
2026
2001
2001
553300
2001
2003
2009
1972
1994
694000
1994
1976
1989
1969
1980
712800
1980
1992
2008
1992
1999
592200
1999
2016
2031
2013
2017
650300
2017
2024
2042
2024
2031
825100
2031
2028
2036
2014
2029
789500
2029
2013
2060
2007
2046
1283700
2046
2026
2066
2021
2052
1071100
2052
2028
2035
1610
2032
1250100
2032
2043
2123
2043
2123
1281500
2123
2100
2101
2006
2016
1026800
2016
2009
2025
1997
2014
493600
2014
2018
2056
2015
2054
435300
2054
2037
2061
2028
2050
756000
2050
2052
2052
1995
2004
585800
2004
2025
2025
1983
1991
744100
1991
1975
1978
1944
1944
456000
1944
1953
2004
1953
2004
654300
2004
2010
2037
2004
2022
498700
2022
2012
2018
1981
2006
835900
2006
2006
2037
2003
2030
621500
2030
2034
2056
2019
2022
476300
2022
2004
2048
2000
2040
572500
2040
2048
2055
2011
2026
477100
2026
2042
2042
2024
2028
440300
2028
2040
2047
2015
2041
673400
2041
2041
2076
2041
2062
584300
2062
2085
2103
2070
2071
756200
2071
2080
2111
2077
2088
631000
2088
2122
2140
2086
2097
553400
2097
2079
2115
2071
2104
730100
2104
2109
2117
2094
2108
440100
2108
2106
2119
2090
2107
566000
2107
2074
2083
2063
2066
886000
2066
2074
2084
2061
2068
553200
2068
2064
2069
2051
2064
750100
2064
2064
2082
2059
2081
673600
2081
2081
2109
2075
2104
845900
2104
2111
2142
2107
2136
586600
2136
2146
2180
2145
2177
918800
2177
2200
2213
2177
2193
1330500
2193
2193
2280
2184
2274
779200
2274
2321
2348
2313
2319
886000
2319
2319
2328
2292
2303
987700
2303
2304
2315
2272
2297
1282200
2297
2296
2300
2278
2298
1078900
2298
2292
2319
2279
2317
766600
2317
2314
2364
2314
2333
856700
2333
2352
2388
2326
2357
882100
2357
2365
2381
2338
2354
763800
2354
2355
2371
2335
2346
1146400
2346
2361
2408
2361
2399
940600
2399
2383
2427
2365
2371
1148700
2371
2368
2404
2359
2386
920100
2386
2350
2419
2329
2370
1564100
2370
2392
2420
2385
2412
1193000
2412
2362
2394
2311
2332
1320600
2332
2300
2344
2281
2307
1421200
2307
2280
2312
2243
2300
877800
2300
2288
2349
2283
2346
694100
2346
2356
2376
2326
2335
904200
2335
2334
2359
2332
2344
637900
2344
2316
2363
2309
2353
771600
2353
2338
2375
2337
2370
876400
2370
2311
2315
2210
2223
1182600
2223
2237
2300
2223
2287
1071600
2287
2244
2284
2229
2253
1125700
2253
2260
2298
2240
2278
839500
2278
2291
2322
2266
2273
677900
2273
2266
2345
2266
2319
860300
2319
2319
2344
2299
2311
901900
2311
2274
2290
2246
2259
779100
2259
2285
2353
2262
2348
1023100
2348
2328
2335
2296
2299
863000
2299
2331
2359
2325
2346
739100
2346
2364
2389
2285
2293
929500
2293
2330
2397
2327
2390
661600
2390
2402
2421
2371
2408
681900
2408
2383
2408
2359
2400
441000
2400
2363
2368
2327
2351
720900
2351
2360
2384
2340
2379
628400
2379
2371
2403
2363
2400
555100
2400
2403
2455
2403
2441
660600
2441
2441
2453
2407
2416
454700
2416
2412
2476
2407
2475
725300
2475
2430
2453
2404
2445
643800
2445
2480
2485
2424
2472
654000
2472
2479
2578
2475
2571
1074000
2571
2611
2617
2574
2607
739700
2607
2607
2641
2581
2629
750400
2629
2655
2676
2568
2579
701700
2579
2591
2627
2577
2585
1636200
2585
2631
2648
2608
2636
572200
2636
2665
2703
2645
2656
1089500
2656
2607
2626
2559
2617
766300
2617
2599
2612
2569
2591
795600
2591
2589
2600
2569
2588
792000
2588
2540
2604
2534
2588
712800
2588
2558
2576
2545
2559
777000
2559
2578
2627
2564
2610
954900
2610
2625
2656
2613
2629
741200
2629
2590
2634
2543
2553
1548400
2553
2590
2592
2554
2569
621800
2569
2535
2578
2520
2557
777500
2557
2569
2587
2511
2532
585500
2532
2493
2518
2433
2459
1042700
2459
2437
2479
2416
2445
1307300
2445
2397
2397
2346
2382
742100
2382
2390
2447
2360
2407
750100
2407
2500
2528
2474
2511
1006600
2511
2506
2533
2490
2522
707600
2522
