1300
1302
1296
1302
7597300
1302
1305
1308
1297
1304
9963400
1304
1308
1308
1302
1308
9132300
1308
1306
1315
1306
1315
10474800
1315
1319
1324
1318
1323
14182600
1323
1324
1332
1324
1330
15874200
1330
1335
1341
1324
1326
13282600
1326
1323
1324
1317
1320
6503700
1320
1315
1322
1314
1321
7793200
1321
1324
1327
1312
1313
8132200
1313
1315
1316
1311
1313
5694000
1313
1314
1324
1314
1323
7287400
1323
1326
1332
1325
1332
9404900
1332
1329
1332
1326
1327
5771500
1327
1325
1327
1318
1321
8124500
1321
1330
1332
1320
1322
8432700
1322
1324
1327
1321
1323
6269200
1323
1321
1321
1306
1309
9518200
1309
1305
1313
1302
1302
9729500
1302
1310
1320
1308
1315
7985200
1315
1313
1317
1309
1315
6028700
1315
1305
1312
1301
1306
8762500
1306
1286
1295
1261
1280
27152300
1280
1297
1303
1280
1280
13658700
1280
1285
1289
1277
1284
9137100
1284
1263
1270
1258
1269
12090300
1269
1273
1281
1260
1262
10878600
1262
1264
1267
1255
1255
6813900
1255
1285
1304
1256
1303
14861500
1303
1301
1313
1300
1305
9084900
1305
1312
1320
1311
1315
7335500
1315
1311
1314
1307
1311
6377400
1311
1305
1309
1298
1299
6652600
1299
1296
1298
1291
1292
6302200
1292
1290
1291
1283
1290
5321000
1290
1300
1300
1288
1290
5745600
1290
1294
1299
1290
1298
6434900
1298
1299
1303
1291
1291
6454400
1291
1287
1287
1280
1282
7988400
1282
1276
1277
1269
1272
8339400
1272
1271
1278
1268
1276
4609100
1276
1291
1294
1272
1273
6841100
1273
1274
1278
1269
1271
6961800
1271
1275
1277
1268
1269
4807500
1269
1272
1278
1265
1270
9617800
1270
1279
1286
1276
1284
5665300
1284
1283
1292
1280
1290
6314200
1290
1285
1288
1282
1286
4980100
1286
1282
1284
1272
1278
6522700
1278
1280
1282
1275
1279
7378600
1279
1282
1283
1271
1273
4691000
1273
1290
1321
1290
1317
19727300
1317
1318
1335
1311
1321
14038000
1321
1307
1318
1295
1307
9976700
1307
1307
1309
1291
1296
10432900
1296
1300
1317
1298
1317
10425600
1317
1275
1283
1269
1282
11858100
1282
1284
1292
1275
1285
8314000
1285
1288
1289
1276
1281
4999600
1281
1279
1284
1273
1273
5058900
1273
1268
1274
1266
1271
5059500
1271
1272
1277
1266
1273
6216000
1273
1275
1293
1275
1287
7923000
1287
1287
1293
1286
1290
8281100
1290
1289
1295
1288
1294
4691600
1294
1294
1302
1294
1297
7304800
1297
1301
1306
1300
1303
7992300
1303
1302
1307
1301
1302
5583700
1302
1304
1309
1302
1307
7894700
1307
1307
1312
1306
1310
6500300
1310
1317
1326
1313
1316
12722200
1316
1319
1324
1317
1323
11541600
1323
1323
1325
1319
1322
7483300
1322
1323
1326
1320
1326
10216900
1326
1328
1335
1327
1333
15485500
1333
1335
1337
1331
1336
11717400
1336
1324
1336
1324
1336
9242300
1336
1337
1339
1333
1336
10174000
1336
1335
1338
1327
1330
8171700
1330
1336
1338
1333
1336
7401800
1336
1336
1338
1334
1338
6783100
1338
1340
1344
1336
1338
7521100
1338
1339
1340
1336
1340
7415600
1340
1336
1338
1330
1333
6224300
1333
1327
1330
1315
1316
5952700
1316
1307
1324
1303
1324
6438500
1324
1320
1326
1317
1319
3986400
1319
1324
1334
1322
1333
6156100
1333
1284
1289
1274
1283
12244100
1283
1283
1283
1271
1277
10053400
1277
1282
1282
1276
1281
6260100
1281
1281
1284
1277
1277
5064700
1277
1282
1283
1277
1277
4167200
1277
1276
1277
1266
1269
7617600
1269
1269
1272
1266
1270
6631500
1270
1266
1269
1263
1263
7397500
1263
1266
1266
1260
1265
3954100
1265
1262
1264
1260
1262
3964400
1262
1255
1256
1251
1254
7295700
1254
1258
1258
1244
1247
16870500
1247
1250
1254
1243
1248
5673600
1248
1255
1260
1253
1257
4847300
1257
1255
1260
1254
1256
3766300
1256
1261
1266
1259
1264
5107900
1264
1267
1267
1259
1260
4060800
1260
1259
1262
1254
1254
4996300
1254
1250
1252
1245
1250
4216900
1250
1255
1261
1250
1251
5304600
1251
1250
1255
1249
1251
3589700
1251
1249
1253
1245
1245
4892100
1245
1245
1248
1242
1243
6988200
1243
1241
1242
1235
1238
5020600
1238
1235
1235
1219
1219
7751600
1219
1217
1225
1213
1222
6887500
1222
1215
1217
1208
1208
8442900
1208
1207
1208
1200
1206
6009100
1206
1212
1213
1200
1202
6354600
1202
1205
1218
1200
1211
9707000
1211
1211
1220
1211
1217
5987500
1217
1219
1220
1206
1208
6647200
1208
1212
1215
1204
1213
5966600
1213
1213
1214
1201
1203
6717300
1203
1203
1205
1200
1203
6393400
1203
1202
1215
1202
1211
4868000
1211
1210
1210
1203
1204
5065400
1204
1207
1213
1206
1206
5385300
1206
1207
1216
1206
1213
4616900
1213
1216
1225
1216
1216
5688200
1216
1207
1211
1204
1207
5497700
1207
1217
1217
1204
1205
5467300
1205
1205
1208
1202
1202
7603300
1202
1203
1218
1201
1214
7274300
1214
1210
1218
1209
1211
4074700
1211
1211
1219
1208
1215
4249100
1215
1212
1214
1205
1210
5357800
1210
1219
1237
1216
1228
6949200
1228
1230
1239
1225
1230
4865800
1230
1231
1238
1228
1231
4145200
1231
1232
1239
1229
1237
5313800
1237
1239
1241
1232
1234
3807300
1234
1238
1240
1233
1236
4176500
1236
1241
1248
1232
1232
7259700
1232
1235
1253
1232
1253
5865600
1253
1255
1258
1244
1248
4556400
1248
1247
1248
1236
1239
3754000
1239
1240
1244
1238
1241
2559900
1241
1235
1243
1232
1242
2697000
1242
1243
1248
1236
1239
3344800
1239
1236
1245
1234
1237
3955700
1237
1233
1235
1227
1228
4831200
1228
1266
1273
1253
1258
11305000
1258
1253
1261
1247
1259
5129700
1259
1262
1268
1260
1268
5543400
1268
1263
1272
1252
1270
6096700
1270
1271
1275
1265
1273
3661700
1273
1279
1296
1278
1295
8040700
1295
1294
1294
1283
1289
4507100
1289
1288
1296
1285
1290
4505400
1290
1287
1296
1287
1296
4519300
1296
1298
1310
1298
1307
8156000
1307
1311
1317
1310
1317
6051900
1317
1317
1319
1314
1315
5090800
1315
1318
1323
1317
1318
6627400
1318
1316
1320
1315
1319
5588600
1319
1318
1321
1316
1320
5511200
1320
1320
1322
1314
1319
3986200
1319
1317
1319
1310
1315
5477300
1315
1310
1314
1299
1310
6678900
1310
1319
1321
1305
1311
5549400
1311
1306
1310
1300
1308
5730300
1308
1307
1317
1305
1314
4937600
1314
1319
1328
1313
1322
7811200
1322
1322
1329
1320
1329
8026400
1329
1329
1331
1326
1329
7486400
1329
1332
1334
1330
1334
9307800
1334
1335
1343
1334
1340
11152700
1340
1341
1343
1337
1343
10955900
1343
1343
1345
1341
1345
10698600
1345
1345
1370
1343
1359
23883100
1359
1359
1367
1359
1367
14240100
1367
1340
1348
1329
1347
12705400
1347
1347
1350
1338
1344
11073600
1344
1348
1354
1343
1352
13577000
1352
1352
1358
1351
1356
9733500
1356
1357
1363
1349
1357
12708600
1357
1357
1365
1357
1362
10286400
1362
1363
1369
1363
1365
11420800
1365
1366
1369
1364
1369
9675300
1369
1374
1383
1366
1373
15997300
1373
1367
1382
1366
1380
14172000
1380
1357
1370
1349
1363
14611500
1363
1353
1357
1330
1339
12522500
1339
1339
1343
1312
1320
9419900
1320
1331
1345
1322
1342
9603400
1342
1350
1356
1338
1351
7385500
1351
1360
1367
1358
1363
7033100
1363
1354
1360
1345
1359
5345600
1359
1360
1365
1359
1360
5537300
1360
1354
1359
1340
1348
8936000
1348
1360
1360
1336
1346
8688900
1346
1335
1337
1319
1319
9736600
1319
1331
1333
1308
1316
11921500
1316
1331
1339
1312
1315
8956400
1315
1322
1334
1304
1304
42714700
1304
1309
1340
1305
1340
15840300
1340
1347
1352
1331
1335
7931000
1335
1332
1336
1314
1325
7560300
1325
1328
1343
1325
1326
4974600
1326
1329
1344
1326
1338
6506100
1338
1348
1356
1333
1339
9416800
1339
1358
1371
1357
1369
10971300
1369
1370
1378
1364
1374
9000500
1374
1373
1378
1368
1374
6995300
1374
1358
1359
1333
1350
8774600
1350
1350
1365
1349
1361
9887300
1361
1380
1396
1362
1371
23136500
1371
1369
1390
1366
1388
15593500
1388
1388
1395
1385
1392
14652400
1392
1388
1394
1380
1391
9110300
1391
1385
1386
1366
1371
8398900
1371
1366
1374
1356
1367
7376200
1367
1373
1374
1357
1368
8468600
1368
1372
1383
1368
1383
8770300
1383
1387
1395
1383
1391
12494300
1391
1392
1394
1374
1379
7693300
1379
1369
1382
1362
1382
24804000
1382
1379
1379
1362
1365
8931600
1365
1356
1356
1328
1332
10938600
1332
1328
1328
1308
1322
8770500
1322
1317
1323
1307
1313
7898300
1313
1328
1333
1313
1324
12685100
1324
1310
1315
1302
1313
7407300
1313
1310
1316
1300
1307
8426100
1307
1307
1321
1307
1312
7680800
1312
1313
1314
1300
1302
7968900
1302
1304
1305
1281
1288
10236800
1288
1290
1315
1290
1301
6112900
1301
1301
1302
1279
1285
7668800
1285
1289
1289
1263
1272
10020400
1272
1279
1288
1263
1269
7823000
1269
1299
1300
1254
1265
13320400
1265
1240
1245
1220
1238
8202500
1238
1247
1257
1234
1247
7157800
1247
1285
1292
1260
1262
10065700
1262
1258
1275
1254
1265
6090100
1265
