4880
4930
4865
4895
853800
4895
4975
5000
4930
5000
604400
5000
5080
5110
5040
5100
576600
5100
5050
5090
5010
5040
325400
5040
5040
5090
5030
5080
579500
5080
5060
5150
5060
5120
602300
5120
5150
5180
5060
5070
485900
5070
5040
5080
5020
5040
294600
5040
5010
5070
5010
5030
664300
5030
5130
5160
4970
4980
661700
4980
4995
5030
4955
5020
577900
5020
4985
4990
4925
4955
315400
4955
4990
5120
4955
5100
683700
5100
5090
5130
4955
5000
583400
5000
4925
4995
4900
4945
404000
4945
4965
5030
4955
4970
472200
4970
4985
5050
4970
5010
394300
5010
5030
5120
5010
5040
842100
5040
5000
5080
4970
4975
702500
4975
5040
5210
4985
5090
1520900
5090
5090
5100
4925
4985
817600
4985
4845
4875
4770
4845
900900
4845
4565
4615
4375
4560
1368000
4560
4700
4735
4510
4520
1179000
4520
4560
4590
4450
4530
706700
4530
4330
4375
4275
4335
1052800
4335
4440
4445
4205
4225
1093400
4225
4280
4330
4225
4275
1050200
4275
4370
4390
4285
4345
683400
4345
4300
4355
4260
4300
819800
4300
4345
4445
4325
4445
651300
4445
4415
4440
4315
4350
659900
4350
4395
4400
4265
4295
1223300
4295
4205
4220
4155
4180
1288200
4180
4145
4220
4125
4210
691900
4210
4250
4280
4195
4240
523000
4240
4285
4310
4260
4285
524400
4285
4280
4300
4220
4225
689200
4225
4230
4235
4120
4160
824000
4160
4090
4130
4025
4095
1101600
4095
4000
4020
3950
3965
870200
3965
4040
4085
4005
4010
674000
4010
3960
4005
3900
3950
796800
3950
3970
3980
3840
3875
1021800
3875
3900
3950
3870
3905
1340400
3905
4000
4020
3965
3990
486700
3990
3955
4025
3930
4015
621100
4015
3965
4040
3950
4025
653700
4025
3985
4030
3915
4025
791700
4025
4045
4045
3985
4000
788600
4000
3975
4020
3955
4000
684300
4000
3980
4010
3935
4000
632700
4000
4035
4050
3980
4045
776900
4045
3905
3910
3845
3875
1216600
3875
3805
3860
3735
3860
826300
3860
3955
4015
3945
3985
877000
3985
3915
3975
3900
3970
780400
3970
4025
4055
3960
4000
876400
4000
4065
4075
4015
4035
439900
4035
4065
4105
4045
4045
405000
4045
4000
4025
3960
4010
706800
4010
4000
4030
3980
4005
807100
4005
4025
4065
3940
4030
1005800
4030
4010
4050
3955
3980
1020700
3980
3950
3970
3865
3935
897500
3935
3930
4070
3910
4050
980300
4050
4105
4150
4070
4070
665200
4070
4025
4040
3955
3960
571600
3960
4000
4105
4000
4055
459500
4055
4070
4080
3990
4050
409000
4050
4040
4045
3985
4035
526900
4035
4060
4120
4030
4095
451000
4095
4155
4220
4145
4160
506100
4160
4180
4180
4100
4140
382700
4140
4145
4200
4135
4175
362700
4175
4200
4250
4180
4245
443600
4245
4185
4190
4125
4165
493800
4165
4190
4220
4170
4195
461400
4195
4200
4205
4115
4190
490300
4190
4110
4125
4070
4110
540200
4110
4125
4140
4100
4130
553200
4130
4095
4100
4005
4070
617200
4070
4060
4110
4015
4045
656800
4045
4255
4340
4095
4120
2007200
4120
4130
4170
4090
4165
780800
4165
4165
4170
4115
4170
593100
4170
4180
4215
4160
4180
496100
4180
4220
4290
4210
4230
748700
4230
4205
4235
4170
4215
484700
4215
4255
4265
4225
4250
439900
4250
4250
4270
4235
4255
492200
4255
4245
4260
4215
4255
351100
4255
4255
4290
4235
4280
319100
4280
4240
4280
4215
4225
672200
4225
4190
4205
4035
4055
799700
4055
4020
4060
4010
4040
581400
4040
4010
4035
3940
3955
617800
3955
3915
3945
3865
3900
597300
3900
3840
3870
3805
3825
902000
3825
3840
3850
3780
3850
1141400
3850
3795
3850
3780
3835
476300
3835
3905
3960
3895
3925
746400
3925
3920
3940
3875
3900
453600
3900
3890
3935
3860
3865
669500
3865
3905
3950
3905
3915
665600
3915
3910
3945
3885
3895
674400
3895
3875
3925
3835
3910
585800
3910
3955
3960
3870
3875
507700
3875
3875
3905
3850
3855
341700
3855
3825
3845
3795
3825
499500
3825
3865
3870
3780
3840
1122000
3840
3795
3795
3645
3710
945800
3710
3665
3720
3605
3650
1016500
3650
3620
3630
3535
3625
1039800
3625
3670
3715
3645
3685
920100
3685
3640
3715
3620
3705
719300
3705
3750
3785
3670
3685
663400
3685
3645
3755
3620
3745
627000
3745
3720
3770
3670
3705
562600
3705
3655
3725
3650
3715
604000
3715
3730
3755
3690
3740
586900
3740
3735
3805
3685
3695
619700
3695
3750
3765
3660
3725
671300
3725
3715
3745
3705
3710
594700
3710
3690
3725
3690
3710
495000
3710
3755
3785
3715
3740
683700
3740
3750
3760
3705
3720
493100
3720
3790
3840
3780
3805
769200
3805
3735
3765
3685
3735
641500
3735
3715
3735
3670
3720
575000
3720
3745
3795
3730
3755
497300
3755
3730
3760
3685
3735
609600
3735
3785
3800
3765
3780
353300
3780
3800
3835
3790
3810
283100
3810
3810
3820
3765
3790
653100
3790
3765
3780
3750
3770
373200
3770
3795
3885
3775
3885
627300
3885
3945
3970
3930
3950
543300
3950
4000
4010
3925
3935
505400
3935
3945
3970
3930
3960
315200
3960
3925
3950
3890
3925
488300
3925
3930
3950
3855
3870
691200
3870
3905
4020
3875
3910
972500
3910
3860
3880
3725
3740
1059600
3740
3740
3765
3695
3740
496700
3740
3710
3785
3695
3755
388700
3755
3740
3805
3740
3785
353900
3785
3805
3840
3795
3800
351400
3800
3790
3810
3755
3790
432200
3790
3795
3795
3725
3730
536600
3730
3660
3670
3595
3600
546000
3600
3590
3605
3555
3600
658100
3600
3630
3650
3465
3490
830600
3490
3420
3480
3385
3455
893900
3455
3495
3510
3470
3510
611900
3510
3480
3515
3465
3495
594200
3495
3490
3515
3480
3500
704800
3500
3545
3635
3525
3630
677100
3630
3635
3645
3570
3590
487000
3590
3600
3605
3500
3525
484000
3525
3520
3545
3510
3530
404000
3530
3585
3625
3575
3585
432400
3585
3600
3655
3600
3635
366800
3635
3690
3725
3625
3650
526900
3650
3595
3645
3560
3615
623200
3615
3605
3615
3570
3590
404300
3590
3590
3615
3565
3590
415600
3590
3575
3605
3530
3575
561100
3575
3600
3640
3580
3600
564500
3600
3570
3575
3515
3550
525700
3550
3565
3625
3565
3600
620400
3600
3615
3645
3580
3625
525000
3625
3645
3660
3580
3610
512900
3610
3605
3655
3570
3605
744600
3605
3665
3730
3655
3720
640300
3720
3775
3860
3720
3830
758800
3830
3940
3945
3895
3900
666500
3900
3970
3995
3935
3960
597500
3960
4005
4075
3990
4070
838900
4070
4095
4095
4010
4065
724000
4065
4030
4065
4010
4055
464100
4055
4015
4065
3980
4015
603700
4015
4060
4105
4035
4055
555200
4055
4055
4110
4055
4075
463800
4075
4100
4150
4080
4100
574100
4100
4075
4115
4055
4060
431500
4060
4080
4120
4070
4095
529400
4095
4055
4095
4040
4040
603100
4040
3975
3995
3920
3960
601900
3960
3980
3990
3915
3940
435200
3940
3750
3820
3730
3760
759100
3760
3700
3785
3700
3775
576900
3775
3735
3750
3690
3710
467600
3710
3680
3740
3670
3735
448000
3735
3790
3830
3765
3795
524000
3795
3780
3800
3735
3750
514800
3750
3655
3675
3625
3670
443700
3670
3625
3640
3585
3640
596900
3640
3610
3625
3490
3500
658500
3500
3525
3535
3455
3480
792900
3480
3380
3400
3355
3365
745500
3365
3385
3410
3295
3340
573100
3340
3380
3405
3320
3350
455900
3350
3320
3420
3310
3395
492300
3395
3415
3580
3390
3565
930400
3565
3495
3525
3420
3475
710500
3475
3545
3705
3530
3680
973700
3680
3605
3630
3525
3535
708900
3535
3510
3600
3495
3585
457900
3585
3600
3625
3520
3545
706100
3545
3615
3645
3550
3565
504700
3565
3570
3640
3570
3615
556900
3615
3595
3705
3575
3690
650700
3690
3560
3595
3465
3550
673600
3550
3555
3645
3535
3640
678300
3640
3610
3655
3600
3640
347600
3640
3655
3685
3605
3635
455200
3635
3620
3665
3615
3640
343300
3640
3585
3635
3555
3610
378900
3610
3580
3670
3555
3670
697800
3670
3655
3680
3625
3650
464800
3650
3660
3695
3620
3685
456300
3685
3740
3740
3660
3710
537300
3710
3715
3755
3705
3750
500700
3750
3820
3845
3765
3830
480200
3830
3805
3805
3760
3765
721100
3765
3835
3935
3815
3850
721200
3850
3830
3865
3775
3780
721800
3780
3710
3790
3710
3770
584000
3770
3705
3720
3630
3690
767500
3690
3750
3785
3700
3730
692700
3730
3660
3710
3655
3700
696300
3700
3695
3710
3635
3680
761100
3680
3725
3810
3685
3795
743400
3795
3835
3880
3810
3860
759600
3860
3820
3850
3685
3735
946800
3735
3735
3750
3665
3670
575200
3670
3580
3675
3555
3625
686100
3625
3675
3690
3630
3680
682300
3680
3620
3635
3460
3480
656900
3480
3375
3410
3300
3320
1119800
3320
3250
3250
3100
3110
807700
3110
3125
3170
3045
3095
554900
3095
3230
3235
3180
3225
569600
3225
3195
3310
3195
3275
531900
3275
