4420
4505
4405
4505
702600
4505
4600
4625
4520
4585
515200
4585
4640
4720
4605
4630
607400
4630
4620
4630
4550
4570
292100
4570
4540
4575
4515
4550
390300
4550
4560
4620
4560
4595
476800
4595
4630
4660
4600
4630
351200
4630
4640
4660
4600
4635
292100
4635
4595
4625
4555
4610
398500
4610
4665
4715
4640
4650
553600
4650
4680
4745
4665
4700
465100
4700
4690
4715
4645
4670
352800
4670
4700
4725
4665
4670
345300
4670
4630
4645
4530
4550
447100
4550
4585
4640
4550
4605
467400
4605
4595
4615
4565
4595
416400
4595
4620
4655
4590
4645
282800
4645
4595
4620
4500
4515
419600
4515
4475
4525
4455
4470
559300
4470
4500
4590
4480
4590
399600
4590
4525
4525
4450
4460
413300
4460
4335
4360
4305
4310
496300
4310
4065
4105
3945
4070
1161600
4070
4185
4195
4025
4030
769300
4030
4055
4155
4055
4135
655200
4135
3935
3965
3895
3965
761700
3965
4035
4040
3945
3955
530600
3955
3955
4000
3895
3980
601600
3980
3980
4065
3945
3985
1170800
3985
3890
3915
3830
3855
1339400
3855
3920
4040
3905
4035
709100
4035
4015
4015
3915
3970
457500
3970
3965
3990
3915
3970
743500
3970
3955
3980
3905
3940
662100
3940
3935
4005
3915
4005
451600
4005
4040
4045
3925
3935
467100
3935
4035
4120
4010
4100
696200
4100
4080
4085
4000
4000
531900
4000
3960
3970
3885
3900
435200
3900
3785
3865
3770
3830
940800
3830
3690
3755
3685
3705
495600
3705
3775
3815
3745
3775
595700
3775
3740
3750
3685
3715
465000
3715
3735
3775
3675
3700
585000
3700
3765
3795
3720
3755
640000
3755
3910
3950
3885
3920
607900
3920
3890
3990
3860
3965
812500
3965
3905
4010
3880
3995
654000
3995
3950
3955
3835
3940
483600
3940
3965
3965
3900
3915
371500
3915
3910
3970
3895
3925
351600
3925
3905
3915
3860
3880
465300
3880
3900
3975
3890
3915
473800
3915
3750
3785
3580
3600
1176900
3600
3565
3600
3510
3595
554400
3595
3700
3750
3660
3745
998200
3745
3655
3735
3645
3730
551400
3730
3750
3775
3700
3730
448100
3730
3800
3870
3790
3865
500300
3865
3865
3885
3825
3830
251100
3830
3720
3735
3690
3725
555600
3725
3740
3740
3675
3700
362400
3700
3735
3750
3695
3725
322600
3725
3755
3800
3710
3715
523900
3715
3725
3765
3680
3750
352900
3750
3725
3885
3720
3860
562400
3860
3960
4000
3880
3915
557400
3915
3930
3935
3835
3845
335000
3845
3895
4010
3890
3995
725300
3995
3985
3990
3915
3975
351800
3975
3950
4005
3935
3980
354900
3980
4050
4190
4020
4145
727200
4145
4215
4345
4215
4235
1027100
4235
4220
4220
4145
4210
483200
4210
4245
4250
4190
4225
238000
4225
4280
4305
4220
4290
331600
4290
4235
4270
4200
4245
428700
4245
4240
4265
4200
4205
372000
4205
4210
4215
4145
4190
544900
4190
4205
4255
4185
4250
344100
4250
4235
4235
4160
4180
321500
4180
4205
4230
4160
4215
288700
4215
4215
4250
4165
4175
310300
4175
4205
4205
4160
4175
282000
4175
4190
4190
4120
4150
277000
4150
4180
4285
4155
4285
500400
4285
4310
4350
4280
4340
461400
4340
3990
4050
3885
3975
1329300
3975
3945
3955
3740
3765
1043200
3765
3835
3905
3830
3895
611200
3895
3915
3925
3865
3910
435200
3910
3945
4050
3940
4035
500500
4035
4075
4130
4025
4115
563300
4115
4105
4150
4060
4100
433300
4100
4085
4085
3955
4025
368900
4025
4025
4025
3870
3870
750600
3870
3815
3860
3795
3825
472200
3825
3790
3820
3740
3770
443700
3770
3730
3770
3680
3710
609000
3710
3695
3785
3605
3755
859100
3755
3730
3780
3705
3760
404500
3760
3810
3865
3775
3825
463800
3825
3860
3920
3780
3795
483900
3795
3735
3795
3735
3765
346800
3765
3800
3825
3765
3765
297900
3765
3750
3785
3700
3705
433200
3705
3690
3715
3655
3700
286500
3700
3745
3765
3695
3705
295800
3705
3705
3720
3680
3715
270600
3715
3650
3660
3615
3640
381300
3640
3600
3610
3515
3525
858000
3525
3500
3525
3350
3365
944000
3365
3345
3410
3330
3330
599600
3330
3335
3380
3280
3370
566400
3370
3365
3415
3340
3365
287900
3365
3300
3335
3270
3315
468900
3315
3350
3365
3295
3300
281600
3300
3300
3445
3295
3435
762300
3435
3445
3510
3385
3405
683900
3405
3370
3450
3355
3435
384300
3435
3435
3455
3405
3445
552300
3445
3455
3510
3375
3385
487700
3385
3390
3395
3290
3330
421000
3330
3305
3355
3285
3335
393400
3335
3330
3355
3270
3285
317300
3285
3305
3380
3295
3365
493400
3365
3405
3440
3385
3410
358100
3410
3480
3515
3420
3495
540500
3495
3450
3450
3350
3435
419600
3435
3430
3440
3390
3425
320000
3425
3480
3505
3450
3475
322000
3475
3445
3480
3395
3435
438500
3435
3450
3455
3425
3435
363800
3435
3455
3510
3450
3470
575300
3470
3470
3475
3410
3450
495400
3450
3390
3405
3335
3345
538200
3345
3380
3425
3380
3420
361200
3420
3455
3500
3435
3460
498800
3460
3490
3490
3410
3445
569100
3445
3440
3455
3400
3420
593700
3420
3415
3455
3400
3410
990600
3410
3400
3415
3360
3370
625900
3370
3350
3400
3330
3375
460400
3375
3325
3370
3275
3310
674700
3310
3285
3335
3260
3265
579800
3265
3250
3250
3175
3180
610400
3180
3170
3240
3165
3205
546100
3205
3210
3325
3210
3260
828600
3260
3280
3355
3265
3305
551600
3305
3600
3780
3570
3720
2384900
3720
3655
3695
3590
3595
877000
3595
3615
3645
3515
3625
576800
3625
3635
3685
3610
3660
496200
3660
3585
3595
3525
3585
494400
3585
3635
3660
3610
3640
373000
3640
3670
3685
3610
3615
305100
3615
3600
3620
3545
3560
430600
3560
3535
3640
3535
3640
362400
3640
3710
3725
3640
3655
448500
3655
3695
3705
3645
3690
454800
3690
3715
3735
3670
3710
350800
3710
3755
3790
3710
3725
277600
3725
3745
3770
3715
3760
257700
3760
3800
3840
3800
3835
372900
3835
3790
3840
3765
3800
400500
3800
3805
3805
3695
3700
268400
3700
3725
3745
3690
3705
255400
3705
3725
3740
3675
3710
326100
3710
3680
3755
3660
3685
394900
3685
3635
3680
3605
3630
373400
3630
3600
3675
3585
3640
381300
3640
3675
3745
3650
3730
402600
3730
3750
3770
3680
3695
428400
3695
3705
3785
3680
3720
324100
3720
3765
3860
3755
3850
636100
3850
3850
3890
3800
3860
328600
3860
3960
3975
3900
3900
389000
3900
3965
4000
3870
3895
770700
3895
3925
3925
3840
3900
525600
3900
3920
3920
3850
3885
406700
3885
3885
3980
3870
3975
342900
3975
3925
3955
3855
3860
343100
3860
3880
3940
3855
3920
494500
3920
3890
3935
3855
3925
411300
3925
3955
4040
3945
3960
444600
3960
3955
3960
3895
3900
225800
3900
3970
4000
3915
3945
276000
3945
3880
3890
3845
3855
357000
3855
3800
3805
3675
3680
603000
3680
3725
3735
3635
3690
401000
3690
3490
3500
3410
3470
820000
3470
3415
3545
3400
3540
583000
3540
3475
3500
3455
3465
382900
3465
3425
3520
3425
3515
355300
3515
3560
3605
3550
3580
345600
3580
3565
3565
3485
3500
301600
3500
3390
3440
3355
3425
637700
3425
3360
3405
3310
3385
591300
3385
3320
3340
3215
3225
742000
3225
3235
3315
3190
3250
1022200
3250
3180
3225
3145
3155
562800
3155
3170
3200
3060
3100
657500
3100
3170
3185
3110
3115
292600
3115
3105
3210
3095
3195
428700
3195
3200
3305
3185
3300
480300
3300
3290
3310
3180
3210
695800
3210
3245
3345
3235
3325
502700
3325
3270
3325
3250
3285
574200
3285
3290
3310
3265
3290
263500
3290
3295
3415
3270
3315
557700
3315
3405
3440
3390
3400
461100
3400
3395
3395
3305
3330
450700
3330
3295
3390
3290
3345
315100
3345
3195
3260
3115
3255
516200
3255
3045
3105
2978
2980
1949400
2980
2965
3075
2958
3010
1069400
3010
3025
3070
2977
2979
676400
2979
2979
3040
2979
3010
458800
3010
2950
2950
2855
2861
1018000
2861
2752
2817
2703
2813
1285400
2813
2823
2860
2788
2838
568500
2838
2788
2797
2737
2782
1008000
2782
2828
2842
2782
2830
606800
2830
2830
2906
2830
2898
459600
2898
2878
2917
2878
2906
520800
2906
2935
2957
2907
2944
606500
2944
3010
3055
2996
3035
726900
3035
3050
3065
2943
2959
638300
2959
2885
2931
2860
2922
599000
2922
2903
2904
2808
2838
688900
2838
2860
2890
2818
2847
504000
2847
2776
2810
2744
2797
598100
2797
2770
2780
2725
2758
484500
2758
2756
2821
2733
2782
775300
2782
2811
2863
2797
2852
552300
2852
2813
2817
2716
2742
935600
2742
2701
2748
2675
2687
691200
2687
2623
2675
2581
2611
900700
2611
2593
2625
2531
2613
663300
2613
2577
2594
2463
2476
651200
2476
2443
2469
2396
2434
916500
2434
2340
2372
2308
2317
484400
2317
2331
2369
2293
2341
405500
2341
2423
2449
2365
2438
771800
2438
2423
2489
2418
2471
442700
2471
