849
885
848
878
4280000
878
874
881
860
868
2439900
868
870
894
869
881
1676100
881
868
876
842
845
3697800
845
845
888
845
876
3697700
876
881
918
880
912
4961100
912
918
928
907
912
2275200
912
918
919
904
905
1233100
905
900
905
876
898
2336100
898
911
913
887
891
1611900
891
890
895
867
875
2657000
875
876
881
863
874
1436500
874
889
909
880
908
2199100
908
895
939
893
938
2940500
938
947
955
932
946
3771300
946
988
1085
988
1081
13291000
1081
1051
1110
1047
1063
9295000
1063
1055
1062
1016
1033
4169100
1033
1033
1069
1007
1036
4182800
1036
1060
1074
1041
1070
2838800
1070
1061
1083
1049
1070
2182400
1070
1025
1052
1014
1023
4399600
1023
958
969
928
959
5276100
959
976
990
941
954
3606700
954
957
990
956
978
3254200
978
922
1036
922
995
7848600
995
1040
1097
1033
1053
5793900
1053
1032
1053
999
1013
3080300
1013
1028
1047
1015
1024
2915500
1024
1024
1044
1020
1038
1860200
1038
1054
1058
1035
1050
2516500
1050
1055
1090
1051
1076
3593200
1076
1072
1078
1040
1065
2640300
1065
1048
1071
1046
1062
1948900
1062
1069
1073
1054
1060
1767600
1060
1070
1077
1023
1028
2718700
1028
1045
1109
1044
1096
5128300
1096
1081
1081
1057
1058
2544600
1058
1049
1049
1026
1039
3015900
1039
1013
1017
994
1003
3257400
1003
991
994
974
979
2247400
979
1009
1044
1001
1032
3333400
1032
1022
1034
1011
1030
2124800
1030
1044
1052
1033
1039
1867200
1039
1030
1042
1018
1032
3374000
1032
1053
1073
1046
1055
2563000
1055
1056
1059
1037
1047
1702900
1047
1030
1035
1013
1023
1848600
1023
1019
1022
1001
1006
1622900
1006
1018
1027
1000
1003
1958200
1003
1003
1022
996
1005
1676100
1005
990
1002
984
992
1662500
992
1019
1041
1011
1028
2590800
1028
996
997
965
970
2974200
970
955
981
938
978
2221200
978
985
989
964
986
2529100
986
957
984
954
983
2148300
983
986
1000
970
978
1799000
978
994
1009
994
1004
1599900
1004
1007
1021
1002
1002
939900
1002
980
990
966
984
1397700
984
999
999
978
980
954500
980
989
993
958
963
1639700
963
969
996
968
982
2377800
982
980
994
968
987
1647300
987
993
993
966
984
1650000
984
997
1017
995
1011
1472000
1011
1000
1028
996
1021
1711200
1021
1024
1040
1016
1022
2116200
1022
1034
1054
1027
1032
1777800
1032
1034
1093
1034
1087
3602400
1087
1100
1139
1096
1123
5270700
1123
1115
1150
1109
1130
2684700
1130
1121
1130
1100
1102
2376100
1102
1115
1116
1085
1098
2342400
1098
1110
1116
1095
1114
1339400
1114
1100
1141
1100
1121
2019200
1121
1125
1128
1108
1116
1701800
1116
1120
1142
1118
1127
2485600
1127
1113
1141
1111
1138
1974600
1138
1138
1141
1116
1129
1343100
1129
1134
1150
1120
1129
977200
1129
1120
1123
1102
1106
1498000
1106
1106
1110
1076
1089
1681400
1089
1092
1093
1031
1056
3357100
1056
1062
1136
1056
1120
3270700
1120
1086
1091
1039
1054
3687900
1054
1048
1054
1018
1024
2429900
1024
1022
1033
1002
1025
1906700
1025
1021
1032
1015
1031
1393900
1031
1050
1083
1041
1077
3107900
1077
1085
1104
1077
1091
1927800
1091
1099
1108
1070
1074
1433200
1074
1068
1069
1035
1038
1718500
1038
1032
1032
1011
1015
1620100
1015
1030
1030
988
988
1789400
988
992
994
944
947
2619900
947
961
975
950
953
2014700
953
943
949
924
940
1895000
940
953
956
931
946
1874700
946
933
970
930
957
2427500
957
963
969
937
952
1585600
952
956
962
917
928
2054300
928
939
951
922
948
2111200
948
946
949
927
942
1977400
942
932
940
915
920
2091500
920
914
919
896
916
1605700
916
915
916
892
899
2472700
899
899
911
898
909
1184600
909
897
906
892
894
1018300
894
915
922
907
915
2149800
915
912
914
885
892
1153700
892
880
911
879
881
2247100
881
879
890
859
888
1826100
888
888
902
874
895
1264200
895
882
912
880
908
1626200
908
917
959
914
945
3273700
945
935
964
916
954
1665100
954
965
965
928
949
1319000
949
947
978
933
974
1447800
974
970
973
947
963
1819300
963
976
1002
948
949
1839500
949
955
955
910
931
1413000
931
916
942
916
922
1476100
922
912
920
886
899
1513300
899
893
894
869
884
2546700
884
893
917
886
891
1086000
891
901
937
900
928
1741300
928
918
929
907
925
1093300
925
917
918
889
891
1532200
891
899
914
893
907
1226300
907
893
908
883
900
1146000
900
915
916
902
904
646300
904
900
907
884
886
1201500
886
880
882
858
862
2138900
862
857
868
850
853
1645900
853
853
862
838
850
2899900
850
865
889
864
889
1748700
889
897
912
886
894
1279500
894
901
913
894
899
1117000
899
892
906
882
884
890800
884
881
897
878
892
1567500
892
888
897
823
824
4087900
824
820
839
818
835
2571700
835
841
847
832
837
1154200
837
839
845
834
840
1022600
840
845
859
843
858
1337200
858
859
904
821
846
6225900
846
817
818
761
779
5102500
779
780
825
779
803
3157900
803
795
797
753
767
2468200
767
782
790
767
786
2570200
786
799
803
776
782
1464100
782
763
794
760
786
1748200
786
800
813
796
810
1487600
810
811
824
799
812
1158700
812
815
833
806
821
1477400
821
834
849
829
842
1895000
842
835
838
819
821
1973700
821
788
788
757
771
4425100
771
768
787
768
782
1239600
782
809
822
791
795
2148200
795
787
800
785
796
1205300
796
810
824
806
816
1869000
816
806
822
802
815
1163000
815
816
828
802
806
1138900
806
806
807
791
792
950900
792
786
799
780
792
1321100
792
783
787
776
777
1244100
777
773
787
767
773
1372700
773
765
809
764
800
1949400
800
806
809
791
794
1436900
794
800
805
787
800
1190900
800
815
847
815
836
2284500
836
839
844
819
823
2077100
823
817
852
814
849
1490300
849
870
877
844
849
2107900
849
845
866
845
859
1885500
859
874
890
856
887
2313500
887
872
898
866
893
2301700
893
898
917
882
903
2009400
903
897
916
891
905
2241300
905
925
943
913
925
3614600
925
905
915
888
898
4685100
898
905
924
902
911
2557000
911
921
935
901
905
2219400
905
907
935
907
913
2757700
913
901
903
860
867
3966400
867
859
866
852
854
1569500
854
869
874
850
855
1248200
855
818
839
808
817
2407600
817
802
813
791
812
2739300
812
797
816
789
810
1826900
810
822
840
821
831
2206800
831
835
850
831
836
1650800
836
821
827
806
810
1782200
810
788
804
777
797
2539600
797
799
799
783
789
2281600
789
782
784
768
768
1906000
768
764
768
752
761
2140100
761
731
739
715
717
2621600
717
720
726
700
710
4082600
710
710
729
709
712
2231200
712
700
723
695
712
3462300
712
647
653
562
562
12619600
562
462
462
462
462
4096100
462
449
450
382
382
28601200
382
390
410
382
389
33341200
389
395
428
373
418
33844500
418
417
425
404
416
13147600
416
422
439
413
420
12509900
420
424
442
354
356
52782400
356
358
363
333
339
21948500
339
335
343
320
341
16647400
341
338
339
316
324
10784400
324
323
343
323
339
10191700
339
335
338
317
320
7643000
320
319
330
312
313
7333700
313
311
323
311
319
6003900
319
317
318
306
309
6015300
309
309
319
307
309
3777600
309
312
321
307
318
5666600
318
322
332
322
325
5340400
325
322
325
317
318
3383700
318
321
322
316
316
2063100
316
319
322
318
322
2425200
322
321
327
318
318
3560900
318
318
334
318
319
5729900
319
318
321
315
317
3748600
317
317
330
317
321
6401100
321
320
322
312
315
4120900
315
316
325
315
318
3764500
318
316
320
314
316
4732700
316
315
318
312
313
3369300
313
315
337
313
334
7657400
334
336
342
327
331
5110500
331
327
330
312
312
3920700
312
315
316
296
302
6019100
302
299
308
294
298
3316100
298
295
298
279
282
4266400
282
275
279
258
268
8261600
268
251
277
250
273
6691300
273
280
289
272
277
3785400
277
286
312
285
305
5917500
305
306
317
303
310
3541400
310
