13550
13995
13550
13995
1066600
13995
14000
14100
13895
14085
812600
14085
14230
14275
13955
14075
856400
14075
13995
14000
13890
13950
657800
13950
13875
13885
13735
13815
635400
13815
13740
13795
13610
13660
1144700
13660
13685
13750
13600
13605
553800
13605
13690
13805
13610
13790
478000
13790
13775
13800
13665
13775
646700
13775
13930
13935
13705
13730
939500
13730
13760
13895
13735
13895
640600
13895
13880
13890
13795
13890
450600
13890
13980
14210
13965
14200
716300
14200
14140
14240
13990
14010
766200
14010
13885
13980
13725
13730
841200
13730
13735
13745
13340
13350
1081500
13350
13330
13465
13220
13335
887700
13335
13360
13440
13245
13290
871300
13290
13225
13330
13090
13095
907100
13095
13200
13320
13135
13305
562700
13305
13300
13325
13165
13270
665800
13270
12980
13055
12830
12845
937100
12845
12245
12350
11840
12150
2075500
12150
12450
12660
12200
12220
1837900
12220
12250
12610
12215
12585
1289300
12585
12030
12165
11985
12115
1763100
12115
12355
12535
12155
12170
1274900
12170
12295
12375
12115
12300
1224300
12300
12510
12540
12145
12460
1336300
12460
12565
12935
12505
12815
1185800
12815
12885
12930
12795
12870
841400
12870
12825
12895
12630
12690
978100
12690
12720
12875
12650
12775
847600
12775
12750
12775
12570
12645
672700
12645
12645
12730
12615
12655
505200
12655
12900
12910
12655
12690
883000
12690
12990
13010
12805
12860
1053700
12860
12840
12910
12650
12650
1144100
12650
12505
12525
12100
12130
1280700
12130
11895
11910
11735
11775
1403500
11775
11690
11850
11655
11820
793900
11820
12050
12160
12040
12080
745000
12080
11970
11995
11805
11830
1152200
11830
11900
11910
11645
11690
1189500
11690
11855
12210
11815
11885
1691500
11885
12175
12225
11915
12025
705900
12025
12050
12130
11975
12125
489500
12125
11950
12055
11930
12050
616600
12050
12035
12235
11975
12190
733200
12190
12230
12230
12005
12030
655900
12030
11870
11995
11750
11820
656700
11820
11670
11750
11630
11740
729700
11740
11765
11990
11765
11990
896500
11990
11690
11745
11220
11255
1639700
11255
11200
11505
11170
11500
1042400
11500
11640
11865
11500
11855
1204100
11855
11500
11535
11250
11400
1447200
11400
11585
11655
11505
11645
898800
11645
11780
11790
11570
11735
718900
11735
11765
11910
11720
11730
548700
11730
11675
11790
11655
11740
917400
11740
11770
11775
11595
11685
730000
11685
11915
12080
11810
12040
810100
12040
12080
12115
11790
11830
1022100
11830
11870
11970
11755
11950
682600
11950
11960
12145
11890
12090
736800
12090
12135
12340
12070
12185
848200
12185
12160
12365
12130
12285
919900
12285
12370
12570
12345
12550
986400
12550
12505
12580
12440
12535
538600
12535
12515
12530
12435
12460
549700
12460
12445
12700
12415
12685
563400
12685
12755
12885
12750
12825
696200
12825
12765
12890
12680
12855
783100
12855
12785
12800
12670
12690
567500
12690
12875
13010
12795
12995
873000
12995
12695
12730
12525
12615
1043600
12615
12665
12710
12600
12650
667100
12650
12660
12840
12645
12805
1040300
12805
12900
12930
12800
12860
660100
12860
12945
12945
12705
12785
583500
12785
12860
12990
12770
12955
554900
12955
12895
13025
12835
12895
693700
12895
12900
12935
12815
12850
521900
12850
12875
13160
12825
13120
840600
13120
13215
13480
13165
13470
950500
13470
13385
13480
13345
13375
659300
13375
13255
13330
13130
13250
679700
13250
13200
13245
13140
13145
627000
13145
13180
13235
13095
13190
557300
13190
13130
13170
13020
13070
787300
13070
13170
13315
13140
13250
610200
13250
13215
13260
13170
13240
379800
13240
13110
13180
12960
12965
718400
12965
13000
13000
12635
12710
793300
12710
12725
12785
12610
12640
622000
12640
12570
12680
12560
12645
496500
12645
12645
12740
12550
12675
527500
12675
12500
12585
12395
12415
770800
12415
12585
12600
12440
12580
901000
12580
12610
12805
12605
12720
984400
12720
12815
13075
12815
13050
730100
13050
13240
13330
13180
13240
996500
13240
13120
13200
12925
13040
882700
13040
13190
13380
13175
13350
982500
13350
13360
13390
13150
13325
1367900
13325
13310
13390
13240
13335
358800
13335
13500
13570
13370
13420
623700
13420
13450
13490
13350
13465
446000
13465
13350
13355
13235
13240
624400
13240
13445
13455
13235
13295
615100
13295
13290
13375
13225
13270
467000
13270
13250
13405
13140
13160
949200
13160
13095
13155
12820
13135
1093100
13135
13240
13535
13175
13500
916700
13500
13360
13600
13355
13575
784200
13575
13735
13785
13435
13435
739300
13435
13385
13575
13320
13545
620600
13545
13560
13595
13380
13390
511500
13390
13390
13525
13290
13470
844000
13470
13340
13360
13135
13270
919500
13270
13300
13435
13050
13075
601400
13075
13050
13165
12685
12895
1074400
12895
13000
13040
12835
12855
589000
12855
12725
12755
12430
12500
1040300
12500
12500
12650
12420
12610
785200
12610
12600
12900
12475
12875
588000
12875
12935
13135
12855
13015
834000
13015
12875
12910
12675
12710
844900
12710
12700
12745
12530
12685
807900
12685
12685
12915
12595
12865
1117100
12865
12810
13100
12780
13015
806300
13015
13120
13135
12965
12965
593400
12965
13020
13270
13020
13260
692400
13260
13265
13315
13040
13250
899800
13250
13095
13110
12840
12975
798900
12975
13225
13295
13010
13295
733600
13295
13415
13525
13355
13400
624800
13400
13570
13590
13470
13510
589800
13510
13575
13575
13405
13415
553000
13415
13380
13470
13315
13350
484500
13350
13270
13425
13150
13320
722800
13320
13300
13355
13225
13255
791100
13255
13235
13335
12910
13050
656800
13050
13080
13145
12995
13040
556700
13040
13185
13250
13050
13065
444800
13065
13085
13115
12760
12975
709900
12975
13375
13595
13260
13415
1419300
13415
13475
13525
13415
13450
623200
13450
13510
13515
13110
13140
923400
13140
13030
13060
12770
12770
674400
12770
12860
13210
12850
13205
650600
13205
13335
13340
13155
13280
478500
13280
13140
13350
12945
13300
769300
13300
13370
13495
13260
13475
626400
13475
13385
13425
13310
13380
474700
13380
13325
13470
13310
13420
586900
13420
13500
13530
13405
13530
480600
13530
13570
13695
13565
13690
634600
13690
13680
13765
13625
13740
543800
13740
13800
13900
13725
13870
447000
13870
13970
14020
13865
13865
614000
13865
13825
14020
13825
13940
643700
13940
14120
14140
13980
14075
740300
14075
14075
14240
14025
14170
775400
14170
14000
14045
13775
13780
552800
13780
13910
14020
13815
13980
541100
13980
14010
14070
13880
13970
705500
13970
13855
13880
13720
13835
545100
13835
13700
13850
13675
13815
613400
13815
13800
14130
13795
14105
675200
14105
14185
14420
14145
14415
829500
14415
14520
14590
14220
14335
913700
14335
14480
14750
14455
14705
906000
14705
14910
15000
14770
14985
1551300
14985
15000
15165
14850
15125
1051600
15125
15330
15670
15245
15605
1222100
15605
15460
15515
15035
15205
1474200
15205
15235
15335
15135
15180
1577900
15180
15185
15360
15045
15340
1149300
15340
15400
15450
15335
15375
1159500
15375
15345
15350
15030
15055
937400
15055
15320
15370
15080
15125
1131600
15125
15215
15375
15200
15255
849500
15255
15395
15435
15245
15280
1069700
15280
15265
15270
14835
14890
1030500
14890
15190
15235
14935
14975
1121800
14975
14830
15040
14730
14910
1227700
14910
14705
14740
14455
14570
1128000
14570
14665
14755
14300
14590
1026000
14590
13990
14145
13785
13920
1257100
13920
13635
14205
13590
14180
1664200
14180
14000
14000
13695
13700
1191800
13700
13605
13825
13595
13795
964200
13795
13895
14170
13840
14050
942100
14050
14050
14095
13935
13990
593500
13990
13585
13700
13440
13690
1029500
13690
13510
13660
13440
13560
786900
13560
13440
13515
13170
13170
1212700
13170
13265
13320
13130
13220
945700
13220
12730
12960
12705
12805
1187900
12805
12890
13015
12550
12635
1207900
12635
12775
12785
12530
12565
715800
12565
12480
12940
12435
12830
1266200
12830
13125
13165
12940
13125
1330000
13125
13095
13265
12770
13050
1366600
13050
13225
13395
13035
13360
1680500
13360
13215
13280
13050
13130
769400
13130
13230
13300
13150
13215
813200
13215
12015
12660
11955
12465
1892600
12465
12720
13380
12665
13315
1712500
13315
13270
13290
12670
12730
1322300
12730
12690
12905
12555
12905
745100
12905
12460
12605
12275
12565
1066500
12565
12515
12530
12285
12510
938500
12510
12345
12500
12185
12200
997700
12200
12100
12180
11710
11715
1630600
11715
11500
11770
11425
11725
1391000
11725
11490
11685
11415
11510
743300
11510
11220
11590
11195
11555
865300
11555
11645
11690
11475
11590
626900
11590
11615
11985
11465
11955
1239500
11955
12170
12195
11845
11955
866600
11955
12110
12410
12075
12395
1100000
12395
12765
12890
12710
12800
1303000
12800
12790
12790
12540
12610
1087900
12610
12930
12975
12770
12840
882400
12840
12830
12900
12470
12485
1003000
12485
12360
12485
12210
12325
959100
12325
12285
12355
11960
12110
981600
12110
12330
12395
12180
12270
798000
12270
12020
12240
12000
12205
872200
12205
12225
12260
11815
11840
1208500
11840
12055
12495
12045
12475
1161000
12475
12605
12695
12465
12645
788300
12645
12645
12810
12305
12395
1720100
12395
12390
12495
12185
12470
788700
12470
12265
12480
12155
12240
806700
12240
12335
12345
12050
12250
667100
12250
12240
12350
11895
12045
1359100
12045
12100
12270
11975
12215
1472600
12215
11615
11650
11190
11190
1153800
11190
11250
11425
10900
11125
1155000
11125
11725
12020
11600
11895
1489800
11895
11805
11965
11635
11695
891400
11695
