1976
1999
1968
1990
1777300
1990
2004
2032
2002
2024
1508600
2024
2053
2065
2030
2039
1259300
2039
2046
2058
2037
2050
838200
2050
2030
2060
2023
2058
981500
2058
2060
2070
2040
2044
1379600
2044
2050
2060
2013
2021
1101000
2021
2020
2031
2012
2020
753900
2020
1999
2013
1970
2008
1414900
2008
2038
2041
1979
1985
1304400
1985
1976
2011
1966
2011
1122200
2011
2006
2040
1998
2039
1162200
2039
2050
2088
2045
2084
1295000
2084
2073
2081
2027
2033
1146900
2033
2007
2008
1967
1969
1370800
1969
1985
2000
1971
1977
1217700
1977
1987
1997
1973
1982
765900
1982
1967
1981
1940
1951
1180100
1951
1948
1975
1943
1944
1355300
1944
1961
1997
1951
1994
1461100
1994
1967
2003
1929
1985
1955800
1985
1906
1916
1887
1900
2197500
1900
1800
1802
1727
1777
2754300
1777
1817
1824
1738
1740
2838700
1740
1745
1792
1744
1779
1730000
1779
1696
1722
1682
1699
2140000
1699
1733
1734
1652
1655
1694500
1655
1647
1674
1623
1640
1846800
1640
1667
1679
1648
1655
957200
1655
1655
1691
1650
1663
1205800
1663
1671
1717
1669
1714
1242600
1714
1696
1703
1676
1692
1430400
1692
1692
1721
1692
1702
964000
1702
1668
1669
1641
1647
1960500
1647
1644
1679
1639
1675
1030600
1675
1702
1707
1675
1683
777300
1683
1720
1735
1709
1722
1239600
1722
1706
1713
1664
1664
1808400
1664
1654
1665
1638
1645
1549500
1645
1592
1599
1568
1576
1799500
1576
1560
1569
1539
1549
1237200
1549
1585
1598
1567
1572
1479400
1572
1560
1563
1533
1545
1568100
1545
1584
1591
1570
1578
1780400
1578
1579
1612
1572
1582
2712800
1582
1630
1649
1623
1637
1419000
1637
1618
1650
1608
1649
1191400
1649
1612
1630
1606
1621
1299500
1621
1587
1587
1549
1573
1847400
1573
1588
1588
1555
1559
1534000
1559
1551
1569
1540
1550
1111900
1550
1537
1571
1531
1570
1166000
1570
1565
1568
1543
1567
1480000
1567
1498
1513
1486
1492
2379400
1492
1478
1511
1469
1511
1548500
1511
1540
1571
1525
1564
1305600
1564
1520
1530
1505
1530
1358200
1530
1569
1582
1523
1538
1288200
1538
1568
1580
1554
1576
1006700
1576
1564
1582
1562
1566
744800
1566
1537
1546
1518
1540
1163200
1540
1546
1554
1537
1546
1130100
1546
1567
1576
1551
1566
1198000
1566
1567
1582
1564
1564
1608400
1564
1558
1577
1547
1554
1242600
1554
1540
1608
1533
1600
1397800
1600
1627
1631
1603
1617
1572900
1617
1599
1599
1565
1571
1245400
1571
1586
1629
1581
1621
1326900
1621
1617
1636
1607
1623
989200
1623
1617
1618
1593
1601
1011200
1601
1611
1627
1606
1621
992800
1621
1634
1665
1628
1653
1107200
1653
1650
1650
1616
1640
1077200
1640
1653
1659
1643
1650
717400
1650
1679
1689
1671
1683
1074300
1683
1660
1664
1634
1664
1087500
1664
1678
1678
1661
1678
1337300
1678
1680
1808
1628
1775
3884200
1775
1749
1751
1714
1736
1789400
1736
1764
1765
1718
1722
1416400
1722
1710
1713
1670
1684
1429400
1684
1681
1695
1665
1670
1012300
1670
1674
1712
1662
1706
1924500
1706
1718
1735
1713
1731
1652700
1731
1739
1745
1710
1731
1087100
1731
1727
1731
1713
1730
573500
1730
1731
1756
1730
1749
1265200
1749
1744
1779
1742
1771
1410400
1771
1794
1805
1781
1797
1131300
1797
1810
1820
1788
1795
1227000
1795
1800
1806
1784
1798
621800
1798
1802
1814
1782
1795
701000
1795
1780
1789
1745
1751
1307000
1751
1729
1729
1671
1680
1528300
1680
1676
1678
1645
1645
1359700
1645
1644
1659
1628
1633
1252400
1633
1622
1624
1593
1604
912200
1604
1571
1591
1564
1588
1626100
1588
1599
1605
1565
1587
2374300
1587
1582
1610
1573
1596
1231200
1596
1619
1650
1609
1645
906000
1645
1653
1655
1614
1625
1054500
1625
1640
1659
1634
1649
1545400
1649
1667
1677
1655
1655
990000
1655
1662
1679
1650
1650
1589500
1650
1644
1644
1609
1613
1009400
1613
1630
1630
1597
1599
928400
1599
1596
1605
1590
1601
658600
1601
1582
1591
1575
1587
994000
1587
1591
1593
1570
1577
1065300
1577
1567
1571
1529
1541
955000
1541
1531
1560
1518
1522
1565600
1522
1527
1543
1484
1539
1528600
1539
1540
1558
1519
1532
1136800
1532
1503
1507
1486
1501
1112000
1501
1511
1533
1507
1509
1008500
1509
1490
1539
1483
1531
1018300
1531
1533
1538
1500
1505
868000
1505
1500
1509
1488
1497
951600
1497
1491
1515
1471
1508
1171600
1508
1495
1529
1480
1484
1290500
1484
1484
1491
1453
1475
1239000
1475
1454
1471
1450
1465
892000
1465
1465
1476
1455
1464
975900
1464
1483
1507
1477
1492
1298600
1492
1507
1520
1497
1514
822100
1514
1534
1576
1533
1564
1383400
1564
1542
1542
1465
1468
2303300
1468
1465
1477
1440
1470
1815200
1470
1479
1515
1476
1487
1381400
1487
1490
1525
1473
1510
1129600
1510
1530
1540
1518
1518
675000
1518
1534
1559
1534
1546
1174700
1546
1546
1549
1514
1529
987000
1529
1500
1526
1495
1521
674200
1521
1533
1547
1519
1541
658600
1541
1551
1575
1546
1551
1058500
1551
1569
1572
1551
1558
769700
1558
1580
1600
1567
1599
1102200
1599
1599
1616
1593
1605
917900
1605
1602
1655
1540
1612
2951300
1612
1563
1579
1532
1558
2365000
1558
1543
1557
1500
1520
1872000
1520
1509
1513
1493
1501
928400
1501
1505
1520
1490
1507
825500
1507
1505
1527
1505
1518
828900
1518
1510
1528
1506
1516
1270000
1516
1506
1520
1498
1510
627000
1510
1499
1506
1480
1486
1629900
1486
1465
1471
1431
1432
1161300
1432
1440
1454
1435
1453
909000
1453
1466
1472
1426
1433
790500
1433
1415
1438
1398
1435
1139700
1435
1444
1469
1443
1464
707200
1464
1468
1474
1457
1460
576100
1460
1455
1464
1443
1459
610200
1459
1481
1494
1474
1491
685100
1491
1497
1497
1468
1471
625200
1471
1484
1489
1470
1478
785400
1478
1493
1514
1486
1510
848900
1510
1541
1557
1537
1537
1050300
1537
1528
1566
1526
1559
845800
1559
1580
1590
1556
1566
901400
1566
1543
1572
1530
1557
803300
1557
1559
1560
1521
1529
673000
1529
1525
1532
1513
1524
680100
1524
1507
1519
1492
1507
976700
1507
1503
1511
1490
1498
1165700
1498
1490
1492
1465
1470
1207500
1470
1471
1493
1471
1490
997500
1490
1502
1508
1494
1508
861000
1508
1514
1518
1481
1493
1036400
1493
1481
1515
1477
1500
1080900
1500
1519
1552
1515
1550
1655200
1550
1542
1605
1533
1593
1647700
1593
1633
1646
1615
1631
1285800
1631
1645
1651
1628
1633
1216400
1633
1651
1688
1646
1682
1560200
1682
1695
1698
1667
1688
1225500
1688
1670
1674
1638
1644
1548800
1644
1643
1665
1634
1639
1405700
1639
1667
1673
1642
1663
1627500
1663
1724
1753
1700
1737
2739300
1737
1756
1779
1744
1765
2465400
1765
1743
1763
1727
1734
1546600
1734
1752
1763
1711
1734
1768100
1734
1709
1729
1699
1705
1778600
1705
1665
1684
1647
1676
1712600
1676
1674
1678
1615
1639
2053500
1639
1569
1604
1567
1581
2034800
1581
1560
1608
1560
1605
1887100
1605
1581
1589
1563
1569
1355400
1569
1551
1587
1548
1585
1243800
1585
1596
1610
1582
1592
1049800
1592
1575
1579
1538
1539
1649800
1539
1509
1534
1507
1530
1047100
1530
1514
1536
1500
1532
943000
1532
1509
1519
1487
1489
1439800
1489
1498
1511
1482
1496
1365600
1496
1445
1454
1433
1438
1490900
1438
1451
1458
1413
1432
1448900
1432
1442
1465
1438
1443
1235400
1443
1407
1465
1405
1456
3151400
1456
1445
1494
1370
1409
3835700
1409
1360
1361
1292
1344
3791900
1344
1350
1410
1341
1396
2946100
1396
1375
1402
1360
1363
2189300
1363
1372
1389
1364
1384
1270200
1384
1386
1409
1362
1367
1446700
1367
1393
1405
1365
1370
1295000
1370
1370
1390
1361
1374
1580400
1374
1370
1379
1358
1374
1263400
1374
1345
1352
1314
1323
1865000
1323
1319
1365
1313
1362
1829500
1362
1363
1375
1336
1353
1163100
1353
1350
1370
1328
1347
1613500
1347
1340
1368
1338
1361
1274900
1361
1352
1375
1342
1371
1101300
1371
1341
1384
1341
1380
1105300
1380
1395
1404
1373
1377
1053000
1377
1380
1410
1374
1409
1381300
1409
1436
1442
1405
1428
1214900
1428
1422
1441
1415
1436
1125800
1436
1455
1462
1431
1447
923900
1447
1454
1461
1443
1444
2961300
1444
1457
1471
1442
1449
1299000
1449
1439
1448
1413
1414
967800
1414
1376
1390
1361
1381
1176500
1381
1379
1387
1359
1372
1316800
1372
1367
1385
1359
1364
927100
1364
1366
1372
1339
1354
1378300
1354
1351
1352
1304
1309
1337100
1309
1335
1361
1329
1349
1384600
1349
1363
1381
1355
1372
1033600
1372
1355
1364
1318
1324
1848800
1324
1317
1338
1304
1306
1138000
1306
1284
1318
1284
1303
1412600
1303
1301
1323
1291
1294
1364700
1294
1273
1293
1251
1256
1449300
1256
1250
1259
1218
1223
2298100
1223
1164
1175
1141
1144
1585000
1144
1151
1174
1126
1152
1394600
1152
1200
1211
1189
1202
1590800
1202
1187
1240
1184
1226
1252900
1226
