2425
2485
2424
2485
4188700
2485
2525
2533
2500
2523
2794800
2523
2550
2574
2536
2539
2761200
2539
2526
2541
2504
2510
2396400
2510
2489
2493
2461
2484
2533600
2484
2486
2527
2476
2520
2872900
2520
2510
2531
2491
2505
2235400
2505
2506
2554
2499
2550
2606900
2550
2526
2569
2515
2553
2092200
2553
2595
2632
2558
2571
3923900
2571
2580
2602
2556
2602
1926900
2602
2620
2620
2569
2599
1910100
2599
2615
2619
2589
2613
2114300
2613
2600
2609
2547
2556
2256900
2556
2497
2531
2447
2477
3882200
2477
2497
2520
2483
2485
2399800
2485
2505
2545
2499
2537
2129200
2537
2547
2548
2471
2481
2313800
2481
2445
2510
2440
2467
2743600
2467
2489
2539
2472
2534
2509400
2534
2527
2529
2466
2502
2382700
2502
2417
2431
2396
2414
3365800
2414
2250
2307
2179
2261
5364500
2261
2390
2391
2285
2290
5579500
2290
2336
2414
2331
2390
6897100
2390
2271
2299
2230
2297
5264100
2297
2360
2411
2356
2365
5569900
2365
2363
2387
2318
2364
3817200
2364
2402
2491
2402
2460
5471300
2460
2478
2479
2426
2434
3103600
2434
2427
2457
2402
2454
2515400
2454
2448
2454
2404
2428
2481000
2428
2446
2484
2424
2439
2883000
2439
2410
2410
2339
2354
3419600
2354
2360
2405
2346
2399
2325600
2399
2425
2432
2378
2403
1946500
2403
2453
2493
2451
2467
3072600
2467
2452
2484
2444
2460
2876900
2460
2500
2530
2408
2462
4761100
2462
2385
2389
2346
2360
4231600
2360
2339
2347
2270
2288
3031200
2288
2377
2411
2354
2385
2984800
2385
2349
2373
2327
2333
2707200
2333
2373
2374
2326
2335
2408100
2335
2375
2425
2354
2383
4406200
2383
2438
2456
2392
2418
2283300
2418
2418
2430
2382
2430
2316900
2430
2395
2411
2378
2394
2237800
2394
2372
2392
2360
2379
2374900
2379
2400
2418
2375
2376
2971500
2376
2366
2394
2356
2377
1908300
2377
2340
2380
2331
2377
2184700
2377
2351
2388
2347
2364
2336900
2364
2264
2286
2233
2240
4251100
2240
2197
2227
2167
2226
2939500
2226
2263
2290
2256
2280
3048200
2280
2230
2256
2213
2238
2111800
2238
2282
2296
2224
2243
2520400
2243
2273
2282
2261
2272
1871300
2272
2281
2307
2277
2277
1283000
2277
2235
2238
2215
2234
2010100
2234
2231
2231
2162
2167
3132000
2167
2180
2207
2167
2184
2879800
2184
2174
2192
2158
2167
2142000
2167
2142
2179
2118
2173
2821800
2173
2137
2190
2115
2181
2606300
2181
2228
2259
2213
2228
2861500
2228
2219
2220
2186
2199
1851700
2199
2223
2279
2222
2266
2819500
2266
2300
2309
2245
2255
2513700
2255
2244
2285
2218
2227
2416600
2227
2225
2240
2200
2230
2468700
2230
2244
2254
2190
2197
2448200
2197
2180
2204
2149
2202
2439600
2202
2198
2206
2185
2198
1849200
2198
2212
2238
2195
2235
1736600
2235
2204
2204
2172
2194
1675200
2194
2167
2213
2167
2204
1675600
2204
2203
2208
2166
2197
1815700
2197
2176
2201
2149
2198
2061700
2198
2218
2221
2185
2189
2048500
2189
2189
2199
2149
2161
3269400
2161
2180
2240
2176
2237
3417400
2237
2142
2160
2085
2108
7120700
2108
2145
2197
2131
2152
4136200
2152
2182
2264
2176
2256
3966600
2256
2255
2263
2237
2257
2396600
2257
2263
2287
2222
2230
2148800
2230
2204
2242
2202
2220
2378500
2220
2230
2242
2210
2210
1819000
2210
2228
2250
2218
2248
1757100
2248
2278
2299
2258
2270
2065300
2270
2287
2312
2273
2296
2226100
2296
2290
2291
2234
2248
2715200
2248
2225
2229
2172
2187
2649000
2187
2168
2198
2143
2167
2668600
2167
2150
2155
2126
2144
2374500
2144
2094
2099
2004
2036
7100900
2036
1999
2057
1998
2050
5051100
2050
2058
2079
2039
2068
3808300
2068
2068
2071
2043
2051
2527500
2051
2100
2104
2046
2057
2654800
2057
2061
2074
2051
2061
2111200
2061
2053
2088
2048
2063
2492200
2063
2082
2091
2056
2056
2611400
2056
2066
2077
2023
2028
3422300
2028
2008
2032
1991
2008
2831400
2008
2026
2033
1981
2009
2552600
2009
2006
2014
1977
1993
2754900
1993
1970
1996
1965
1965
1954400
1965
1950
1969
1943
1955
4368400
1955
1960
1963
1908
1922
2414500
1922
1858
1898
1835
1839
4975800
1839
1858
1889
1828
1886
4264300
1886
1877
1915
1874
1897
2546000
1897
1869
1881
1860
1875
2256600
1875
1908
1908
1872
1875
2602200
1875
1869
1904
1844
1892
2491500
1892
1897
1904
1851
1860
2527400
1860
1853
1898
1850
1894
2965100
1894
1888
1888
1841
1874
2203500
1874
1876
1915
1842
1845
2393800
1845
1937
1955
1875
1894
4069800
1894
1889
1892
1816
1839
3151700
1839
1830
1848
1797
1806
2519900
1806
1810
1840
1809
1832
1889800
1832
1829
1878
1822
1870
1909900
1870
1891
1930
1887
1908
3089600
1908
1879
1883
1823
1848
2924200
1848
1869
1872
1837
1846
2343800
1846
1870
1928
1861
1909
3394600
1909
1909
1924
1878
1894
2648500
1894
1918
1994
1917
1936
4515300
1936
1955
2017
1952
2006
3932300
2006
2000
2006
1945
1983
4954600
1983
1943
1953
1920
1951
2380000
1951
1957
1998
1953
1979
2461800
1979
1979
2001
1974
1989
2176700
1989
2002
2010
1966
1976
1665000
1976
1985
1995
1966
1995
1608900
1995
1993
2050
1990
2010
2854400
2010
1982
2011
1974
1995
2185400
1995
2028
2051
2019
2041
3000500
2041
2035
2044
2012
2036
3143100
2036
2054
2098
2051
2074
5253800
2074
2157
2182
2055
2071
6004500
2071
2055
2065
2022
2045
3444800
2045
2048
2090
2045
2061
2914400
2061
2036
2056
2029
2041
2133000
2041
2041
2041
1991
1999
2623000
1999
1970
1979
1907
1918
3725100
1918
1935
1975
1928
1971
2911200
1971
1978
1985
1896
1909
3880500
1909
1899
1907
1860
1893
3444600
1893
1901
1934
1897
1919
1895700
1919
1919
1940
1915
1929
1293200
1929
1909
1929
1899
1913
2099400
1913
1915
1956
1894
1946
2033900
1946
1950
1956
1913
1923
2382700
1923
1918
1931
1902
1926
1647000
1926
1924
1971
1918
1971
1804400
1971
2025
2050
2010
2010
3246300
2010
2008
2053
2005
2041
2515700
2041
2080
2093
2062
2076
3180200
2076
2049
2102
2035
2086
2273800
2086
2086
2092
2045
2056
1253300
2056
2059
2082
2039
2062
1532000
2062
2070
2098
2064
2084
2410600
2084
2084
2090
2042
2052
2518400
2052
2020
2023
1981
2001
2818100
2001
1976
1996
1966
1969
2376100
1969
1970
1985
1959
1973
2264600
1973
1980
1984
1917
1930
3420200
1930
1915
1974
1911
1944
3376700
1944
1980
2040
1973
2031
3993800
2031
2020
2093
2012
2081
2682900
2081
2134
2160
2127
2143
2960800
2143
2168
2181
2147
2159
2876600
2159
2175
2180
2148
2164
3568700
2164
2153
2153
2094
2135
3664700
2135
2125
2183
2121
2154
3036200
2154
2127
2127
2079
2079
3309000
2079
2120
2120
2056
2060
4727800
2060
2081
2090
2049
2055
3970400
2055
2067
2086
2043
2049
3627400
2049
2035
2046
2019
2029
2007700
2029
2010
2051
1995
2033
4295700
2033
1996
2017
1979
1980
2502300
1980
1910
1928
1870
1882
4416500
1882
1862
1868
1819
1847
4235700
1847
1740
1781
1739
1765
5160500
1765
1765
1839
1760
1832
5238900
1832
1872
1874
1804
1817
3115000
1817
1890
1970
1826
1857
3495100
1857
1897
1908
1869
1877
2866600
1877
1879
1887
1858
1870
1688400
1870
1822
1833
1802
1825
2545800
1825
1820
1850
1796
1843
1671800
1843
1811
1824
1769
1771
2513300
1771
1772
1774
1733
1738
2198300
1738
1666
1684
1636
1644
3136200
1644
1673
1688
1595
1610
2975100
1610
1621
1639
1601
1609
1850800
1609
1588
1664
1576
1651
2944700
1651
1652
1732
1647
1727
3026500
1727
1744
1767
1733
1740
2968100
1740
1734
1826
1720
1818
3754600
1818
1795
1838
1787
1798
2526800
1798
1777
1777
1740
1745
4319300
1745
1755
1759
1695
1709
4865000
1709
1829
1938
1764
1770
9081200
1770
1761
1771
1739
1759
4560500
1759
1737
1759
1725
1753
2769500
1753
1660
1715
1616
1698
5190200
1698
1704
1727
1684
1700
2792200
1700
1666
1689
1635
1646
2835700
1646
1646
1674
1612
1616
2800700
1616
1620
1660
1614
1654
1916600
1654
1614
1643
1601
1633
2906300
1633
1655
1712
1634
1698
5627600
1698
1705
1739
1683
1692
3362200
1692
1682
1726
1665
1722
2529700
1722
1760
1788
1731
1782
4110600
1782
1780
1828
1768
1824
3913600
1824
1876
1898
1842
1866
3881300
1866
1853
1869
1840
1842
4047800
1842
1882
1906
1858
1866
2815000
1866
1866
1885
1824
1825
2883700
1825
1789
1817
1772
1795
4685600
1795
1760
1763
1695
1725
4008500
1725
1735
1743
1678
1698
3542500
1698
1641
1662
1576
1601
6726900
1601
1613
1617
1535
1549
4282300
1549
1569
1620
1549
1610
3934700
1610
1637
1675
1637
1654
4121200
1654
1637
1654
1616
1633
4201700
1633
1632
1688
1632
1654
2134500
1654
1625
1664
1613
1640
4201800
1640
1640
1659
1612
1634
2829900
1634
1609
1613
1539
1553
4350500
1553
1558
1592
1525
1559
4436000
1559
1466
1510
1466
1489
2784600
1489
1504
1523
1461
1487
2214700
1487
1577
1601
1559
1581
3212400
1581
1578
1614
1574
1590
1975400
1590
