567
570
564
570
2326000
2850
574
581
573
579
3339000
2895
580
586
579
584
2979000
2920
584
588
580
581
2817000
2905
583
611
583
610
10184000
3050
606
607
572
576
12905000
2880
581
585
578
581
3215000
2905
581
588
579
586
2953000
2930
583
586
581
582
2369000
2910
591
597
585
587
5578000
2935
589
594
585
589
2155000
2945
585
591
585
589
1894000
2945
588
596
588
592
2626000
2960
589
595
589
593
2341000
2965
597
607
594
599
5859000
2995
600
605
594
596
3037000
2980
596
598
591
592
1797000
2960
592
595
589
591
2550000
2955
590
594
585
586
3344000
2930
590
597
587
596
2153000
2980
588
595
587
590
2529000
2950
580
598
580
591
5535000
2955
570
572
551
564
6419000
2820
581
587
571
571
3542000
2855
573
586
573
582
2673000
2910
560
573
560
573
3427000
2865
579
579
567
568
2682000
2840
568
570
555
562
2473000
2810
568
574
565
573
1890000
2865
574
584
573
578
1736000
2890
580
594
579
593
1916000
2965
592
594
587
591
1686000
2955
591
601
590
600
2356000
3000
596
600
595
599
2389000
2995
603
606
600
601
3068000
3005
606
609
599
599
2146000
2995
603
603
595
600
2044000
3000
597
601
596
597
1384000
2985
590
591
580
581
1791000
2905
571
573
563
567
2844000
2835
562
565
551
553
2199000
2765
564
572
564
567
2059000
2835
565
571
561
567
2049000
2835
571
572
566
572
1699000
2860
580
585
574
575
3321000
2875
585
589
582
587
1999000
2935
585
593
583
593
1485000
2965
585
591
585
589
1121000
2945
589
590
576
586
1552000
2930
586
586
578
579
1361000
2895
575
579
570
571
1735000
2855
567
576
566
576
1081000
2880
575
580
571
576
1645000
2880
561
567
554
556
2807000
2780
556
559
547
558
2088000
2790
568
579
567
579
1988000
2895
564
574
560
567
2320000
2835
572
574
565
571
1807000
2855
576
583
574
580
1832000
2900
576
581
570
571
1637000
2855
565
567
561
563
1860000
2815
568
573
565
568
2099000
2840
571
572
564
568
1511000
2840
571
575
569
571
1400000
2855
570
576
567
571
1362000
2855
571
576
564
574
1662000
2870
576
580
575
575
1573000
2875
572
573
566
570
1028000
2850
573
581
572
579
1401000
2895
579
581
576
579
798000
2895
579
579
574
576
873000
2880
577
587
577
584
1331000
2920
585
591
584
586
1617000
2930
586
589
584
585
1233000
2925
584
585
580
582
747000
2910
590
593
588
591
1371000
2955
588
595
586
593
1419000
2965
593
593
585
586
1523000
2930
589
590
583
590
1512000
2950
586
588
583
587
1318000
2935
590
592
585
585
1391000
2925
582
587
580
587
1005000
2935
589
596
587
589
1774000
2945
580
580
562
567
5002000
2835
565
567
559
560
2055000
2800
560
563
555
558
2652000
2790
556
563
556
563
1736000
2815
565
569
564
564
1604000
2820
567
567
560
561
1419000
2805
563
564
559
563
1601000
2815
566
568
564
566
1471000
2830
563
570
563
568
913000
2840
572
573
565
566
1069000
2830
562
562
550
553
3333000
2765
552
552
527
528
5193000
2640
529
535
524
527
3230000
2635
529
531
524
529
1341000
2645
527
528
516
518
1700000
2590
508
512
503
509
2917000
2545
512
520
504
516
3640000
2580
510
522
509
519
2576000
2595
523
529
521
525
2296000
2625
529
529
523
528
1192000
2640
527
531
525
528
1214000
2640
533
535
531
533
1646000
2665
528
529
520
521
2259000
2605
517
521
516
517
1025000
2585
522
522
515
518
1349000
2590
520
521
515
516
789000
2580
514
515
510
511
1121000
2555
512
512
504
506
1632000
2530
505
505
499
499
2201000
2495
498
499
491
492
1711000
2460
490
500
485
499
1787000
2495
498
509
498
501
1845000
2505
495
500
493
498
1521000
2490
500
500
492
493
984000
2465
483
492
477
491
2487000
2455
493
497
490
494
1353000
2470
491
498
490
495
1406000
2475
497
506
493
505
1750000
2525
505
514
499
500
1987000
2500
498
500
493
499
2104000
2495
494
499
493
497
1188000
2485
489
493
486
488
2321000
2440
491
495
489
492
1666000
2460
493
498
492
495
821000
2475
500
507
497
503
1418000
2515
493
495
490
491
1708000
2455
495
497
492
495
1300000
2475
492
501
492
498
1767000
2490
497
507
497
503
1422000
2515
508
511
506
506
960000
2530
510
517
504
505
1668000
2525
506
509
501
502
1087000
2510
500
504
499
500
954000
2500
504
508
504
507
848000
2535
508
512
507
508
972000
2540
513
515
510
513
952000
2565
517
517
512
515
997000
2575
515
526
515
525
1731000
2625
522
526
521
521
2066000
2605
520
530
519
530
1861000
2650
530
532
527
530
1410000
2650
534
534
529
533
1227000
2665
530
530
524
526
1224000
2630
524
532
521
531
867000
2655
530
535
529
533
1197000
2665
532
538
531
533
1833000
2665
510
510
492
502
5410000
2510
498
500
484
486
2088000
2430
491
505
490
504
2109000
2520
504
504
491
498
1672000
2490
493
503
489
501
1413000
2505
503
506
501
503
1253000
2515
500
503
497
499
1196000
2495
494
499
492
498
1413000
2490
500
505
498
502
887000
2510
503
504
499
503
948000
2515
505
507
502
507
899000
2535
511
521
510
518
1687000
2590
524
528
519
519
1236000
2595
521
535
521
534
2493000
2670
538
543
536
539
2116000
2695
536
555
534
548
3648000
2740
539
541
530
530
1977000
2650
533
537
525
528
2249000
2640
529
530
518
527
2093000
2635
522
525
517
522
2572000
2610
519
524
514
523
1230000
2615
528
532
525
530
1172000
2650
531
532
524
530
1260000
2650
533
534
522
524
1073000
2620
515
530
514
526
1472000
2630
530
540
528
539
2814000
2695
539
553
538
548
1955000
2740
555
559
548
557
3279000
2785
558
563
557
563
2505000
2815
565
568
564
567
2395000
2835
566
569
560
568
1665000
2840
2794
2841
2794
2834
364000
2834
2839
2856
2789
2801
397200
2801
2845
2854
2766
2797
883600
2797
2759
2770
2704
2722
742900
2722
2706
2759
2704
2747
713100
2747
2750
2757
2690
2699
392100
2699
2708
2729
2672
2686
427900
2686
2666
2693
2661
2672
289700
2672
2649
2649
2601
2604
360000
2604
2615
2624
2584
2586
373300
2586
2485
2517
2474
2488
503600
2488
2457
2478
2448
2474
442700
2474
2460
2463
2409
2441
372400
2441
2439
2445
2417
2440
404200
2440
2471
2478
2450
2467
340400
2467
2470
2484
2464
2466
451100
2466
2428
2439
2421
2430
334800
2430
2416
2443
2405
2435
236500
2435
2408
2411
2370
2371
416700
2371
2381
2400
2364
2381
338600
2381
2311
2323
2293
2307
429800
2307
2320
2320
2258
2266
443600
2266
2269
2293
2253
2256
300900
2256
2236
2287
2234
2268
497200
2268
2296
2320
2280
2320
366600
2320
2321
2366
2320
2356
382900
2356
2368
2430
2350
2423
298800
2423
2410
2434
2383
2408
285300
2408
2412
2439
2407
2421
209700
2421
2443
2465
2407
2417
316800
2417
2458
2469
2425
2427
289300
2427
2569
2643
2551
2576
1179300
2576
2555
2591
2555
2575
397000
2575
2513
2524
2482
2518
378000
2518
2518
2547
2506
2531
217000
2531
2517
2559
2517
2556
253200
2556
2553
2570
2523
2542
435000
2542
2535
2535
2501
2512
275000
2512
2452
2516
2452
2501
300900
2501
2458
2505
2448
2497
214900
2497
2513
2548
2507
2545
272700
2545
2551
2576
2536
2571
369200
2571
2612
2635
2598
2633
326100
2633
2633
2653
2614
2647
321900
2647
2667
2673
2633
2643
226100
2643
2659
2668
2623
2623
429700
2623
2660
2692
2652
2685
436200
2685
2662
2669
2610
2616
275000
2616
2567
2604
2547
2590
330700
2590
2564
2582
2541
2562
318900
2562
2562
2594
2562
2592
366200
2592
2542
2545
2509
2531
412400
2531
2513
2519
2460
2468
533900
2468
2479
2503
2443
2487
619200
2487
2500
2564
2493
2552
653500
2552
2526
2547
2513
2525
595500
2525
2519
2543
2471
2475
489300
2475
2439
2471
2429
2436
414100
2436
2424
2445
2412
2430
507300
2430
2394
2406
2346
2361
475000
2361
2347
2355
2312
2321
505300
2321
2235
2246
2150
2155
529600
2155
2180
2194
2136
2172
502800
2172
2222
2277
2203
2263
476300
2263
2222
2280
2222
2248
596000
2248
