815.8
844.9
814.1
844.9
17828000
8449
844.4
853.3
837.2
847.3
16669000
8473
848.7
849.5
835.4
838.8
10669000
8388
838.7
841.9
828.8
831.9
11763000
8319
827.1
827.2
819.5
825.4
9320000
8254
826.4
827.2
810.8
813.4
10508000
8134
825
827.7
813.5
813.7
8155000
8137
813.9
818.1
811.4
816.5
6838000
8165
810
818.9
809
816
10583000
8160
820
821.3
805.4
805.8
12069000
8058
808
810.1
800.8
805.6
10484000
8056
805.9
808.6
802.1
808.5
6500000
8085
814.5
817.5
810.5
814
10895000
8140
810
811.9
806
809.8
7676000
8098
804
807.5
801.3
802.9
10923000
8029
811.7
824.6
809.7
812.6
18429000
8126
814.5
817.9
808
816
13639000
8160
815
818
807.1
810.5
15812000
8105
809
815.6
800.4
803.9
16270000
8039
723.6
746
700
700.7
65419000
7007
700
700.5
680
681.3
36565000
6813
672
677.7
664
669.5
27011000
6695
649.5
649.6
628.4
645
35348000
6450
667.3
672.6
644.1
644.6
29887000
6446
645
655
643.6
653.4
14088000
6534
636.6
645.9
631.8
645.7
19978000
6457
655.1
657
636.3
639.2
16248000
6392
630
640
626.1
630
15466000
6300
640
654.9
639.8
650.1
12045000
6501
652.6
653.3
647.2
649.1
15719000
6491
657.9
660.5
651.9
657.8
8796000
6578
640
642
624
639.9
27179000
6399
645
646.9
636.7
642.3
18516000
6423
637.1
642.6
633.6
635.6
13777000
6356
635
648.8
635
643.9
13002000
6439
650
651
643
649.5
13973000
6495
659.5
662
651.6
657.8
13647000
6578
653
654.4
643.9
643.9
20450000
6439
643.8
648
634.3
638.3
13547000
6383
633.5
640.6
626.9
629.1
15248000
6291
624.1
636.5
619.3
621.6
13319000
6211
631.1
643.3
630.4
631.1
16763000
6311
625
626.6
616.6
617
16453000
6170
624
631.8
619.5
620.9
15698000
6209
636.1
650
634
638.1
21246000
6381
648.1
655.3
645.3
648.5
13032000
6485
653.9
655.9
646.5
650.9
12161000
6509
643.6
643.7
634.7
638.1
15244000
6381
637.9
641.5
633.8
637
7567000
6370
637.6
645.7
634.6
638.7
13833000
6387
638.6
643.9
630.8
632.6
8612000
6326
628.1
633
626.2
632.9
8693000
6329
627
635.3
621.8
631.3
16204000
6313
615.8
622.6
608.6
615.8
23593000
6158
612.8
623.7
612.8
623.5
15609000
6235
633.5
646
630.2
646
17906000
6460
630
643.8
629.3
643.1
11363000
6431
646
648.8
633.6
639
14652000
6390
646.9
655.9
646
654.8
10798000
6548
653.1
656.3
648.5
649.1
6155000
6491
640.8
646.2
635
644
9314000
6440
648
653.1
645.1
651
11466000
6510
656
656.6
647.6
652.1
13556000
6521
647
658.3
646.6
655
10334000
6550
657.8
668
655.9
661.9
8594000
6619
664.9
669.8
660.7
661.8
8575000
6618
662
665.3
656.4
656.8
10388000
6568
647
652.7
642
648
12605000
6480
652.6
666.2
652.6
662.5
10335000
6625
661.8
664.6
657.6
660.3
6126000
6603
658.1
663.3
656.1
660.5
8249000
6605
661.5
665.3
657.2
662.1
11093000
6621
665.2
671.2
663
663.2
8987000
6632
666.1
671
661.7
661.8
8000000
6618
662.9
666.6
658.7
659.5
6340000
6595
662.5
673.7
661.2
672.7
9786000
6727
663.5
668.8
661.7
665.8
10070000
6658
665.8
670.6
662.7
666.3
9557000
6663
671
674.7
663.5
665.9
12467000
6659
633
663.3
633
661.5
26732000
6615
661.5
679.2
661.5
673.7
16506000
6737
672
674.2
662.7
671.1
9572000
6711
673.1
691.4
673.1
685.6
12703000
6856
680
690.9
679.6
681.6
9261000
6816
681
683.1
674.6
679.3
7756000
6793
679.3
680.9
674
678.9
9273000
6789
678.1
679.5
674
674.5
9042000
6745
674
676
670.8
670.8
9592000
6708
670.8
674.5
666.5
672.4
7404000
6724
674.7
682.2
671.4
681
11992000
6810
685
690.6
683.7
685.1
9657000
6851
686.2
694.9
684.6
691
11756000
6910
694
698.8
693.3
696.9
11241000
6969
694.8
699.8
688
689
12459000
6890
688
692.5
684.2
687.9
11679000
6879
687
697.8
685.1
695
10992000
6950
697.5
697.9
688.4
688.8
7160000
6888
684
686.5
671
673.5
12465000
6735
657
665.4
651.6
664.5
11836000
6645
667.9
669.4
660.7
666.7
15843000
6667
660.9
675.3
660.1
673
10154000
6730
677.5
679
670.8
673.6
8067000
6736
676.6
680.7
673.2
677.9
9120000
6779
675
679.8
671.2
674.7
11711000
6747
679.7
685.8
676.9
684
11882000
6840
682
694.4
680.5
689.1
12920000
6891
688.6
691.4
680.8
682.4
7847000
6824
688
689.4
678.2
682.6
6088000
6826
683.4
688.4
680
687.5
5845000
6875
690
696.7
687.2
687.2
9801000
6872
693.5
709.5
693.1
708.3
20992000
7083
705.8
707.1
694.7
702.4
8593000
7024
692.3
695.3
675.9
676.8
16183000
6768
670.4
673.8
660.1
671.9
15359000
6719
668
674.3
667.8
670.8
6772000
6708
665
676.3
664.6
676
8066000
6760
671.3
675.4
669.1
671.8
6668000
6718
667.6
671.6
664.4
670.5
9321000
6705
671.2
671.5
666.4
669.9
7498000
6699
659.9
664.3
655.2
661.3
9530000
6613
665.7
672.5
658.4
671.8
7466000
6718
672
694.6
672
687.5
14873000
6875
707.5
713.9
699.7
707.8
19723000
7078
713
714
706.3
708.4
12013000
7084
707.5
709.7
694.9
697.4
10547000
6974
698.4
701.1
694.4
697.8
11323000
6978
701.4
732.6
701.3
732.6
21864000
7326
733
735
727.8
728.7
13817000
7287
724.4
726.9
720.9
725
9322000
7250
725
726.8
719.2
723
11975000
7230
722.1
728
720
725.7
10349000
7257
732
743
731.9
743
10719000
7430
744
755
736
737.8
9873000
7378
749.5
753
745.3
750.3
9871000
7503
745.6
748.1
735.1
741
8935000
7410
737.3
745.5
735.2
741.5
5024000
7415
739.6
741.3
735.1
740.4
5477000
7404
741.7
746.3
740.2
742.8
7991000
7428
747.2
752.7
743.4
750.8
8281000
7508
730
754.6
729.6
750.6
16406000
7506
751
757.6
750.4
756.7
7709000
7567
758
762.9
753
760.4
13323000
7604
770
773.9
752.2
763.3
10747000
7633
764.1
765.1
754.6
755.4
7888000
7554
760
761.9
754
754.9
4597000
7549
756.3
766.3
755
759.2
7043000
7592
763.1
776
763.1
775
9916000
7750
776.8
783.4
771.3
777.9
8433000
7779
775.1
779
770.1
775
4983000
7750
775.3
775.9
767.5
770.9
9212000
7709
765
765.9
747.4
748
14321000
7480
753.9
775
753.9
770.8
8810000
7708
772.5
777
766.2
772.1
6160000
7721
767.3
772.2
756.4
771.4
9690000
7714
777
781.4
772.5
775.4
6131000
7754
772.6
779.4
772.6
774.8
5112000
7748
773.9
777.7
766.8
772.9
6605000
7729
778
785
775.1
785
7715000
7850
783.7
785.3
779.5
782.8
6483000
7828
787.8
790.5
781.5
788.3
5996000
7883
798
798.3
792.8
794
5712000
7940
799
802.9
793.3
795.3
7733000
7953
800
813.9
800
810.2
9930000
8102
804.8
805
797.4
799.8
8301000
7998
803.9
813.8
801.7
813.1
11235000
8131
810.3
816
803.7
812.8
5612000
8128
811.3
812.7
800.6
804.5
7057000
8045
804
806.7
792.1
796
8634000
7960
792.8
798.7
786.3
788
8527000
7880
785.5
802.5
783.3
800.1
8715000
8001
799.2
800
791.9
794.1
6859000
7941
795.4
795.7
784.6
790.1
9648000
7901
784.8
786.2
773.8
779.6
8730000
7796
782
796.9
781.7
790.4
7648000
7904
799.6
802
785
794
9580000
7940
790.7
799.9
788
799.7
9081000
7997
812
819.9
808
814.6
8779000
8146
813.8
816.5
806.1
813.2
8381000
8132
813
813.4
801.6
803.3
10203000
8033
809.9
826.5
806
826.2
13573000
8262
8226
8260
8101
8219
1005900
8219
8224
8230
7946
7956
1284300
7956
8054
8200
8034
8096
1184800
8096
8097
8109
7990
8003
642700
8003
8119
8145
8037
8070
1384400
8070
7974
8008
7795
7825
1228800
7825
7950
7972
7762
7776
900600
7776
7646
7741
7630
7678
722300
7678
7697
7735
7570
7584
1000600
7584
7661
7667
7505
7617
867500
7617
7348
7378
7204
7300
1506400
7300
7214
7364
7212
7340
826100
7340
7351
7390
7294
7303
612900
7303
7250
7326
7206
7312
833200
7312
7511
7553
7394
7443
860800
7443
7490
7519
7383
7384
651800
7384
7272
7447
7272
7447
811500
7447
7370
7472
7307
7428
538000
7428
7454
7460
7326
7328
849800
7328
7394
7486
7339
7434
927800
7434
7284
7300
7123
7145
1348400
7145
7168
7232
6831
7003
1717600
7003
6653
6799
6567
6622
2082700
6622
6548
6750
6370
6739
2404000
6739
6771
6865
6677
6862
1536500
6862
6910
7013
6856
6866
1032000
6866
6860
6973
6811
6930
969400
6930
6830
6971
6826
6864
724400
6864
6963
7021
6898
6991
859300
6991
6950
7016
6913
6959
986800
6959
7099
7156
7011
7095
1064600
7095
7102
7138
7024
7086
610100
7086
7007
7128
6972
7086
433700
7086
6936
6940
6806
6890
1180900
6890
6900
6981
6887
6907
642900
6907
6903
6955
6877
6926
738100
6926
6993
7021
6922
6947
940800
6947
6940
7095
6940
7085
752300
7085
6914
6942
6854
6910
1108600
6910
6810
6897
6801
6853
731200
6853
6842
6926
6812
6920
414100
6920
6850
6931
6850
6898
625800
6898
6980
7023
6913
7004
696100
7004
6996
7011
6847
6903
845900
6903
6980
7031
6931
6983
807400
6983
6990
7008
6936
6987
1663300
6987
7050
7124
7022
7073
742300
7073
7085
7131
6952
6966
1077900
6966
6816
6864
6802
6835
985600
6835
6812
6834
6695
6770
1352300
6770
6860
7040
6860
6981
1509200
6981
6910
6946
6856
6930
1011000
6930
6983
7110
6925
6944
1466400
6944
7044
7185
6952
7170
1505900
7170
7228
7281
7149
7195
1118200
7195
7195
7242
7106
7106
1702100
7106
7144
7300
7125
7225
1301500
7225
7111
7129
7013
7013
1460100
7013
7117
7244
7036
7135
1410600
7135
7060
7100
6846
6890
1510500
6890
6834
6906
6732
6771
1430300
6771
6571
6660
6507
6603
962100
6603
6676
6728
6546
6652
812300
6652
6852
6915
6822
6860
1082500
6860
6816
6860
6780
6847
817500
6847
