9240
9480
9200
9470
1698100
9470
9530
9750
9490
9730
1679300
9730
9770
9900
9760
9820
1339100
9820
9760
9810
9670
9680
807100
9680
9530
9750
9510
9720
965800
9720
9760
9910
9700
9860
1536300
9860
9970
10000
9840
9880
908800
9880
9840
9920
9750
9900
686200
9900
9950
10330
9850
10290
2428300
10290
10700
10860
10380
10420
2454500
10420
10530
10570
10390
10480
1107600
10480
10450
10510
10370
10480
872800
10480
10540
10680
10540
10650
892100
10650
10570
10610
10430
10450
1037700
10450
10350
10430
10260
10360
1206400
10360
10420
10460
10190
10240
917300
10240
10300
10350
10180
10270
848800
10270
10110
10230
9970
10040
1313400
10040
9930
10220
9910
10050
1123600
10050
10390
10410
10100
10300
1356800
10300
10240
10330
10130
10210
938800
10210
9910
9930
9720
9800
1290900
9800
9350
9430
9010
9280
2686600
9280
9620
9640
9250
9260
1677100
9260
9240
9400
9180
9330
1321900
9330
9030
9170
9010
9150
1768200
9150
9350
9420
9130
9140
1279700
9140
9140
9300
8900
9060
1520100
9060
9170
9310
9100
9220
1377800
9220
9260
9340
9190
9230
796300
9230
9270
9380
9210
9300
789700
9300
9310
9310
9120
9230
940900
9230
9270
9600
9270
9410
1411500
9410
9370
9390
9250
9350
1011000
9350
9420
9690
9390
9650
1162400
9650
9760
9810
9660
9700
989500
9700
9810
10010
9810
9960
1302600
9960
9990
10050
9770
9770
1134400
9770
9790
9830
9550
9610
1136500
9610
9400
9420
9280
9340
1273500
9340
9290
9300
9090
9130
898100
9130
9550
9690
9500
9580
1336700
9580
9540
9620
9440
9480
1174800
9480
9630
9690
9550
9620
1006900
9620
9770
9920
9600
9650
1914200
9650
9950
10100
9890
9970
1030900
9970
9950
10060
9940
10050
751400
10050
10000
10170
9950
10030
1249700
10030
10190
10420
10060
10400
1628400
10400
10360
10360
10050
10060
1093600
10060
9960
10010
9720
9910
1235000
9910
9780
9890
9750
9870
760500
9870
9860
9940
9770
9880
1174100
9880
9530
9560
9330
9370
2049900
9370
9350
9350
9060
9280
1453000
9280
9480
9610
9460
9590
1238000
9590
9370
9430
9280
9380
1155700
9380
9400
9450
9230
9310
1067300
9310
9500
9640
9460
9590
1000400
9590
9650
9900
9630
9740
894300
9740
9520
9550
9390
9520
1146100
9520
9580
9600
9220
9260
1100400
9260
9340
9380
9210
9300
998200
9300
9300
9350
9160
9280
916700
9280
9200
9320
9180
9300
653800
9300
9240
9420
9140
9360
875600
9360
9490
9650
9470
9520
1133800
9520
9480
9510
9350
9400
630300
9400
9610
9850
9550
9710
1138700
9710
9760
9780
9630
9660
658300
9660
9650
9710
9540
9590
568700
9590
9740
10040
9700
9830
1211100
9830
9880
10010
9820
9820
917900
9820
9780
9780
9540
9680
1067000
9680
9680
9710
9460
9490
907100
9490
9470
9650
9430
9600
809400
9600
9480
9510
9360
9410
940600
9410
9480
9680
9480
9560
865000
9560
9580
9620
9430
9450
1052000
9450
9300
9700
9300
9570
1278700
9570
9720
9820
9600
9650
865900
9650
9710
9740
9550
9660
741300
9660
9710
9760
9590
9740
715000
9740
9740
9810
9660
9700
615900
9700
9800
9920
9770
9860
609300
9860
9940
10290
9920
10290
1785600
10290
10180
10390
10130
10360
971900
10360
10360
10460
10170
10170
963200
10170
10160
10180
10040
10100
651700
10100
10210
10300
10120
10120
651200
10120
10240
10420
10220
10410
1166900
10410
10480
10720
10450
10640
1009500
10640
10630
10740
10620
10730
901100
10730
10690
10750
10480
10520
1055100
10520
10320
10360
10060
10150
1175800
10150
10150
10260
10100
10170
648900
10170
10220
10280
10150
10210
392800
10210
10150
10180
9930
9970
787900
9970
9700
9820
9630
9780
1220600
9780
9930
9930
9730
9780
1129600
9780
9930
10090
9870
9940
1222300
9940
10170
10440
10150
10390
1247100
10390
10400
10510
10400
10470
805100
10470
10480
10590
10460
10490
726700
10490
10650
10760
10610
10710
1300100
10710
11010
11060
10840
11040
2385700
11040
10940
11110
10850
11070
843100
11070
11210
11260
10830
10910
1055700
10910
10880
10960
10830
10940
568600
10940
10940
11030
10860
10870
867900
10870
11090
11530
11070
11490
1587500
11490
11580
11680
11330
11390
981700
11390
11370
11540
11140
11160
1130200
11160
11300
11300
10920
11220
1077500
11220
11290
11650
11140
11590
1186000
11590
11410
11530
11310
11490
886100
11490
11510
11610
11400
11410
667100
11410
11250
11430
11150
11340
914200
11340
11340
11420
11260
11280
619400
11280
11240
11320
11160
11270
837700
11270
11230
11350
11140
11320
684500
11320
11320
11680
11290
11310
902700
11310
11420
11640
11400
11580
1433500
11580
11500
11500
10980
10980
1180900
10980
10920
11120
10590
10670
1186200
10670
10850
11250
10840
11220
1133400
11220
11350
11790
11250
11690
1202600
11690
11880
12000
11770
11900
1135900
11900
11710
11790
11420
11670
1023300
11670
11720
11760
11440
11610
828300
11610
11750
11900
11670
11760
954600
11760
11700
11720
11470
11560
722800
11560
11750
12010
11650
11670
829800
11670
11780
11910
11750
11810
667400
11810
11910
11910
11590
11680
950500
11680
11490
11540
11180
11400
1107600
11400
11460
11520
11360
11500
580600
11500
11620
11680
11470
11680
561300
11680
11800
11800
11400
11500
845100
11500
11580
11590
11450
11510
571900
11510
11550
11720
11430
11470
685000
11470
11660
12080
11210
11930
1852600
11930
12060
12090
11820
11940
995200
11940
11810
11940
11660
11670
751000
11670
11670
11720
11560
11640
598200
11640
11640
11710
11540
11580
405800
11580
11530
11630
11480
11580
498600
11580
11550
11880
11550
11570
828300
11570
11600
11720
11570
11580
559900
11580
11620
11630
11200
11240
1072400
11240
10980
11010
10640
10650
1413500
10650
10820
10990
10810
10970
795400
10970
10910
10940
10720
10830
622800
10830
10580
10950
10560
10900
853800
10900
11010
11150
10960
11030
597700
11030
11040
11140
10960
11060
405700
11060
10980
11290
10980
11250
747100
11250
11190
11420
11110
11410
581000
11410
11560
11590
11450
11500
545600
11500
11540
11720
11500
11700
594900
11700
11790
12050
11730
12020
757700
12020
12200
12400
12110
12150
950600
12150
12300
12420
12280
12340
851600
12340
12500
12580
12340
12340
979700
12340
12210
12530
12180
12490
897000
12490
12350
12480
12330
12360
585700
12360
12490
12510
12330
12420
605500
12420
12450
12580
12380
12510
683800
12510
12370
12460
12240
12390
632700
12390
12170
12210
11910
12060
1006200
12060
11930
12010
11810
11840
925900
11840
11980
12050
11910
12010
647900
12010
12010
12010
11460
11500
1211700
11500
11000
11360
10860
11050
1687200
11050
11310
11680
11220
11670
1808700
11670
11560
11820
11400
11800
1274900
11800
12150
12350
12010
12190
1055900
12190
12270
12360
12150
12260
1058800
12260
12480
12740
12410
12720
1482600
12720
12450
12560
12400
12470
1051400
12470
12410
12940
12410
12770
1187000
12770
12870
12940
12590
12590
1047200
12590
12870
12880
12310
12390
1398000
12390
12420
12510
12340
12430
1091800
12430
12480
12530
12190
12230
1283400
12230
12150
12330
12130
12210
806900
12210
12140
12230
11820
11890
1716300
11890
11590
11680
11290
11320
2023000
11320
11020
11430
10970
11170
1750000
11170
11290
11390
11090
11240
956200
11240
10510
10780
10220
10540
2260800
10540
10240
10710
10240
10690
1973900
10690
10590
10670
10430
10450
1130400
10450
10460
10720
10390
10720
1068200
10720
11010
11060
10620
10710
1311700
10710
10710
10840
10540
10560
752800
10560
10180
10430
10110
10360
1267800
10360
10210
10400
10090
10340
841400
10340
10260
10280
10010
10010
1099500
10010
10080
10110
9780
9850
1460300
9850
9250
9370
9220
9260
1858300
9260
9330
9510
9000
9050
1657600
9050
8980
9130
8950
9010
1104500
9010
8860
9330
8760
9190
1709800
9190
9640
9790
9440
9750
1834500
9750
11250
11250
10430
10460
3143100
10460
10230
10750
10050
10670
2368300
10670
10300
10480
10180
10210
1604700
10210
9950
10100
9850
10020
1819700
10020
10010
10420
10000
10120
1342600
10120
10310
10360
10060
10090
834800
10090
10100
10160
9940
9970
1219100
9970
9750
9820
9490
9570
1314200
9570
8850
9020
8680
8970
2613100
8970
9200
9360
9120
9240
1825200
9240
8980
9190
8910
8950
1187600
8950
8980
9110
8780
8800
1271600
8800
8720
8910
8650
8850
947800
8850
8550
8810
8530
8680
1127700
8680
8540
8910
8510
8780
1289800
8780
8970
8970
8750
8830
1108800
8830
8780
8880
8640
8840
948100
8840
8970
9010
8700
8900
995500
8900
8960
9130
8880
9110
952600
9110
9400
9430
9000
9050
1167100
9050
9090
9140
8910
8950
1136000
8950
9240
9420
9150
9330
1410600
9330
9360
9490
9110
9140
1274900
9140
8990
9060
8770
8880
1344400
8880
8750
8770
8160
8290
2496400
8290
8410
8450
8070
8190
2378800
8190
7860
7970
7750
7920
1911000
7920
7860
7880
7640
7740
1805800
7740
7840
8110
7830
7930
1698400
7930
7980
8060
7860
7950
1198000
7950
7850
7940
7660
7790
2026000
7790
7860
8090
7850
7930
1272300
7930
7720
7960
7670
7830
1014400
7830
7870
8020
7790
7890
1226800
7890
7720
7730
7230
7290
2265500
7290
7390
7600
7350
7590
2506400
7590
7140
7310
7090
7190
1678800
7190
7310
7430
7070
7260
1448500
7260
7710
7710
7470
7560
1964900
7560
7500
7780
7490
7720
1642400
7720
