3290
3350
3265
3310
3506700
3310
3350
3355
3285
3340
2424200
3340
3390
3405
3340
3340
3560900
3340
3335
3355
3315
3330
1665000
3330
3280
3285
3250
3280
2535900
3280
3260
3305
3225
3265
3282500
3265
3300
3305
3260
3280
2349300
3280
3260
3300
3230
3290
1857100
3290
3270
3310
3215
3305
2869900
3305
3345
3380
3270
3290
3653800
3290
3300
3315
3285
3310
2216300
3310
3310
3315
3245
3265
2843200
3265
3285
3335
3280
3295
3286100
3295
3280
3295
3215
3225
4365400
3225
3195
3200
3100
3150
4532900
3150
3155
3170
3120
3135
2679900
3135
3120
3170
3100
3140
3096200
3140
3050
3145
3035
3110
5296100
3110
3100
3250
3090
3140
7765000
3140
3160
3165
3065
3095
4631300
3095
3100
3175
3080
3115
3354600
3115
3000
3030
2971
3010
4553700
3010
2865
2891
2815
2880
5984100
2880
2957
2983
2830
2844
4992000
2844
2854
2900
2829
2872
3480600
2872
2766
2819
2754
2818
3500500
2818
2862
2874
2767
2769
3465300
2769
2753
2781
2679
2722
3153800
2722
2751
2794
2727
2754
3335300
2754
2766
2803
2750
2778
2351200
2778
2804
2837
2797
2823
2744800
2823
2813
2839
2771
2798
2582300
2798
2800
2814
2746
2775
3185300
2775
2751
2758
2717
2756
3113100
2756
2757
2796
2752
2788
2754800
2788
2824
2872
2818
2841
3629400
2841
2910
3040
2905
3010
7683200
3010
3000
3020
2947
2955
4107800
2955
2913
2928
2861
2891
3598900
2891
2799
2816
2770
2795
3976000
2795
2763
2772
2688
2711
3438200
2711
2776
2835
2738
2741
3662100
2741
2713
2768
2703
2711
2702500
2711
2737
2739
2678
2711
4255700
2711
2719
2760
2685
2701
4385700
2701
2759
2778
2729
2753
3117500
2753
2748
2810
2741
2805
2941200
2805
2780
2815
2756
2787
2237000
2787
2777
2801
2751
2795
2015700
2795
2810
2822
2760
2766
2539900
2766
2738
2773
2697
2704
2790800
2704
2668
2708
2660
2675
3042400
2675
2651
2701
2642
2682
2991700
2682
2591
2620
2565
2588
4669700
2588
2520
2565
2506
2565
4472300
2565
2584
2627
2572
2623
4553000
2623
2568
2605
2564
2595
2772600
2595
2603
2637
2572
2590
2805800
2590
2638
2642
2594
2608
2463100
2608
2611
2655
2608
2625
1989300
2625
2584
2606
2574
2593
2196200
2593
2603
2610
2581
2583
2447700
2583
2580
2598
2559
2582
2493700
2582
2577
2601
2531
2535
3571600
2535
2531
2563
2528
2554
2000700
2554
2526
2608
2514
2594
2615600
2594
2608
2636
2602
2618
2248700
2618
2610
2614
2561
2576
2107700
2576
2591
2692
2591
2671
3479000
2671
2680
2699
2633
2647
2043500
2647
2654
2669
2616
2628
2227700
2628
2629
2675
2619
2646
1907800
2646
2641
2705
2641
2684
2935200
2684
2650
2653
2598
2637
2956200
2637
2631
2632
2568
2576
3890200
2576
2590
2637
2585
2609
2997000
2609
2570
2583
2551
2581
2316100
2581
2551
2679
2550
2638
3493700
2638
2488
2512
2395
2428
9234200
2428
2400
2492
2399
2469
4391800
2469
2535
2609
2523
2536
4920900
2536
2581
2585
2513
2554
2986500
2554
2525
2567
2523
2542
3517300
2542
2531
2617
2531
2608
3059300
2608
2625
2665
2623
2660
2525700
2660
2679
2719
2675
2716
2707600
2716
2714
2780
2708
2776
2556900
2776
2776
2795
2713
2740
2323000
2740
2707
2740
2684
2700
2913200
2700
2700
2714
2640
2647
3034600
2647
2650
2668
2622
2659
1806700
2659
2692
2697
2671
2687
1445900
2687
2687
2700
2660
2694
1361400
2694
2667
2692
2647
2672
1997500
2672
2645
2651
2589
2612
2235700
2612
2582
2642
2567
2633
2040400
2633
2639
2655
2622
2630
1409200
2630
2615
2617
2576
2600
1986400
2600
2572
2574
2535
2563
2168000
2563
2575
2602
2551
2584
3125600
2584
2591
2629
2578
2617
2750100
2617
2630
2665
2614
2652
2677100
2652
2671
2702
2668
2700
2909500
2700
2709
2772
2708
2743
3631800
2743
2751
2784
2739
2781
3091700
2781
2800
2828
2777
2782
3263100
2782
2740
2769
2717
2765
2148500
2765
2790
2793
2751
2782
2076200
2782
2798
2816
2771
2800
1977300
2800
2790
2811
2773
2775
2089500
2775
2810
2825
2778
2802
2444400
2802
2786
2793
2742
2769
1968800
2769
2758
2827
2747
2750
2795800
2750
2768
2806
2727
2799
3019500
2799
2782
2785
2729
2753
2333700
2753
2723
2743
2706
2738
2014600
2738
2752
2772
2709
2715
1652400
2715
2688
2748
2679
2734
1873100
2734
2759
2797
2741
2747
2455500
2747
2735
2795
2721
2790
2494600
2790
2804
2847
2784
2846
2421800
2846
2864
2910
2824
2830
2296500
2830
2834
2885
2829
2880
2592700
2880
2896
2917
2818
2835
2848800
2835
2830
2856
2815
2844
2054900
2844
2870
2942
2869
2934
3642500
2934
2950
2981
2932
2956
2282800
2956
3000
3015
2975
2999
2304700
2999
2975
3040
2945
3035
2438600
3035
2999
3055
2967
3030
2390200
3030
3080
3130
3065
3090
3166300
3090
3070
3090
3040
3065
2142300
3065
3095
3095
3030
3035
2210300
3035
3060
3080
3035
3055
1557100
3055
3050
3070
3015
3060
1879800
3060
3035
3070
3025
3060
1604400
3060
3070
3085
3050
3070
1431900
3070
3090
3090
3035
3060
1309700
3060
3080
3090
3045
3070
1396900
3070
3060
3070
3030
3065
1301600
3065
3235
3320
3185
3210
6189200
3210
3170
3230
3120
3215
2157300
3215
3205
3225
3175
3210
1451300
3210
3205
3215
3170
3185
1266400
3185
3190
3190
3120
3145
1886500
3145
3135
3155
3090
3130
1643000
3130
3125
3150
3105
3140
1141300
3140
3140
3190
3130
3160
1369300
3160
3150
3170
3135
3165
924300
3165
3155
3160
3110
3125
1875800
3125
3095
3095
3045
3060
2208800
3060
3105
3120
3085
3120
2483700
3120
3120
3135
3035
3070
2059800
3070
3030
3095
3010
3090
3010700
3090
3105
3150
3105
3130
2158500
3130
3160
3190
3140
3190
2259100
3190
3150
3170
3085
3145
3250100
3145
3120
3175
3095
3165
1775900
3165
3200
3230
3185
3210
2657600
3210
3235
3255
3210
3250
1920600
3250
3255
3300
3250
3300
1254900
3300
3300
3320
3285
3295
1650400
3295
3320
3340
3305
3330
1705000
3330
3345
3360
3310
3350
1874500
3350
3320
3360
3315
3340
1566900
3340
3345
3365
3330
3350
2081900
3350
3365
3380
3335
3355
1879600
3355
3380
3390
3350
3365
1894400
3365
3340
3345
3270
3315
2045700
3315
3255
3280
3220
3260
2086900
3260
3240
3280
3220
3235
1586300
3235
3245
3280
3240
3255
1595400
3255
3265
3270
3130
3150
2489400
3150
3080
3115
2980
2999
4470900
2999
3045
3140
3000
3135
3396900
3135
3095
3110
3055
3070
2107200
3070
3125
3155
3110
3115
1554800
3115
3075
3090
3000
3005
3334800
3005
2950
2982
2883
2930
7657800
2930
2918
2963
2875
2962
2871500
2962
2968
3030
2953
3020
2248000
3020
2974
2995
2932
2951
2587500
2951
3030
3030
2855
2886
4625700
2886
2880
2937
2880
2921
1836800
2921
2966
2975
2935
2961
2174300
2961
2990
2998
2955
2961
1746600
2961
2961
3025
2956
3000
4252500
3000
2974
3060
2911
2942
7846900
2942
2869
2912
2825
2865
9372800
2865
2918
2945
2878
2915
2538900
2915
2775
2812
2752
2799
3137400
2799
2749
2806
2733
2793
3476700
2793
2755
2813
2744
2790
1518200
2790
2776
2852
2764
2843
2533300
2843
2880
2888
2848
2859
2269900
2859
2845
2871
2801
2807
1576900
2807
2751
2763
2716
2753
2190100
2753
2727
2802
2719
2788
1343500
2788
2754
2766
2684
2686
2249500
2686
2708
2719
2638
2645
1862500
2645
2560
2576
2539
2546
2510300
2546
2546
2581
2474
2500
2802400
2500
2547
2576
2506
2515
1847100
2515
2493
2541
2463
2496
3148800
2496
2596
2692
2495
2680
3951300
2680
2695
2703
2646
2658
2547400
2658
2613
2703
2545
2690
3026600
2690
2640
2678
2616
2620
1981400
2620
2570
2603
2537
2598
1804400
2598
2648
2730
2645
2668
2510500
2668
2721
2737
2662
2669
1477900
2669
2655
2673
2617
2642
1742100
2642
2623
2677
2618
2664
1539500
2664
2468
2567
2390
2535
5156300
2535
2552
2603
2532
2552
1518800
2552
2514
2548
2495
2517
1455400
2517
2536
2556
2467
2473
1355000
2473
2472
2538
2471
2518
1080600
2518
2476
2501
2438
2473
1547400
2473
2423
2494
2419
2490
1598300
2490
2492
2503
2434
2447
1824700
2447
2455
2639
2422
2559
4641400
2559
2610
2636
2581
2597
2937400
2597
2610
2625
2587
2615
1730000
2615
2651
2674
2616
2637
1338600
2637
2620
2649
2603
2631
1272000
2631
2688
2742
2677
2692
1840800
2692
2709
2714
2616
2634
1635500
2634
2590
2666
2569
2630
2596700
2630
2630
2632
2464
2517
3568600
2517
2538
2576
2482
2496
1836100
2496
2429
2435
2374
2428
2180200
2428
2429
2441
2380
2415
1992400
2415
2433
2469
2419
2428
2185600
2428
2450
2480
2440
2461
1385200
2461
2426
2446
2375
2405
2589000
2405
2400
2422
2369
2382
1794800
2382
2361
2415
2333
2374
1860800
2374
2359
2374
2325
2346
1727800
2346
2311
2315
2205
2217
2789300
2217
2182
2224
2144
2166
2575600
2166
2066
2117
2040
2053
3670300
2053
2078
2109
2035
2070
2784400
2070
2173
2192
2096
2120
2056900
2120
2117
2152
2117
2135
2291400
2135
