6875
6935
6865
6925
1778800
6925
6986
7078
6965
7073
1758700
7073
7155
7161
6998
7007
1884800
7007
7011
7097
7010
7092
1202000
7092
7001
7081
6972
7060
1405000
7060
7060
7089
7026
7036
1619200
7036
7050
7095
7021
7027
1232200
7027
7075
7182
7051
7176
1281300
7176
7150
7150
7045
7099
1580300
7099
7180
7182
7000
7016
1929900
7016
7046
7106
6992
7094
1744000
7094
7060
7075
6981
7048
1505300
7048
7088
7171
7081
7166
1228800
7166
7200
7218
7131
7148
1728800
7148
7115
7136
7058
7060
1399800
7060
7135
7152
7031
7038
1229000
7038
7066
7066
7005
7015
1609300
7015
7012
7074
6939
6962
1527000
6962
6939
6959
6812
6823
2086400
6823
6891
6954
6879
6913
1699300
6913
6948
7037
6777
6923
3366400
6923
6848
6851
6704
6762
2280900
6762
6562
6579
6401
6555
4048200
6555
6761
6801
6458
6461
3213900
6461
6494
6654
6476
6624
2605300
6624
6385
6469
6324
6440
2732200
6440
6523
6525
6326
6331
2059400
6331
6300
6343
6132
6165
2451600
6165
6230
6255
6184
6202
1512100
6202
6229
6258
6177
6181
1679000
6181
6242
6349
6223
6348
1422300
6348
6307
6309
6197
6231
1425400
6231
6250
6292
6208
6251
1568100
6251
6200
6233
6166
6208
1799500
6208
6223
6266
6195
6255
1028000
6255
6292
6323
6269
6305
1352900
6305
6385
6471
6374
6454
1821700
6454
6458
6469
6285
6285
1966900
6285
6283
6299
6150
6176
2209600
6176
6031
6049
5988
6013
2166600
6013
5938
5966
5862
5897
1664300
5897
5961
6038
5956
5963
2046100
5963
5918
5961
5870
5875
1784000
5875
5935
5962
5890
5917
1440600
5917
5945
6051
5898
5924
2697500
5924
6018
6091
6003
6070
1882100
6070
6021
6064
5979
6061
1226000
6061
6035
6083
6005
6056
1388900
6056
6010
6031
5947
6021
1159300
6021
6051
6064
5997
6007
1518900
6007
5963
5991
5902
5918
1199000
5918
5900
5938
5866
5935
1360500
5935
5906
5977
5898
5937
1556600
5937
5791
5801
5612
5628
3009300
5628
5610
5695
5596
5695
1771100
5695
5794
5942
5785
5939
2252100
5939
5774
5793
5712
5785
2214000
5785
5830
5863
5736
5782
1945100
5782
5816
5858
5796
5820
1322900
5820
5790
5824
5747
5749
1414900
5749
5691
5800
5675
5777
1647500
5777
5809
5869
5790
5844
1473700
5844
5890
5908
5839
5876
1507700
5876
5893
5894
5765
5772
1847900
5772
5722
5774
5690
5746
1204700
5746
5722
5833
5702
5811
1697300
5811
5799
5822
5743
5800
1110500
5800
5793
5806
5722
5743
1331300
5743
5786
5882
5776
5860
1359800
5860
5842
5847
5793
5819
888400
5819
5802
5829
5780
5801
866200
5801
5806
5810
5747
5789
1820900
5789
5798
5912
5789
5872
1826500
5872
5923
5936
5850
5919
1937600
5919
5900
5912
5865
5880
1204500
5880
5955
5983
5918
5977
1536800
5977
5942
5948
5828
5879
2040700
5879
5905
5978
5883
5962
1520100
5962
5987
5992
5722
5756
3312200
5756
5691
5705
5634
5684
2301900
5684
5740
5756
5704
5719
1448700
5719
5721
5727
5663
5675
1486400
5675
5621
5681
5581
5597
2120900
5597
5576
5605
5555
5576
1858300
5576
5550
5562
5496
5518
2353700
5518
5551
5696
5548
5691
2755800
5691
5635
5725
5624
5717
1697500
5717
5717
5747
5692
5725
1464500
5725
5720
5752
5699
5702
1428600
5702
5736
5738
5704
5710
1181300
5710
5748
5832
5736
5827
1966800
5827
5837
5914
5828
5876
1400900
5876
5876
5876
5810
5832
1028100
5832
5803
5823
5738
5748
1500600
5748
5710
5710
5515
5534
2652400
5534
5500
5565
5482
5483
2250200
5483
5467
5497
5422
5440
1594300
5440
5451
5460
5362
5382
1729800
5382
5260
5266
5193
5206
2594500
5206
5273
5316
5241
5290
5826000
5290
5274
5409
5240
5362
2506300
5362
5498
5638
5490
5621
3226400
5621
5626
5640
5575
5593
2294200
5593
5600
5661
5588
5617
1445200
5617
5660
5690
5643
5662
1376200
5662
5606
5626
5577
5600
2025500
5600
5594
5630
5581
5581
1020300
5581
5630
5647
5553
5564
1485400
5564
5576
5598
5555
5585
1070400
5585
5525
5580
5525
5533
1443700
5533
5554
5556
5467
5535
2939100
5535
5508
5553
5468
5521
1578900
5521
5457
5524
5441
5441
1510500
5441
5438
5516
5407
5504
2036300
5504
5511
5557
5470
5522
1945900
5522
5444
5462
5358
5450
2646900
5450
5449
5460
5402
5406
1333700
5406
5351
5412
5332
5397
1304500
5397
5397
5409
5310
5316
1203500
5316
5339
5394
5319
5389
1597800
5389
5410
5428
5370
5412
1291100
5412
5343
5379
5241
5245
1500600
5245
5243
5250
5138
5199
1945400
5199
5161
5186
5128
5164
1228800
5164
5160
5197
5138
5162
1459700
5162
5197
5269
5173
5206
1265000
5206
5217
5297
5217
5279
981000
5279
5346
5409
5345
5378
1710000
5378
5329
5332
5227
5280
1552900
5280
5346
5376
5294
5344
1363000
5344
5399
5399
5290
5354
1700200
5354
5377
5479
5359
5430
1469800
5430
5514
5559
5475
5540
1531100
5540
5570
5605
5513
5577
1924400
5577
5552
5605
5513
5540
1644600
5540
5486
5571
5484
5518
1075200
5518
5548
5576
5513
5532
1179600
5532
5566
5613
5539
5561
1142600
5561
5638
5679
5616
5669
1975100
5669
5647
5647
5605
5632
1210400
5632
5618
5664
5614
5644
803100
5644
5669
5769
5426
5504
4133400
5504
5590
5600
5429
5508
2455600
5508
5510
5592
5498
5524
1763100
5524
5561
5580
5477
5509
1421100
5509
5500
5527
5471
5483
1220100
5483
5480
5581
5480
5548
1185000
5548
5544
5592
5500
5534
986300
5534
5501
5526
5455
5501
919900
5501
5529
5534
5460
5487
1370800
5487
5439
5446
5325
5325
1405200
5325
5372
5405
5340
5400
1021300
5400
5415
5458
5338
5369
1056900
5369
5324
5355
5240
5340
1174800
5340
5345
5365
5270
5295
1531700
5295
5261
5278
5229
5263
1180600
5263
5252
5277
5222
5258
1062700
5258
5231
5315
5173
5302
1423400
5302
5226
5246
5133
5153
2306700
5153
5182
5192
5142
5186
1345700
5186
5202
5286
5187
5268
1153700
5268
5351
5457
5341
5388
2092500
5388
5382
5502
5381
5482
1518600
5482
5529
5530
5414
5432
1424500
5432
5380
5413
5347
5355
1418600
5355
5324
5344
5282
5298
954600
5298
5291
5295
5245
5276
1244400
5276
5258
5311
5216
5238
1794900
5238
5205
5228
5181
5213
1203600
5213
5238
5276
5185
5225
1663400
5225
5223
5280
5209
5252
1003300
5252
5279
5284
5233
5258
1109000
5258
5271
5295
5239
5290
1364800
5290
5277
5338
5238
5319
1428300
5319
5369
5437
5349
5436
2650200
5436
5436
5643
5436
5640
2100800
5640
5732
5761
5690
5707
1952600
5707
5767
5797
5713
5756
1868900
5756
5825
5849
5787
5814
3207900
5814
5840
5874
5791
5872
1643000
5872
5814
5859
5772
5847
1885800
5847
5939
6003
5909
5935
2608500
5935
5975
6036
5961
5999
2335800
5999
5972
5992
5906
5923
1520900
5923
5921
5975
5832
5898
2311000
5898
5803
5819
5683
5697
2208800
5697
5773
5807
5701
5745
1725700
5745
5660
5730
5651
5679
1445800
5679
5595
5619
5446
5468
2040500
5468
5456
5501
5410
5432
1687800
5432
5252
5282
5225
5266
2722400
5266
5218
5286
5210
5274
2095700
5274
5211
5242
5167
5189
1686500
5189
5171
5246
5152
5246
1567300
5246
5256
5290
5236
5263
1500900
5263
5276
5319
5229
5248
1554700
5248
5148
5176
5108
5166
1265700
5166
5152
5188
5100
5170
1411300
5170
5170
5176
5090
5093
1909800
5093
5111
5138
5074
5116
1404600
5116
4960
4985
4915
4940
1817100
4940
4981
5029
4918
4987
1910300
4987
4983
5017
4901
4908
1909800
4908
4875
4929
4860
4895
2184900
4895
4950
5163
4900
5050
4373700
5050
5125
5126
4935
4996
1914000
4996
5020
5103
4955
5066
3101500
5066
5001
5086
4964
5054
1537000
5054
5064
5197
5053
5144
2266800
5144
5144
5284
5135
5161
2626300
5161
5220
5299
5200
5214
1673900
5214
5241
5323
5224
5287
1987200
5287
5220
5250
5176
5225
913800
5225
5074
5095
5015
5065
1644100
5065
5108
5210
5104
5168
1523000
5168
5112
5138
5077
5129
1418500
5129
5113
5130
5064
5110
853600
5110
5096
5158
5072
5124
805900
5124
5074
5143
5065
5134
1350100
5134
5040
5093
5018
5080
1249700
5080
5133
5143
5082
5137
1093900
5137
5128
5158
5097
5136
939200
5136
5156
5209
5102
5194
1696400
5194
5198
5198
5093
5136
1362500
5136
5190
5239
5170
5173
1306400
5173
5200
5254
5172
5247
2240800
5247
5315
5349
5295
5316
1261100
5316
5355
5369
5219
5223
1474600
5223
5150
5150
5060
5126
1559000
5126
5085
5150
5071
5114
2121500
5114
5140
5214
5093
5149
1339800
5149
5049
5107
5012
5093
1401000
5093
5176
5195
5057
5072
1621400
5072
5120
5277
5118
5192
2405000
5192
5197
5277
5193
5238
1447500
5238
5175
5257
5096
5132
2330700
5132
5088
5176
5080
5091
1732000
5091
5045
5082
5020
5032
1602300
5032
5038
5120
5032
5075
1848500
5075
5006
5056
4905
4920
1745000
4920
4889
4895
4731
4776
2198700
4776
4636
4647
4465
4507
2370300
4507
4538
4596
4483
4570
1428200
4570
4830
4908
4814
4885
2625400
4885
4845
4950
4828
4893
1209400
4893
