27520
28810
27465
28795
1489900
28795
29200
29775
29005
29680
1423900
29680
30180
30200
29735
29875
898300
29875
30100
30540
29985
30350
1414300
30350
30080
30740
30020
30740
1119700
30740
31050
31750
31010
31650
1696200
31650
32350
32520
31580
31920
1270400
31920
32090
33450
32030
33450
1252500
33450
32780
32940
32210
32300
2416200
32300
32130
32600
31440
31870
2610600
31870
32100
32100
31460
31710
1121200
31710
31850
31990
31520
31990
908800
31990
31990
32090
31620
31900
1083700
31900
31400
31430
30720
30730
1558000
30730
29800
30690
29510
30470
1898400
30470
30450
30820
30260
30560
1224200
30560
31960
31960
30400
30630
1993100
30630
30920
30960
29605
29670
1921000
29670
29170
29980
29060
29475
1613200
29475
29850
30170
29680
30050
1028600
30050
30240
30290
29590
29660
959700
29660
28900
29250
28680
29025
1823100
29025
27800
28300
26515
27705
3441000
27705
28700
28715
27130
27150
2573400
27150
27500
28235
27490
28120
1891300
28120
27155
27360
26650
27000
2550900
27000
28000
28000
26780
26815
1734600
26815
27050
27215
26120
26445
1514300
26445
27100
27210
26710
27000
1169500
27000
27395
27505
26930
27160
1135900
27160
27615
28190
27415
28160
1059800
28160
27850
27860
27340
27465
1048500
27465
27600
27875
27300
27575
1182200
27575
27450
27645
26995
27060
1405500
27060
27280
27320
26955
27125
916900
27125
27550
27830
27210
27380
982500
27380
27860
28110
27770
27875
1282900
27875
27500
27785
27270
27310
1147500
27310
27150
27175
26645
27000
1409800
27000
26310
26575
26085
26395
1523300
26395
26005
26120
25585
25675
1012100
25675
26085
26515
26085
26235
1053300
26235
26000
26225
25685
25760
1135800
25760
26100
26450
26020
26140
1170700
26140
26570
26860
25975
26185
1907000
26185
27150
27350
26865
27255
1320200
27255
27435
27510
27050
27490
999700
27490
27290
27400
27090
27230
1002900
27230
27200
27210
26725
27070
928600
27070
27200
27205
26545
26630
1225900
26630
26560
27055
26530
26800
895000
26800
26500
26500
25830
25920
1230400
25920
26220
26865
26130
26865
1357200
26865
25690
26035
25310
25695
2760700
25695
25210
26270
25145
26265
1498400
26265
26450
26740
26150
26740
1680600
26740
26030
26760
25985
26675
1691800
26675
26865
26900
26360
26570
1244100
26570
27070
27075
26730
26960
1058400
26960
27000
27160
26725
26725
706000
26725
26050
26145
25685
26040
1432400
26040
26390
26390
25705
25710
964600
25710
26150
26195
25755
26055
921100
26055
26350
26880
25800
25810
1657700
25810
25800
25905
25320
25600
1113700
25600
25555
26585
25375
26445
1464600
26445
26610
27120
26565
26985
1066500
26985
26865
26880
26370
26445
1008500
26445
26745
27030
26650
26675
1029600
26675
26695
26805
26255
26315
740200
26315
26255
26520
26175
26455
877600
26455
26640
27345
26525
27215
1198900
27215
27220
27385
26845
26880
1045900
26880
26550
26590
26140
26250
1272800
26250
26250
26430
26190
26235
790200
26235
26475
26650
26275
26515
970800
26515
26125
26175
25775
26105
1048900
26105
26285
26380
25815
25985
1195300
25985
22485
24005
22390
23560
4239700
23560
24025
24085
23570
23990
1528000
23990
24020
24020
23585
23650
1266400
23650
23600
23720
23550
23685
1021200
23685
23700
23785
23610
23700
846500
23700
23600
23690
23385
23415
922400
23415
23500
23515
23015
23030
1003000
23030
23105
23700
22900
23600
1127500
23600
23600
24115
23580
24020
991200
24020
24150
24165
23760
23820
900100
23820
23735
23895
23700
23740
822800
23740
23840
23925
23685
23685
775900
23685
23995
24100
23905
23980
814400
23980
24055
24405
24030
24380
798400
24380
24610
25005
24475
24595
906200
24595
24580
24595
24200
24200
972500
24200
24150
24190
23565
23665
948800
23665
23500
23865
23435
23690
723300
23690
23855
24200
23840
23880
558900
23880
23800
23875
23530
23735
542400
23735
23300
23360
23080
23155
1082600
23155
23400
23485
23085
23270
1091000
23270
23000
23255
22905
23115
809200
23115
22900
22975
22620
22905
1120500
22905
23100
23225
22945
23130
690400
23130
22560
22630
22280
22465
1205300
22465
22500
22780
22410
22705
982900
22705
22505
22740
22395
22400
1478200
22400
22405
22865
22360
22790
609400
22790
23060
23235
22800
22800
879300
22800
22905
23030
22840
22945
481800
22945
22945
23175
22710
22710
708500
22710
22860
22985
22475
22630
895800
22630
22500
22500
21960
22230
937100
22230
22025
22395
21805
21895
983200
21895
21880
22310
21635
22260
888800
22260
22385
22660
22200
22550
861700
22550
22165
22315
21840
22230
1149900
22230
22445
22520
22150
22180
700900
22180
22175
22530
22020
22335
820800
22335
22360
22535
21830
21885
791500
21885
21825
22005
21370
21915
1188100
21915
22000
22050
21625
22005
1006700
22005
22105
22375
21565
21635
788700
21635
21670
21780
21165
21485
1133100
21485
21295
21395
20935
21020
917000
21020
21045
21330
20800
20895
944100
20895
21190
21340
20915
21300
1313400
21300
21345
21435
21095
21415
696200
21415
21795
22055
21700
21735
1188100
21735
21570
21655
21155
21455
1029300
21455
21545
21825
21255
21645
850500
21645
22145
22375
21825
22065
1460900
22065
21600
21730
21170
21170
1405200
21170
21375
21555
21260
21265
785600
21265
21385
21540
21270
21360
861100
21360
21425
21445
20925
21155
1109100
21155
20800
20810
20420
20660
1303000
20660
20900
21480
20745
21440
1259100
21440
22020
22280
21615
21915
1352700
21915
20915
21560
20695
21115
2530800
21115
21115
21565
21090
21465
937900
21465
21400
21635
21355
21575
662800
21575
21705
22190
21535
21920
1056100
21920
22355
22715
22225
22375
1575100
22375
22120
22220
21565
21665
1414600
21665
21730
22025
21675
21915
859500
21915
22015
22260
22005
22140
902300
22140
22045
22100
21675
21940
804800
21940
21980
22285
21745
22245
920800
22245
22055
22320
21815
22250
909400
22250
22065
22180
21710
21710
1432400
21710
21460
21575
21250
21370
1358800
21370
21360
21730
21340
21725
1077100
21725
21765
21765
21235
21330
769500
21330
21300
21805
21110
21545
1299200
21545
21675
22015
21665
21855
732200
21855
21770
21840
21565
21745
638400
21745
21745
21940
21575
21850
762800
21850
21850
21970
21765
21925
516900
21925
22130
22140
21595
21635
794300
21635
21485
21540
21335
21390
688800
21390
21530
21950
21480
21825
698200
21825
22165
22580
22125
22300
1134600
22300
22125
22310
22020
22165
813300
22165
22515
22590
22215
22215
822100
22215
21880
21940
21750
21775
1155800
21775
21860
21860
21330
21345
838000
21345
21415
21475
21280
21395
829000
21395
21325
21345
21095
21255
1049500
21255
21005
21225
20940
21155
923500
21155
20930
20950
20465
20690
1504400
20690
20805
21100
20730
20845
951900
20845
20850
21090
20725
21020
777800
21020
21230
21265
20780
20890
723800
20890
20870
21410
20850
21100
949700
21100
21495
21910
21415
21690
1913100
21690
21275
21915
21185
21775
1384900
21775
22145
22535
21965
22170
1320500
22170
22440
22760
22235
22330
1612400
22330
22675
22800
22525
22570
1540200
22570
22785
22795
22220
22495
1084700
22495
22520
22545
22125
22200
948600
22200
21910
21925
21320
21385
1750600
21385
21760
21760
21420
21420
1378500
21420
21400
21865
21250
21725
1014500
21725
22050
22510
22020
22265
1828800
22265
22290
22300
21760
21855
1049100
21855
22120
22245
21570
21690
1240900
21690
21335
21600
21225
21345
1049400
21345
21070
21130
20570
20820
1333200
20820
20700
20740
20370
20400
1576600
20400
19125
19550
18740
19005
3241600
19005
19000
19450
19000
19450
2218300
19450
19425
19570
19160
19355
1075500
19355
19350
19890
19310
19880
975200
19880
20250
20335
19905
19990
1151400
19990
19990
19990
19050
19175
1591000
19175
18775
19205
18740
19175
1650400
19175
18895
19380
18820
19265
814800
19265
19075
19235
18705
18860
1297300
18860
18870
19130
18815
18860
1258100
18860
18000
18450
17925
18080
1970100
18080
18065
18135
17375
17690
1610300
17690
18115
18265
17675
17915
1203500
17915
17805
18895
17805
18520
2140600
18520
19310
19735
18560
19735
2176500
19735
20200
20270
19485
19920
1353500
19920
19765
21980
19645
21095
2944400
21095
20595
21195
20505
20920
1339900
20920
21015
21300
20810
21205
912100
21205
21210
21645
20735
20875
1559900
20875
21420
21465
20550
20565
1644700
20565
20375
20375
19580
19580
1947300
19580
19500
20215
19145
20085
1075200
20085
19000
19355
18550
19225
2128600
19225
19225
19475
19010
19385
1083600
19385
19135
19290
18810
19010
1270300
19010
18880
19140
18575
18640
1806600
18640
18705
19335
18700
19000
981200
19000
18500
18650
18230
18595
1277000
18595
18035
18640
18005
18575
1252800
18575
18600
18875
18480
18560
862600
18560
18795
19170
18370
19115
1082600
19115
19315
19400
18885
19255
995200
19255
19205
19585
19170
19530
1070700
19530
19700
19875
19215
19525
1064600
19525
19315
19495
19125
19390
1497000
19390
19755
20075
19595
19595
1215000
19595
19100
19220
18560
18590
1700800
18590
17995
18280
17780
17955
1789500
17955
17820
17935
17480
17750
1467300
17750
17785
18015
17440
17730
1033100
17730
17000
17465
16950
17390
1326400
17390
17400
17420
16985
17020
1329000
17020
17150
17555
16990
17225
1605100
17225
17415
17665
17175
17470
1265200
17470
17250
17310
16845
16905
2178700
16905
16940
17260
16860
16910
1038300
16910
16770
17110
16610
16850
1458900
16850
16900
17195
16830
16950
1211500
16950
16760
16810
16215
16340
1684600
16340
16250
16555
16210
16500
1794000
16500
15945
16235
15760
15790
1626200
15790
15945
16220
15790
16175
1332000
16175
16720
16750
16320
16415
1328400
16415
16135
16760
16125
16670
1346900
16670
