7556
7766
7543
7760
2003300
7760
7800
7817
7714
7807
1165000
7807
7807
7871
7754
7870
1378400
7870
7837
7877
7802
7826
866700
7826
7785
7786
7683
7713
1047400
7713
7690
7726
7552
7580
1892900
7580
7586
7619
7535
7572
1026900
7572
7578
7645
7544
7633
693900
7633
7613
7668
7575
7654
1099400
7654
7793
7859
7701
7735
2134900
7735
7702
7722
7600
7611
1293600
7611
7581
7602
7546
7581
692400
7581
7601
7657
7562
7638
1042900
7638
7600
7627
7572
7576
1027600
7576
7490
7540
7431
7432
1494500
7432
7476
7490
7413
7426
1264400
7426
7430
7504
7418
7444
962300
7444
7375
7426
7296
7321
1199600
7321
7238
7355
7232
7251
1573800
7251
7384
7514
7346
7500
1548700
7500
7200
7227
6987
7007
3149600
7007
6880
6917
6733
6733
2576200
6733
6440
6464
6185
6398
3846900
6398
6498
6559
6289
6293
3636800
6293
6253
6367
6231
6312
2525900
6312
6000
6089
5953
6053
3957500
6053
6230
6234
6062
6083
2495900
6083
6001
6048
5863
5923
2459200
5923
6008
6045
5968
5992
1854800
5992
6192
6270
6137
6220
3206800
6220
6220
6244
6140
6225
1570900
6225
6216
6231
6150
6204
1228100
6204
6210
6303
6202
6249
1674900
6249
6173
6179
6121
6156
1573300
6156
6117
6199
6110
6192
1218400
6192
6275
6314
6244
6283
1214600
6283
6373
6428
6326
6380
1848000
6380
6400
6470
6352
6353
1940900
6353
6315
6329
6188
6223
1574400
6223
6030
6102
6006
6067
2064600
6067
5959
5991
5880
5902
1694100
5902
6028
6153
6021
6063
1621700
6063
6021
6097
5984
6020
1640800
6020
6103
6183
6088
6141
2043900
6141
6224
6311
6144
6176
3201700
6176
6363
6363
6183
6225
959700
6225
6173
6243
6133
6212
1301500
6212
6134
6214
6105
6134
1189300
6134
6088
6122
6010
6109
1257600
6109
6101
6103
6004
6007
1560100
6007
5962
6038
5935
5943
1145500
5943
5927
6018
5901
6014
1527800
6014
6014
6091
5987
6054
1494100
6054
5838
5839
5688
5713
2965900
5713
5616
5782
5613
5782
1841700
5782
5882
5907
5796
5898
2095200
5898
5785
5986
5784
5967
2623100
5967
6032
6053
5866
5927
1619700
5927
6039
6047
5969
6004
1410400
6004
6010
6050
5963
5965
814400
5965
5866
5928
5836
5907
1159500
5907
5935
5949
5866
5884
961500
5884
5999
6048
5957
6004
1239500
6004
5988
6010
5903
5931
1582800
5931
5925
5970
5901
5958
974000
5958
5957
6046
5848
6027
1369900
6027
6057
6103
6037
6049
1030100
6049
6036
6036
5945
5977
822900
5977
6001
6120
6001
6072
1284600
6072
6102
6113
6041
6095
768000
6095
6080
6117
6061
6087
977900
6087
6094
6149
6019
6108
1761500
6108
6106
6286
6100
6263
1668800
6263
6243
6274
6192
6228
1743400
6228
6213
6213
6139
6159
1320500
6159
6228
6233
6162
6209
1132200
6209
6155
6220
6107
6216
1303800
6216
6212
6272
6191
6215
1318700
6215
6800
7028
6775
6998
4848200
6998
6900
6916
6719
6768
2917400
6768
6849
6850
6712
6740
1934000
6740
6735
6740
6620
6659
2029000
6659
6704
6760
6686
6695
1674400
6695
6687
6743
6627
6664
1364400
6664
6668
6785
6666
6750
1071800
6750
6803
6822
6761
6787
1728500
6787
6732
6799
6691
6782
1260400
6782
6800
6809
6723
6752
1129000
6752
6701
6717
6654
6658
1480000
6658
6700
6769
6695
6744
1224300
6744
6767
6803
6722
6730
1450200
6730
6723
6779
6706
6757
847700
6757
6758
6784
6738
6775
952000
6775
6751
6806
6715
6729
1309000
6729
6660
6681
6604
6635
958600
6635
6598
6676
6569
6659
1036000
6659
6628
6681
6623
6663
581600
6663
6652
6668
6622
6667
875100
6667
6550
6593
6509
6525
1682600
6525
6508
6537
6447
6456
2277400
6456
6416
6511
6382
6459
1949900
6459
6489
6605
6483
6562
1105100
6562
6563
6576
6521
6574
1132100
6574
6570
6690
6556
6614
1347300
6614
6617
6669
6594
6656
1105300
6656
6640
6668
6541
6545
2075800
6545
6501
6535
6493
6514
795800
6514
6581
6639
6541
6572
904000
6572
6516
6596
6501
6559
1097300
6559
6518
6579
6504
6504
957000
6504
6556
6558
6512
6540
1181000
6540
6515
6557
6435
6460
814500
6460
6408
6447
6297
6306
1260700
6306
6295
6355
6185
6333
1172800
6333
6332
6333
6214
6294
1194200
6294
6203
6226
6147
6201
1015600
6201
6215
6250
6149
6158
824500
6158
6087
6207
6084
6191
1123600
6191
6150
6180
6100
6115
1481600
6115
6171
6247
6151
6245
1709400
6245
6240
6256
6175
6247
1088800
6247
6198
6282
6112
6128
1126500
6128
6101
6122
6016
6106
1383900
6106
6079
6111
6029
6070
690500
6070
6078
6115
5990
6021
1098800
6021
6040
6150
6040
6124
1215600
6124
6145
6180
6113
6148
886400
6148
6193
6298
6177
6258
1448600
6258
6181
6192
6062
6149
1181500
6149
6193
6210
6135
6146
1062800
6146
6220
6316
6182
6268
1593900
6268
6256
6320
6211
6277
970900
6277
6327
6375
6304
6321
943800
6321
6400
6437
6383
6385
943600
6385
6409
6410
6247
6275
1243800
6275
6215
6263
6195
6249
1067200
6249
6285
6316
6222
6295
801900
6295
6311
6325
6267
6298
651200
6298
6366
6371
6318
6343
828800
6343
6395
6418
6352
6381
821000
6381
6384
6461
6364
6418
1182200
6418
6431
6514
6370
6488
1570700
6488
6804
6929
6727
6870
2792400
6870
6900
6949
6856
6913
1663700
6913
6894
6895
6796
6843
1303900
6843
6839
6900
6834
6866
744400
6866
6860
6936
6839
6922
882800
6922
6922
6943
6881
6908
1057000
6908
6882
6922
6806
6833
745500
6833
6817
6817
6641
6653
1418200
6653
6632
6633
6458
6458
1191700
6458
6522
6614
6492
6614
1179100
6614
6654
6680
6531
6574
847700
6574
6515
6645
6446
6588
1270600
6588
6661
6738
6637
6687
1135900
6687
6688
6784
6668
6771
977500
6771
6730
6827
6704
6801
1212000
6801
6835
6878
6781
6850
976000
6850
6897
6911
6844
6861
1119000
6861
6913
6922
6853
6921
586100
6921
6950
6952
6901
6932
869300
6932
6990
7042
6930
6936
1547700
6936
6948
6986
6907
6917
1072600
6917
7000
7025
6905
6930
1103500
6930
6854
7025
6821
7010
1552000
7010
6955
6965
6833
6849
1185900
6849
6867
6890
6830
6860
870800
6860
6820
6823
6722
6777
1479100
6777
6724
6776
6686
6704
1142500
6704
6604
6639
6425
6449
1558800
6449
6468
6550
6451
6540
903800
6540
6578
6698
6573
6693
1454000
6693
6701
6710
6440
6491
1864400
6491
6550
6589
6508
6525
1193500
6525
6425
6527
6405
6506
4257000
6506
6476
6508
6443
6449
2379000
6449
6617
6684
6583
6619
2119800
6619
6654
6681
6613
6630
1595400
6630
6829
6930
6810
6888
2932600
6888
6911
6922
6801
6805
1963600
6805
6715
6818
6712
6811
1629000
6811
6792
6821
6682
6701
1185700
6701
6806
6851
6745
6820
1884600
6820
6880
6927
6837
6871
1275300
6871
6904
6912
6791
6815
1916700
6815
6819
6855
6761
6797
1124300
6797
6822
6870
6723
6771
1391500
6771
6705
6725
6627
6627
1422600
6627
6558
6568
6501
6521
1566200
6521
6537
6555
6424
6448
1339400
6448
6272
6345
6220
6257
1844400
6257
6157
6366
6157
6365
2610300
6365
6300
6315
6229
6246
1425000
6246
6246
6306
6219
6306
1365800
6306
6347
6416
6317
6347
1242000
6347
6355
6393
6293
6315
1126300
6315
6150
6252
6122
6246
1215700
6246
6155
6282
6117
6259
811300
6259
6171
6180
6037
6047
1657900
6047
6098
6128
5974
6012
1646700
6012
5817
5840
5718
5745
2018700
5745
5844
5872
5669
5721
1736000
5721
5700
5775
5685
5709
1282500
5709
5660
5804
5635
5802
3016900
5802
6092
6155
5780
6138
2662000
6138
6223
6373
6213
6299
2250700
6299
6319
6454
6247
6408
2524000
6408
6352
6438
6227
6240
1413800
6240
6251
6298
6211
6278
1158200
6278
6178
6209
6046
6071
1794400
6071
6200
6218
6093
6099
1084600
6099
6136
6193
6065
6076
1126400
6076
6016
6095
5975
6077
812900
6077
5894
5900
5709
5861
1793100
5861
5873
5939
5847
5876
989900
5876
5783
5882
5775
5877
704200
5877
5860
5894
5806
5809
1320200
5809
5800
5899
5800
5874
746900
5874
5783
5816
5736
5780
711200
5780
5685
5938
5683
5885
1655000
5885
5956
5990
5869
5895
809400
5895
5923
5967
5872
5939
932200
5939
6034
6056
5957
6027
896800
6027
6050
6116
6012
6100
1475800
6100
6350
6399
6256
6295
2172000
6295
6257
6299
6120
6125
2029800
6125
6208
6237
6110
6126
1316200
6126
6150
6202
6025
6038
1422300
6038
5964
6035
5879
5997
1139800
5997
5946
5964
5752
5805
1583500
5805
5809
5897
5772
5819
1260300
5819
5661
5742
5661
5696
1238100
5696
5678
5703
5603
5613
1330800
5613
5675
5832
5667
5817
1808200
5817
5855
5938
5823
5906
1251800
5906
5820
5863
5714
5760
2549700
5760
5819
5875
5763
5789
801300
5789
5713
5767
5655
5692
1034400
5692
5759
5778
5687
5696
1040800
5696
5611
5651
5452
5483
1711900
5483
5466
5550
5446
5507
2044700
5507
5307
5353
5249
5262
1616600
5262
5302
5311
5127
5273
1574800
5273
5393
5451
5344
5410
2115000
5410
5400
5545
5382
5508
1578700
5508
