1795
1830
1788
1827
3674300
1827
1888
1900
1841
1884
4608900
1884
1914
1939
1906
1922
3917100
1922
1913
1931
1896
1900
2116800
1900
1862
1878
1838
1874
3809700
1874
1875
1886
1826
1844
2775000
1844
1860
1869
1828
1844
2142400
1844
1844
1871
1838
1870
1832700
1870
1856
1888
1850
1882
2582200
1882
1926
1957
1876
1886
4358300
1886
1911
1939
1896
1935
3519400
1935
1932
1933
1898
1927
2083800
1927
1940
1958
1930
1950
2420300
1950
1952
1967
1921
1926
2758400
1926
1900
1900
1870
1885
2987500
1885
1847
1864
1804
1820
5510400
1820
1835
1835
1787
1815
2706600
1815
1780
1790
1762
1781
3337300
1781
1798
1871
1793
1838
5577500
1838
1853
1874
1810
1851
2970900
1851
1828
1865
1823
1854
2382300
1854
1808
1823
1798
1813
2706100
1813
1725
1745
1672
1739
7494300
1739
1827
1827
1732
1742
4666300
1742
1822
1830
1768
1788
6318000
1788
1748
1776
1718
1775
4438800
1775
1812
1860
1792
1798
4989500
1798
1808
1832
1737
1774
4018900
1774
1786
1831
1773
1800
2738000
1800
1818
1834
1787
1809
1966100
1809
1820
1830
1787
1810
2184900
1810
1809
1810
1757
1769
2855900
1769
1775
1811
1770
1789
2669700
1789
1782
1786
1739
1768
2146100
1768
1776
1806
1769
1799
2418600
1799
1830
1862
1823
1839
2794200
1839
1869
1917
1868
1893
4061000
1893
1888
1937
1887
1893
2979200
1893
1888
1907
1874
1903
3183500
1903
1850
1874
1834
1851
3034700
1851
1833
1839
1805
1808
2439900
1808
1841
1886
1838
1855
2403300
1855
1838
1868
1820
1848
2282500
1848
1864
1892
1838
1846
2739500
1846
1864
1904
1857
1868
3158000
1868
1900
1921
1884
1893
2235500
1893
1884
1916
1870
1913
1732800
1913
1887
1897
1866
1880
1735000
1880
1874
1883
1853
1877
1410000
1877
1900
1943
1885
1888
2945200
1888
1867
1877
1834
1843
2310600
1843
1830
1830
1805
1823
1699200
1823
1830
1836
1813
1823
2395500
1823
1776
1777
1723
1731
4434400
1731
1708
1721
1660
1720
3008500
1720
1751
1771
1743
1759
2622900
1759
1709
1747
1708
1745
1835800
1745
1776
1783
1738
1760
2576900
1760
1793
1810
1791
1803
1609500
1803
1803
1853
1800
1827
2197500
1827
1791
1832
1786
1827
2292900
1827
1846
1850
1768
1775
2366200
1775
1831
1843
1810
1830
2884700
1830
1830
1841
1818
1835
2115600
1835
1820
1845
1810
1841
1360100
1841
1829
1860
1814
1853
1153000
1853
1868
1934
1867
1896
3775100
1896
1887
1914
1877
1895
1511000
1895
1910
1943
1905
1912
2220600
1912
1925
1930
1896
1899
1213700
1899
1909
1936
1883
1889
1586500
1889
1905
1935
1900
1913
1795500
1913
1930
1959
1926
1936
2939800
1936
1924
1937
1888
1922
2390000
1922
1915
1921
1894
1908
2325100
1908
1916
1951
1912
1945
2400000
1945
1933
1934
1906
1918
2046900
1918
1933
1955
1933
1948
2253400
1948
1963
1973
1924
1949
2046400
1949
1927
1944
1919
1936
1315400
1936
1953
1971
1949
1959
1987900
1959
1980
1997
1925
1945
2217500
1945
1940
1979
1931
1977
2234200
1977
1978
1980
1935
1951
2251100
1951
1970
2024
1969
2012
3827500
2012
2262
2348
2212
2288
8475200
2288
2288
2419
2281
2405
5835700
2405
2405
2484
2402
2435
4584900
2435
2420
2446
2397
2417
3118900
2417
2430
2443
2405
2417
2121400
2417
2463
2523
2458
2517
3484600
2517
2536
2572
2517
2557
2088100
2557
2457
2541
2452
2497
2856800
2497
2476
2521
2469
2502
2850100
2502
2464
2471
2397
2415
2623600
2415
2421
2457
2404
2430
1497600
2430
2430
2481
2430
2477
1357500
2477
2450
2458
2421
2437
1234500
2437
2395
2442
2388
2413
2403900
2413
2437
2463
2405
2452
2050600
2452
2486
2559
2482
2530
3154800
2530
2579
2588
2534
2574
2097900
2574
2599
2608
2579
2608
2051000
2608
2621
2648
2597
2625
1639200
2625
2650
2657
2582
2627
2076000
2627
2628
2653
2506
2553
3634900
2553
2532
2560
2509
2551
1971800
2551
2586
2586
2535
2540
1222400
2540
2554
2583
2507
2512
1722300
2512
2512
2617
2501
2573
2419000
2573
2820
2973
2700
2935
9103400
2935
3035
3060
2952
3005
4844700
3005
2970
3055
2793
2820
5029500
2820
2840
2844
2710
2810
5401300
2810
2852
2945
2815
2932
3649700
2932
2880
2931
2838
2920
2612100
2920
2932
2983
2860
2876
2950200
2876
2850
3050
2832
3035
4922300
3035
3000
3140
2972
3030
3371300
3030
3010
3055
2908
3035
2948500
3035
3025
3095
2980
3095
2178100
3095
3095
3380
3095
3250
4813900
3250
3230
3335
3195
3315
2810300
3315
3265
3275
3075
3210
2711600
3210
3070
3160
3030
3080
2977900
3080
3040
3180
3040
3160
2718900
3160
3300
3435
3300
3430
4332000
3430
3445
3525
3400
3460
3117800
3460
3390
3445
3330
3425
2119100
3425
3490
3490
3345
3430
1868100
3430
3500
3570
3395
3465
2238400
3465
3470
3505
3220
3350
3258000
3350
3450
3540
3415
3455
3397400
3455
3420
3555
3415
3470
1980600
3470
3575
3660
3410
3425
4426200
3425
3375
3400
3290
3385
2835900
3385
3450
3570
3390
3540
2804100
3540
3635
3695
3550
3635
1939400
3635
3615
3655
3560
3610
1566100
3610
3630
3665
3605
3620
1081400
3620
3595
3620
3370
3405
2876100
3405
3405
3435
3270
3325
3475500
3325
3350
3465
3285
3340
2277100
3340
3340
3435
3285
3315
2998700
3315
3365
3410
3305
3320
1673000
3320
3260
3345
3155
3210
2497900
3210
3050
3225
3015
3220
5282900
3220
3210
3315
3175
3215
2119900
3215
3215
3255
3165
3190
1907800
3190
3195
3195
2979
2986
3481700
2986
2901
2902
2807
2811
5045700
2811
2881
2930
2834
2895
3454400
2895
2881
2929
2866
2907
1736700
2907
2857
2958
2825
2900
2467700
2900
2941
2983
2855
2869
1940700
2869
2875
2963
2840
2960
2565300
2960
2922
2969
2886
2956
2928200
2956
2969
3085
2940
3040
2871200
3040
3075
3095
3015
3050
1661900
3050
3085
3120
3035
3095
1766100
3095
3120
3330
3065
3330
4107300
3330
3380
3425
3225
3245
3188800
3245
3225
3310
3210
3260
1447200
3260
3300
3320
3240
3270
2120900
3270
3210
3280
3115
3275
1836000
3275
3280
3300
3165
3175
1992300
3175
3195
3255
3175
3205
1423500
3205
3225
3280
3190
3245
1947500
3245
3220
3250
3185
3215
1826300
3215
3120
3135
3020
3110
2389600
3110
3085
3090
2981
2984
2584200
2984
3005
3010
2806
2871
5806400
2871
2839
2864
2668
2678
5991300
2678
2632
2694
2588
2597
4631500
2597
2644
2740
2627
2709
4964200
2709
2700
2753
2641
2722
2828500
2722
2785
2844
2755
2811
2840600
2811
2826
2857
2693
2706
2940800
2706
2756
2775
2694
2735
2748800
2735
2735
2790
2704
2756
2967200
2756
2783
2840
2767
2823
2852800
2823
2805
2805
2643
2645
3778700
2645
2689
2692
2516
2554
8784800
2554
2571
2655
2570
2600
4081100
2600
2619
2638
2550
2561
2913200
2561
2619
2663
2554
2564
4728000
2564
2600
2633
2557
2608
3394700
2608
2570
2600
2519
2523
3216600
2523
2423
2471
2401
2412
4247400
2412
2443
2477
2382
2450
3677800
2450
2250
2339
2222
2334
5514200
2334
2334
2467
2303
2460
5114000
2460
2436
2533
2390
2447
4489200
2447
2454
2457
2330
2420
3518000
2420
2540
2586
2514
2528
4306200
2528
2496
2505
2409
2419
2648600
2419
2340
2417
2313
2410
2852600
2410
2350
2468
2346
2459
2541000
2459
2439
2501
2405
2406
3336300
2406
2420
2426
2319
2322
3646800
2322
2200
2209
2129
2150
5008700
2150
2182
2190
2017
2081
5001100
2081
2080
2115
2032
2039
3244400
2039
2000
2131
1987
2105
3779200
2105
2205
2283
2151
2279
4545900
2279
2579
2625
2503
2554
8028900
2554
2504
2605
2419
2591
5285600
2591
2568
2626
2543
2552
2840600
2552
2507
2580
2465
2550
2652300
2550
2529
2668
2515
2610
4240500
2610
2706
2761
2662
2675
4588500
2675
2685
2689
2569
2616
3688700
2616
2466
2498
2292
2325
9293500
2325
2208
2218
2104
2156
6990400
2156
2191
2231
2127
2139
4385900
2139
2076
2102
2027
2036
4600700
2036
2060
2087
1966
1987
4758300
1987
1983
2061
1982
2026
3250600
2026
1962
2041
1936
2015
3011200
2015
1965
2068
1962
2055
3764300
2055
2072
2079
2002
2035
2710900
2035
2019
2050
1998
2030
2850200
2030
2048
2056
2012
2041
3968200
2041
2071
2160
2067
2154
4009200
2154
2236
2243
2168
2203
4027600
2203
2209
2212
2114
2153
3559300
2153
2217
2284
2196
2211
3997200
2211
2242
2278
2203
2205
4074000
2205
2125
2188
2104
2158
2938900
2158
2158
2170
1990
2016
4775700
2016
2041
2061
1987
2022
3446400
2022
1926
1968
1882
1930
3889700
1930
1934
1948
1812
1847
5088300
1847
1850
1926
1823
1908
4710900
1908
1922
1947
1892
1923
2616300
1923
1888
1908
1825
1839
4211700
1839
1811
1869
1793
1838
4793800
1838
1787
1866
1776
1826
4062800
1826
1814
1853
1796
1829
2662100
1829
1789
1800
1661
1677
6370700
1677
1681
1752
1656
1705
5602700
1705
1585
1627
1558
1594
3276700
1594
1615
1635
1560
1606
3071000
1606
1726
1743
1655
1671
3057800
1671
1637
1673
1614
1636
3295800
1636
