4025
4055
3985
4010
1304500
4010
4040
4090
4025
4075
1205700
4075
4130
4190
4120
4140
1396000
4140
4160
4195
4155
4175
934900
4175
4135
4225
4125
4225
895900
4225
4230
4280
4225
4260
1020700
4260
4290
4305
4260
4270
645400
4270
4285
4295
4220
4265
668500
4265
4220
4305
4220
4290
914300
4290
4330
4350
4305
4315
1270300
4315
4350
4405
4330
4400
1145300
4400
4610
4620
4425
4450
2698000
4450
4450
4480
4435
4455
1008900
4455
4450
4530
4450
4475
1386600
4475
4485
4550
4465
4500
2306100
4500
4570
4615
4525
4540
1698700
4540
4565
4575
4520
4525
910600
4525
4500
4520
4430
4470
1312100
4470
4410
4550
4400
4500
2002000
4500
4520
4610
4505
4600
1752000
4600
4560
4585
4445
4465
1386200
4465
4335
4390
4325
4335
1303100
4335
4125
4155
4005
4115
2210600
4115
4280
4305
4150
4150
1642900
4150
4180
4250
4175
4215
1133900
4215
4075
4140
4060
4120
1154300
4120
4190
4190
4020
4030
1262200
4030
4025
4060
3955
3965
1343400
3965
4020
4025
3950
3965
1053200
3965
3990
4015
3940
3950
1116100
3950
4010
4090
3985
4080
762600
4080
4060
4065
3965
4005
987700
4005
3985
4040
3980
4020
913700
4020
3985
3995
3940
3970
724600
3970
3970
4020
3935
4015
795300
4015
4060
4065
3945
3980
1134500
3980
4020
4060
3980
4005
967800
4005
3980
4045
3905
3920
1990400
3920
3775
3790
3685
3735
3790100
3735
3670
3725
3665
3675
2005800
3675
3640
3640
3525
3555
1591400
3555
3580
3600
3550
3555
1669900
3555
3525
3525
3430
3435
2130000
3435
3450
3460
3385
3400
1343800
3400
3400
3465
3370
3400
1854500
3400
3485
3505
3455
3505
1228600
3505
3510
3575
3490
3575
1795700
3575
3515
3575
3515
3565
1645100
3565
3540
3555
3485
3550
1017700
3550
3550
3550
3510
3540
1086700
3540
3540
3575
3500
3510
884200
3510
3460
3515
3440
3485
913300
3485
3490
3535
3490
3525
1041000
3525
3415
3415
3260
3270
3228800
3270
3260
3290
3200
3290
1630900
3290
3330
3385
3310
3365
1238600
3365
3300
3355
3300
3355
933600
3355
3400
3435
3345
3385
1471500
3385
3415
3450
3400
3440
1029800
3440
3455
3480
3375
3415
1414300
3415
3370
3425
3370
3410
1102500
3410
3420
3420
3345
3350
1096100
3350
3360
3360
3290
3335
1667200
3335
3350
3380
3295
3300
1839600
3300
3290
3310
3265
3285
1097800
3285
3265
3380
3255
3370
2049400
3370
3370
3395
3345
3350
1208800
3350
3325
3340
3285
3300
989900
3300
3330
3440
3330
3420
1259100
3420
3440
3465
3400
3405
990200
3405
3420
3425
3355
3365
803500
3365
3375
3450
3360
3425
877600
3425
3465
3560
3460
3515
1451900
3515
3475
3540
3465
3535
1278000
3535
3545
3580
3515
3570
1101400
3570
3595
3700
3595
3700
2002500
3700
3665
3665
3600
3640
1025100
3640
3665
3840
3555
3810
3661900
3810
3730
3735
3620
3670
2289700
3670
3605
3605
3540
3555
1515100
3555
3575
3580
3545
3545
918700
3545
3555
3555
3470
3485
877000
3485
3550
3560
3485
3505
1069500
3505
3510
3525
3480
3520
1059900
3520
3495
3520
3475
3495
729500
3495
3500
3525
3470
3525
948700
3525
3525
3545
3505
3545
856400
3545
3555
3575
3525
3525
849500
3525
3510
3510
3475
3480
851100
3480
3515
3520
3455
3490
1056300
3490
3505
3580
3485
3575
1079300
3575
3575
3645
3560
3640
929200
3640
3665
3710
3640
3670
994400
3670
3640
3705
3585
3630
1910400
3630
3590
3595
3445
3450
1890100
3450
3435
3440
3375
3420
1061500
3420
3430
3465
3415
3435
614600
3435
3420
3420
3345
3360
772700
3360
3265
3275
3215
3240
1619700
3240
3280
3310
3235
3305
1814500
3305
3265
3340
3265
3295
987800
3295
3365
3425
3330
3415
1212500
3415
3445
3465
3415
3425
993900
3425
3445
3465
3425
3440
683800
3440
3470
3500
3470
3485
793700
3485
3485
3500
3450
3480
891000
3480
3455
3475
3425
3460
550800
3460
3490
3490
3405
3420
863700
3420
3400
3445
3395
3430
603800
3430
3400
3440
3400
3405
737500
3405
3440
3445
3365
3415
1101000
3415
3425
3425
3340
3375
729800
3375
3335
3410
3315
3320
1047400
3320
3305
3335
3225
3325
1273200
3325
3290
3330
3270
3285
917500
3285
3225
3250
3200
3240
1132900
3240
3240
3285
3220
3225
1038900
3225
3185
3280
3145
3255
1126500
3255
3250
3265
3185
3225
845900
3225
3195
3245
3195
3230
633800
3230
3250
3285
3220
3265
690600
3265
3265
3305
3200
3200
767600
3200
3200
3220
3150
3180
967700
3180
3180
3215
3165
3195
819300
3195
3185
3205
3135
3150
873300
3150
3150
3175
3125
3150
1012800
3150
3155
3165
3125
3155
659400
3155
3210
3265
3205
3220
1113400
3220
3180
3220
3135
3190
768700
3190
3180
3190
3130
3175
855000
3175
3190
3230
3185
3210
750200
3210
3210
3245
3170
3215
729200
3215
3250
3255
3210
3230
470100
3230
3240
3315
3240
3285
807200
3285
3255
3280
3220
3255
1044400
3255
3230
3245
3205
3205
696300
3205
3230
3270
3225
3265
697800
3265
3285
3325
3275
3300
824800
3300
3370
3375
3320
3330
723000
3330
3350
3370
3330
3355
515900
3355
3370
3380
3330
3370
813300
3370
3375
3395
3245
3270
1783600
3270
3245
3280
3210
3235
1254500
3235
3205
3235
3155
3175
1391600
3175
3180
3200
3125
3150
893500
3150
3140
3140
3105
3115
776100
3115
3115
3160
3110
3155
602400
3155
3175
3235
3165
3190
894500
3190
3190
3205
3150
3180
551200
3180
3175
3200
3150
3175
803900
3175
3135
3140
3080
3090
1066000
3090
3095
3120
3080
3095
725400
3095
3110
3110
3030
3055
810800
3055
3015
3065
2998
3055
860100
3055
3085
3110
3065
3095
681400
3095
3085
3125
3085
3085
521600
3085
3075
3095
3055
3075
596800
3075
3085
3155
3080
3140
642400
3140
3120
3125
3085
3100
732600
3100
3095
3095
3005
3030
1234200
3030
3035
3075
3030
3055
731500
3055
3090
3130
3085
3085
799900
3085
3110
3115
3080
3095
798400
3095
3115
3120
3070
3075
799700
3075
3035
3065
3010
3040
1069300
3040
3045
3045
2983
3000
1299400
3000
3020
3035
2993
3005
504500
3005
2995
3010
2967
2999
1033000
2999
2985
3000
2964
2968
929700
2968
2939
2959
2922
2948
1092600
2948
2934
2977
2928
2940
717800
2940
2938
2940
2915
2938
889300
2938
2945
2948
2890
2915
849200
2915
2923
2980
2914
2950
1006400
2950
2975
3020
2970
3005
1090000
3005
3010
3100
3010
3085
1235700
3085
3145
3195
3145
3165
1255700
3165
3200
3220
3180
3210
1008400
3210
3230
3280
3225
3275
1188300
3275
3275
3280
3225
3275
765900
3275
3245
3270
3225
3265
558000
3265
3260
3260
3160
3175
1475700
3175
3220
3235
3190
3205
1095100
3205
3195
3260
3190
3220
753700
3220
3245
3270
3235
3245
837200
3245
3235
3290
3230
3240
720800
3240
3295
3345
3280
3295
1469500
3295
3255
3325
3255
3260
1112400
3260
3200
3245
3190
3235
913700
3235
3270
3290
3230
3230
641400
3230
3135
3165
3105
3130
1253800
3130
3080
3125
3055
3120
1147900
3120
3085
3105
3055
3075
760600
3075
3075
3150
3065
3150
881200
3150
3200
3240
3170
3195
985100
3195
3195
3200
3150
3160
632200
3160
3105
3135
3090
3125
725400
3125
2938
2940
2803
2835
5352800
2835
2835
2835
2780
2798
2094200
2798
2797
2798
2737
2746
1574400
2746
2654
2691
2639
2662
1746900
2662
2690
2718
2663
2686
1261500
2686
2672
2698
2652
2658
1046300
2658
2620
2693
2617
2659
1295300
2659
2559
2679
2531
2679
2276600
2679
2672
2717
2661
2670
1490500
2670
2658
2757
2653
2721
1445600
2721
2690
2733
2665
2708
773100
2708
2712
2752
2710
2725
550000
2725
2700
2764
2660
2674
1103800
2674
2728
2754
2711
2720
862500
2720
2731
2749
2711
2719
813800
2719
2696
2710
2667
2707
757800
2707
2650
2670
2608
2657
1166900
2657
2673
2699
2654
2671
658400
2671
2652
2675
2632
2654
670400
2654
2654
2673
2590
2617
1355000
2617
2615
2648
2607
2626
604900
2626
2590
2645
2585
2622
613800
2622
2575
2622
2562
2616
689100
2616
2630
2637
2603
2622
565700
2622
2629
2648
2611
2644
621600
2644
2680
2688
2646
2659
796700
2659
2660
2662
2620
2639
1208800
2639
2631
2662
2617
2640
792300
2640
2654
2668
2641
2643
1025500
2643
2675
2724
2660
2701
989300
2701
2714
2722
2644
2663
1199600
2663
2631
2645
2594
2633
1113800
2633
2616
2620
2555
2596
1213000
2596
2613
2624
2550
2571
858600
2571
2527
2533
2481
2528
1081300
2528
2529
2536
2460
2493
1104100
2493
2490
2538
2462
2498
1449400
2498
2526
2586
2515
2568
1193500
2568
2553
2561
2502
2526
1010000
2526
2526
2559
2489
2499
871200
2499
2470
2530
2456
2520
1041500
2520
2508
2515
2457
2505
736000
2505
2478
2485
2414
2422
1055000
2422
2399
2401
2310
2336
1600500
2336
2250
2260
2202
2209
1702000
2209
2213
2263
2198
2234
1038700
2234
2333
2350
2308
2339
1225100
2339
2321
2382
2320
2352
809600
2352
