1910.5
1932
1906.5
1932
2388500
1932
1940
1948
1930
1936.5
2068200
1936.5
1950
1959.5
1912.5
1927
2514800
1927
1918
1966
1914
1960.5
2054600
1960.5
1953
1988.5
1948.5
1986.5
2936900
1986.5
1992.5
2002.5
1980
1984
2303400
1984
1982.5
1988.5
1950.5
1955
1773100
1955
1946
1954.5
1933.5
1945
1896000
1945
1931.5
1959
1931
1952.5
2504200
1952.5
1975
1975
1910.5
1915.5
2933200
1915.5
1934.5
1936.5
1906.5
1925.5
2037900
1925.5
1938
1938
1912
1918
1602200
1918
1918.5
1931
1911.5
1927.5
2145200
1927.5
1914
1937
1910.5
1924
1646700
1924
1896
1907.5
1879
1882.5
2152800
1882.5
1879
1892
1869
1871.5
2908100
1871.5
1845.5
1876.5
1839.5
1861
3957900
1861
1852
1872.5
1845.5
1866
3085600
1866
1869
1875
1838.5
1839
4603100
1839
1858.5
1914.5
1855.5
1900.5
3242900
1900.5
1871.5
1892
1848.5
1882
3373200
1882
1850
1874.5
1843
1858
2945700
1858
1751.5
1766
1724.5
1760
4101500
1760
1795
1819.5
1763
1764
3538700
1764
1724
1756
1663
1743.5
5384700
1743.5
1677
1717
1675
1697
3926000
1697
1724.5
1726.5
1679
1682.5
3182300
1682.5
1680.5
1692.5
1664.5
1679.5
3107500
1679.5
1699
1718.5
1683
1704.5
3146200
1704.5
1720.5
1736.5
1717.5
1727.5
2863800
1727.5
1740
1797.5
1736
1778.5
3388900
1778.5
1761
1763
1732.5
1741.5
2013800
1741.5
1755
1762
1738
1748.5
2248500
1748.5
1738.5
1744
1716.5
1720.5
1849200
1720.5
1725.5
1740
1722.5
1727
1863300
1727
1743
1749.5
1719.5
1720.5
1927300
1720.5
1743.5
1746.5
1722
1727.5
1817400
1727.5
1724.5
1732
1687
1687
2193400
1687
1658.5
1663
1611
1620.5
4168200
1620.5
1590
1636
1588
1621.5
4215300
1621.5
1600
1613.5
1589
1600.5
1428000
1600.5
1638
1647
1623.5
1636
2405100
1636
1628.5
1632.5
1603
1607
1975200
1607
1626
1633
1614.5
1620.5
1732100
1620.5
1642.5
1643
1610.5
1616
2692500
1616
1640
1670.5
1631
1667
1759000
1667
1656
1656.5
1634
1654.5
1468100
1654.5
1639
1653.5
1635
1649
1284700
1649
1641
1652
1622.5
1648.5
1192400
1648.5
1655
1655
1636.5
1649
1973700
1649
1639.5
1655.5
1632
1634.5
1306900
1634.5
1618
1636.5
1614
1633
1355300
1633
1618.5
1629
1605.5
1625
1580300
1625
1590
1590
1538.5
1544.5
2712900
1544.5
1528.5
1570
1527
1569
1404300
1569
1582
1629.5
1570.5
1629.5
2311700
1629.5
1590
1606
1572
1605.5
1893100
1605.5
1625
1627
1588
1609
1364500
1609
1627
1640.5
1614.5
1632
1357900
1632
1625
1634
1608
1619.5
1420600
1619.5
1598
1620.5
1595
1600
1848600
1600
1612.5
1649
1605
1638.5
1960200
1638.5
1654
1654
1615.5
1634.5
2202100
1634.5
1633
1647.5
1620.5
1622.5
1562800
1622.5
1624
1649.5
1620.5
1642.5
1984600
1642.5
1634
1679.5
1627.5
1674.5
1955000
1674.5
1664
1669.5
1635
1636.5
2269000
1636.5
1628
1635.5
1613.5
1619.5
1867100
1619.5
1622.5
1635.5
1613
1616.5
1978300
1616.5
1620.5
1636.5
1617.5
1627.5
1332700
1627.5
1627
1634
1619
1621.5
946900
1621.5
1623
1644.5
1616
1638
1463900
1638
1647.5
1667.5
1644
1648
1527100
1648
1657
1666.5
1645.5
1652.5
1121700
1652.5
1652.5
1656
1638
1646.5
1036800
1646.5
1662.5
1697
1653
1695
2212300
1695
1685
1690.5
1662
1688
1290000
1688
1698
1704.5
1688.5
1696
1567600
1696
1709
1709
1671.5
1674
1476100
1674
1660.5
1696
1656.5
1685.5
1463800
1685.5
1685.5
1691
1654.5
1673.5
1469100
1673.5
1685.5
1686
1654.5
1668.5
1468400
1668.5
1666.5
1682
1661
1668
1182800
1668
1656
1662.5
1616.5
1621
2183400
1621
1631
1650
1629.5
1645.5
1623400
1645.5
1663.5
1682
1646.5
1672.5
2213600
1672.5
1658
1686
1650
1680.5
1414400
1680.5
1698
1714
1670.5
1671.5
2116200
1671.5
1650.5
1662.5
1637
1654
2003400
1654
1664
1672
1652.5
1661
1827300
1661
1669.5
1676
1658.5
1664
1740000
1664
1657
1658.5
1639
1656
1663200
1656
1656
1657.5
1638.5
1652.5
2153800
1652.5
1635.5
1639.5
1615
1615
1852400
1615
1603
1607
1565
1573
2679300
1573
1565
1573.5
1534.5
1540.5
3029900
1540.5
1537.5
1553.5
1531.5
1536.5
2057700
1536.5
1520
1522.5
1495.5
1504.5
2659800
1504.5
1471
1489.5
1458
1463
3257900
1463
1472
1479.5
1446.5
1459
3826900
1459
1461.5
1499
1452
1491
2972900
1491
1519.5
1543
1519.5
1536
2387800
1536
1536
1549
1530.5
1548
2374000
1548
1549
1557.5
1538.5
1550.5
2280800
1550.5
1574.5
1583
1566
1567
2111100
1567
1564
1570.5
1550.5
1550.5
2492200
1550.5
1566
1580
1559
1562.5
1784400
1562.5
1577.5
1587
1555.5
1558
1414100
1558
1607.5
1609
1572.5
1583.5
2579500
1583.5
1581.5
1582.5
1541
1543
1880700
1543
1550
1552
1519.5
1526
2380300
1526
1521
1523.5
1495
1506.5
1748100
1506.5
1499.5
1517.5
1483
1483
2329100
1483
1486.5
1510
1462
1506
2618900
1506
1502.5
1525.5
1500.5
1502.5
1550500
1502.5
1480
1502
1470
1497
1801700
1497
1494
1497
1462
1464
1842700
1464
1429
1474
1420
1467.5
1639700
1467.5
1469.5
1471.5
1449
1459
1543200
1459
1460
1472
1456.5
1468
1352500
1468
1469
1474
1456
1471.5
1781700
1471.5
1448
1467
1423
1430.5
2226000
1430.5
1438.5
1447.5
1415.5
1429.5
1902100
1429.5
1406.5
1421
1395.5
1397.5
2668700
1397.5
1395.5
1405.5
1379
1381.5
2159800
1381.5
1382
1400.5
1378
1381.5
2151900
1381.5
1387.5
1404
1385.5
1399.5
1606100
1399.5
1411
1433.5
1408.5
1422.5
2024400
1422.5
1404
1416
1394
1411
1884300
1411
1416.5
1430.5
1411
1420
2143200
1420
1441.5
1450.5
1428
1447.5
1935300
1447.5
1460
1474
1451.5
1464
2262100
1464
1489
1500.5
1483.5
1495
2204900
1495
1496.5
1514.5
1491
1506.5
1338800
1506.5
1496
1507.5
1477.5
1486.5
1857700
1486.5
1473.5
1486.5
1466
1470.5
1509600
1470.5
1500.5
1511.5
1483
1490
1301200
1490
1500
1506.5
1485.5
1490.5
974900
1490.5
1508
1513
1500.5
1502.5
1111800
1502.5
1505
1512.5
1494
1512.5
1063600
1512.5
1508
1522
1503.5
1515
951700
1515
1522.5
1526
1502.5
1508.5
1700400
1508.5
1509
1536.5
1500.5
1535.5
1921200
1535.5
1615
1622.5
1562.5
1581.5
5521500
1581.5
1573
1587.5
1535.5
1580
3621200
1580
1620
1656
1601
1637
5194400
1637
1630.5
1662
1628
1654
3121300
1654
1658.5
1672
1637.5
1641.5
3167600
1641.5
1629
1655.5
1624
1642.5
2035600
1642.5
1652.5
1656
1629.5
1639.5
1976000
1639.5
1623.5
1625.5
1584
1586
2397800
1586
1598
1619
1585.5
1616.5
1944200
1616.5
1629.5
1646
1601
1614.5
2095700
1614.5
1593
1629.5
1574
1628.5
2126700
1628.5
1613.5
1621
1598
1603
2161000
1603
1593.5
1601
1573
1593.5
1779500
1593.5
1588.5
1599
1585
1597
1326600
1597
1645
1680.5
1628.5
1669
2581000
1669
1652
1652
1613.5
1625
2088500
1625
1630
1637
1609.5
1619.5
1613400
1619.5
1629
1633
1616
1619.5
1803500
1619.5
1642
1648.5
1624
1628.5
1789800
1628.5
1618
1646
1616.5
1645.5
1785000
1645.5
1658
1658.5
1631.5
1636
3235400
1636
1616
1621
1606
1607
2273100
1607
1602
1617.5
1594
1594.5
1824000
1594.5
1589
1594.5
1574.5
1578
2007800
1578
1576.5
1585.5
1568.5
1573.5
2095600
1573.5
1565.5
1586
1565
1577
1898100
1577
1566
1584
1565
1580.5
1969300
1580.5
1595.5
1616
1595.5
1608
1793400
1608
1599.5
1609
1586.5
1606.5
1735100
1606.5
1613
1614
1584
1593
1373000
1593
1606.5
1644
1602
1635.5
1551200
1635.5
1648
1659
1641
1657.5
3070200
1657.5
1661.5
1711.5
1660.5
1701.5
2251300
1701.5
1736.5
1768
1734
1752
2782800
1752
1765.5
1776
1745.5
1771
2776000
1771
1790
1811.5
1782
1805
5488200
1805
1774
1802.5
1765
1802.5
2969500
1802.5
1784.5
1809
1773
1805
2409000
1805
1818
1820
1792.5
1796
1685900
1796
1813.5
1815
1784
1791
3152300
1791
1773
1781
1754
1776.5
2044900
1776.5
1794.5
1803
1768
1773
2983800
1773
1758.5
1761.5
1716.5
1728
3270800
1728
1769
1780.5
1732
1733.5
2986400
1733.5
1728
1746
1720.5
1731.5
2853900
1731.5
1693
1714
1685
1695.5
2406700
1695.5
1701.5
1709.5
1676.5
1681.5
2084500
1681.5
1601.5
1606
1586.5
1600
4402100
1600
1586.5
1602
1577.5
1600.5
3210400
1600.5
1581.5
1586
1554
1558.5
2801900
1558.5
1557
1565
1534
1543.5
3451700
1543.5
1550
1556.5
1538
1550.5
2973800
1550.5
1553
1557.5
1519.5
1521.5
2625700
1521.5
1499
1504.5
1488
1495.5
2270900
1495.5
1489
1522.5
1485
1516.5
2194500
1516.5
1505
1518
1475
1475
2820200
1475
1505
1516
1488.5
1505
3376100
1505
1465
1467
1434.5
1441
3296700
1441
1459
1462
1415.5
1430
2461300
1430
1457.5
1467
1429
1433.5
1842300
1433.5
1431.5
1469.5
1426.5
1446
7572500
1446
1460.5
1482
1453.5
1482
1991000
1482
1474.5
1494
1456.5
1486.5
3096600
1486.5
1500
1506.5
1454
1500
3783600
1500
1509.5
1556.5
1485.5
1523
4208500
1523
1532
1562
1521.5
1552
2894000
1552
1560
1605.5
1556.5
1571.5
4325300
1571.5
1595
1617.5
1590.5
1607
3110800
1607
1611
1611
1587
1601.5
2095200
1601.5
1593.5
1615.5
1592
1614.5
1804900
1614.5
1580
1591
1565
1581
2672400
1581
1589
1602.5
1578.5
1584.5
1529000
1584.5
1571
1583
1558
1569
1341800
1569
1565.5
1580.5
1557
1574
1363600
1574
1568.5
1578.5
1557.5
1576
1267100
1576
1557
1598
1550.5
1597.5
2157000
1597.5
1557.5
1589.5
1545
1585.5
1814100
1585.5
1580
1580
1561.5
1568.5
1830800
1568.5
1571.5
1601.5
1568
1599.5
1569900
1599.5
1613
1620.5
1595
1602
1162500
1602
1600
1601
1578.5
1596.5
1331200
1596.5
1612.5
1642.5
1608
1625
1878500
1625
1638
1669.5
1603
1616
3284400
1616
1643
1686.5
1641
1672.5
1902900
1672.5
1677
1690
1646
1651.5
2413700
1651.5
1625
1642
1607.5
1614.5
2098400
1614.5
1606
1624
1579
1589
2031900
1589
1600
1616.5
1595
1603
1499600
1603
1573.5
1594.5
1573
1590
1634600
1590
1588.5
1595.5
1573
1585.5
2129700
1585.5
1613
1649.5
1602.5
1637.5
2100300
1637.5
1653
1671.5
1647.5
1660
2071400
1660
1657.5
1672.5
1620.5
1624.5
2914200
1624.5
1625.5
1675
1625.5
1643.5
2183900
1643.5
1640.5
1659
1624.5
1630.5
1766900
1630.5
1634
1645
1606.5
1622
1617400
1622
1612
1623
1565.5
1570.5
1716600
1570.5
1559
1565
1505
1510.5
3113400
1510.5
1454.5
1463.5
1417.5
1421.5
1785000
1421.5
1429.5
1450
1403
1430
1648100
1430
1486
1544
1476
1536.5
1919700
1536.5
1529
1561
1525.5
1548.5
1437300
1548.5
