1478
1482
1456
1475
2314500
1475
1481
1507
1479
1497
1897900
1497
1509
1513
1489
1504
1871600
1504
1513
1520
1486
1508
2445700
1508
1478
1515
1477
1515
1712300
1515
1517
1523
1504
1510
1531900
1510
1513
1523
1511
1518
1291400
1518
1521
1526
1511
1524
798900
1524
1521
1540
1515
1535
1437700
1535
1539
1543
1506
1512
1605600
1512
1516
1524
1512
1521
1092700
1521
1537
1540
1509
1519
936400
1519
1514
1527
1514
1521
1149800
1521
1507
1514
1503
1509
1111000
1509
1492
1495
1470
1478
1934400
1478
1482
1495
1471
1479
1263700
1479
1466
1490
1466
1482
1343900
1482
1487
1492
1470
1477
1265800
1477
1471
1471
1439
1443
2121900
1443
1572
1582
1543
1559
5155900
1559
1559
1559
1519
1540
2688600
1540
1513
1536
1502
1520
2466700
1520
1440
1446
1400
1433
3158700
1433
1460
1516
1455
1469
4395100
1469
1486
1535
1481
1516
3496000
1516
1452
1491
1449
1484
3159800
1484
1507
1511
1453
1463
2577600
1463
1467
1475
1423
1446
2496300
1446
1458
1460
1437
1441
1704600
1441
1444
1464
1438
1441
1345000
1441
1451
1471
1446
1470
941500
1470
1462
1467
1444
1454
953500
1454
1447
1453
1432
1441
1256600
1441
1421
1421
1405
1409
1855100
1409
1406
1421
1400
1418
1168400
1418
1428
1446
1426
1437
1197800
1437
1446
1458
1441
1454
1335600
1454
1448
1450
1415
1415
1916000
1415
1407
1409
1381
1387
1423800
1387
1340
1355
1328
1343
2153100
1343
1320
1334
1313
1321
1204300
1321
1340
1342
1330
1339
1631200
1339
1332
1344
1321
1337
2233400
1337
1348
1350
1328
1335
1495100
1335
1358
1358
1333
1340
2365900
1340
1360
1377
1357
1373
1647100
1373
1349
1371
1343
1370
1191100
1370
1360
1380
1360
1370
1141700
1370
1370
1385
1353
1381
1269900
1381
1400
1400
1359
1367
1391000
1367
1367
1385
1358
1378
1418900
1378
1368
1381
1365
1374
1105000
1374
1361
1378
1358
1377
1611400
1377
1323
1344
1315
1328
2722300
1328
1313
1343
1313
1343
1532800
1343
1359
1382
1356
1381
2113400
1381
1343
1367
1343
1367
1280400
1367
1380
1381
1350
1366
1252500
1366
1385
1389
1357
1369
1517800
1369
1360
1368
1349
1355
1956500
1355
1325
1339
1318
1334
1765200
1334
1336
1354
1324
1346
1351100
1346
1357
1359
1340
1348
1216500
1348
1335
1365
1335
1343
2348500
1343
1345
1349
1330
1332
1261200
1332
1321
1346
1311
1342
1897800
1342
1339
1354
1337
1346
1452600
1346
1370
1436
1327
1420
7409100
1420
1404
1408
1365
1368
3747900
1368
1376
1376
1350
1362
1326500
1362
1355
1361
1348
1351
898000
1351
1354
1369
1353
1366
1044800
1366
1372
1383
1370
1373
1309700
1373
1373
1395
1368
1380
1556300
1380
1379
1394
1379
1385
778900
1385
1400
1413
1397
1411
1292800
1411
1401
1416
1397
1413
926200
1413
1410
1412
1390
1394
1435900
1394
1321
1389
1308
1337
4101200
1337
1335
1341
1299
1309
2231600
1309
1308
1308
1271
1280
2706200
1280
1287
1291
1257
1264
2076300
1264
1277
1292
1269
1281
1888500
1281
1280
1282
1262
1277
1281600
1277
1273
1283
1270
1279
1039100
1279
1287
1293
1277
1292
1596500
1292
1286
1311
1284
1305
1178000
1305
1310
1313
1300
1306
1123900
1306
1309
1314
1289
1293
1200200
1293
1298
1307
1295
1306
853900
1306
1316
1318
1304
1313
829500
1313
1310
1313
1304
1308
662400
1308
1312
1312
1305
1310
698500
1310
1305
1306
1290
1299
1008000
1299
1289
1289
1256
1273
1995600
1273
1267
1268
1255
1262
1136700
1262
1267
1270
1252
1259
752900
1259
1250
1251
1225
1236
1187300
1236
1200
1211
1200
1210
2008000
1210
1227
1232
1216
1221
2033900
1221
1209
1230
1206
1214
1476200
1214
1228
1244
1224
1238
1466400
1238
1247
1247
1224
1227
1549600
1227
1212
1230
1211
1223
1490100
1223
1230
1249
1228
1243
1486700
1243
1236
1250
1232
1233
1864000
1233
1235
1239
1226
1230
1275700
1230
1243
1252
1222
1236
1739000
1236
1240
1249
1236
1243
951200
1243
1230
1234
1212
1212
1591500
1212
1224
1227
1207
1211
1753600
1211
1207
1210
1191
1197
932400
1197
1189
1194
1172
1172
1506300
1172
1174
1181
1158
1179
1530600
1179
1182
1194
1180
1183
1125900
1183
1169
1177
1157
1171
1369600
1171
1168
1173
1154
1164
1203500
1164
1156
1167
1141
1163
1022800
1163
1164
1166
1144
1151
793000
1151
1151
1177
1151
1170
1551700
1170
1170
1189
1162
1183
1282800
1183
1177
1200
1171
1171
1471500
1171
1173
1177
1150
1165
1516000
1165
1158
1166
1152
1157
1000200
1157
1159
1166
1151
1154
976100
1154
1155
1175
1152
1157
1332700
1157
1159
1161
1150
1157
1095200
1157
1167
1190
1163
1182
1780100
1182
1176
1176
1149
1168
1212600
1168
1172
1177
1156
1173
1410900
1173
1187
1195
1182
1190
1261200
1190
1200
1217
1198
1206
1461800
1206
1226
1230
1210
1211
1074900
1211
1217
1252
1215
1247
1970000
1247
1245
1263
1233
1262
2457800
1262
1249
1260
1237
1257
1335800
1257
1271
1271
1257
1257
1346400
1257
1267
1271
1259
1267
1284000
1267
1282
1291
1277
1282
1853300
1282
1286
1294
1278
1290
1884900
1290
1250
1267
1220
1252
3958800
1252
1260
1273
1254
1257
2038100
1257
1264
1265
1242
1253
1509200
1253
1250
1255
1209
1214
2985200
1214
1210
1224
1199
1204
1795800
1204
1208
1252
1208
1235
3064800
1235
1237
1243
1224
1228
1409300
1228
1222
1240
1220
1227
1640200
1227
1224
1231
1217
1219
1101800
1219
1218
1222
1205
1213
1614200
1213
1188
1195
1177
1178
1821600
1178
1173
1190
1167
1187
1586200
1187
1190
1198
1171
1181
1063700
1181
1170
1195
1164
1193
1274900
1193
1186
1197
1182
1192
1211100
1192
1189
1191
1181
1186
1210800
1186
1170
1176
1158
1168
1427500
1168
1172
1185
1167
1184
1312700
1184
1171
1173
1144
1151
2258700
1151
1150
1155
1137
1143
1602000
1143
1155
1171
1153
1161
1268000
1161
1174
1187
1174
1176
1605500
1176
1174
1191
1173
1184
1191500
1184
1190
1198
1183
1186
1499700
1186
1173
1182
1166
1170
1294400
1170
1169
1172
1159
1161
847700
1161
1154
1159
1144
1149
1204400
1149
1138
1145
1133
1137
1344600
1137
1128
1130
1116
1124
1723300
1124
1120
1122
1092
1097
2172800
1097
1097
1122
1096
1109
1828600
1109
1113
1125
1106
1123
1349900
1123
1123
1127
1100
1109
1412400
1109
1120
1132
1117
1124
1246000
1124
1136
1147
1131
1145
2055400
1145
1148
1204
1146
1186
2547800
1186
1213
1242
1212
1236
2586400
1236
1250
1255
1230
1244
2042900
1244
1256
1262
1243
1260
2307000
1260
1259
1259
1238
1251
2250000
1251
1222
1225
1205
1225
1958800
1225
1229
1241
1221
1223
1957300
1223
1231
1258
1227
1244
2537600
1244
1240
1251
1231
1244
1968900
1244
1258
1270
1246
1251
2246900
1251
1245
1249
1227
1235
1924600
1235
1247
1262
1244
1249
2312200
1249
1230
1241
1222
1234
2402300
1234
1216
1225
1190
1203
2264300
1203
1211
1212
1171
1180
2377100
1180
1143
1147
1121
1143
1933500
1143
1139
1153
1135
1147
2185200
1147
1132
1146
1124
1138
1311400
1138
1139
1157
1137
1155
1350100
1155
1167
1177
1155
1160
1803200
1160
1160
1160
1142
1150
1599700
1150
1134
1139
1126
1137
1664600
1137
1122
1143
1116
1135
1083400
1135
1105
1111
1080
1091
2605600
1091
1109
1109
1080
1090
1662900
1090
1041
1064
1030
1057
1780300
1057
1053
1068
1043
1053
1761000
1053
1069
1076
1051
1052
1094700
1052
1042
1081
1037
1080
4029800
1080
1099
1099
1064
1085
3714300
1085
1101
1123
1097
1108
2478200
1108
1104
1113
1077
1111
1958300
1111
1099
1102
1082
1092
1942100
1092
1122
1122
1094
1101
1721100
1101
1099
1112
1072
1077
1821900
1077
1092
1097
1081
1085
1126600
1085
1086
1094
1080
1084
1053200
1084
1075
1091
1071
1091
765800
1091
1068
1073
1049
1064
1049900
1064
1064
1080
1064
1075
900600
1075
1060
1062
1045
1059
1176200
1059
1056
1062
1032
1045
1853200
1045
1041
1065
1041
1065
1617800
1065
1049
1067
1041
1067
1483600
1067
1046
1062
1041
1060
1027600
1060
1070
1095
1069
1077
1706000
1077
1085
1110
1080
1106
1964100
1106
1125
1129
1111
1125
1140700
1125
1127
1133
1115
1129
1041200
1129
1136
1150
1132
1147
1091400
1147
1153
1165
1148
1160
1804600
1160
1180
1187
1172
1180
1138200
1180
1183
1188
1171
1173
1661700
1173
1155
1155
1127
1144
1854400
1144
1140
1141
1114
1125
1202800
1125
1139
1140
1108
1122
1096200
1122
1101
1108
1086
1101
1348300
1101
1098
1100
1072
1073
1436100
1073
1082
1107
1078
1100
1564100
1100
1114
1132
1111
1131
1296100
1131
1127
1146
1120
1123
2548300
1123
1136
1147
1131
1132
951200
1132
1123
1142
1117
1129
977200
1129
1107
1121
1099
1109
1123000
1109
1103
1107
1068
1073
1637700
1073
1052
1070
1046
1050
1901500
1050
1024
1030
986
994
1854500
994
1000
1014
983
1003
1259900
1003
1033
1048
1016
1045
1437500
1045
1028
1051
1026
1040
1062600
1040
