3925
3986
3906
3986
4962300
3986
4000
4054
3990
4021
4765200
4021
4042
4057
3997
4010
3447000
4010
4035
4151
4028
4102
4692400
4102
4035
4055
3998
4026
4031200
4026
4005
4010
3966
3968
5005900
3968
4000
4006
3971
3981
2975900
3981
3983
3998
3965
3989
2983200
3989
3989
4019
3977
4019
3653300
4019
4037
4043
3971
3977
4732000
3977
3993
4017
3981
4003
2991300
4003
4000
4000
3960
3980
2830500
3980
3993
4066
3991
4052
3664800
4052
4025
4031
3993
3994
2881200
3994
3943
3953
3925
3942
4274900
3942
3950
3968
3931
3933
3316700
3933
3922
3976
3899
3947
3107900
3947
3958
3985
3916
3925
3991000
3925
3890
3890
3817
3826
6285000
3826
3850
3871
3844
3859
4709900
3859
3858
3900
3840
3890
5681300
3890
3983
4030
3946
3971
9843400
3971
3831
3831
3723
3810
10651900
3810
3933
3947
3839
3840
9005600
3840
3884
3927
3849
3873
7623900
3873
3751
3796
3740
3795
8358200
3795
3798
3818
3724
3730
7767700
3730
3735
3755
3653
3687
6625700
3687
3732
3753
3703
3734
4167700
3734
3779
3825
3766
3774
5561400
3774
3798
3851
3791
3851
4143000
3851
3827
3832
3764
3785
3755100
3785
3840
3856
3818
3847
5442300
3847
3808
3808
3762
3807
4704200
3807
3834
3849
3816
3845
4220700
3845
3856
3917
3846
3893
3611400
3893
3922
3992
3921
3972
5066500
3972
3944
3956
3884
3885
4815300
3885
3852
3861
3822
3831
4596400
3831
3761
3761
3676
3686
6624300
3686
3647
3658
3595
3609
4804700
3609
3700
3723
3656
3666
4044100
3666
3649
3692
3628
3634
4809400
3634
3681
3693
3645
3666
4111200
3666
3677
3700
3612
3623
8181600
3623
3701
3742
3693
3739
4093000
3739
3687
3710
3659
3708
3605000
3708
3686
3712
3679
3687
3255900
3687
3662
3698
3654
3694
3006800
3694
3696
3699
3665
3678
6305200
3678
3658
3674
3635
3639
2937100
3639
3643
3655
3621
3642
3382100
3642
3661
3672
3621
3664
5481900
3664
3542
3552
3460
3471
8586300
3471
3434
3487
3427
3487
6594400
3487
3535
3616
3507
3616
6207900
3616
3571
3656
3539
3654
7300200
3654
3695
3700
3593
3641
5653800
3641
3684
3686
3636
3660
3889900
3660
3660
3686
3642
3642
2466700
3642
3597
3629
3581
3615
3601400
3615
3637
3679
3623
3662
4089300
3662
3704
3723
3659
3701
3847300
3701
3721
3739
3676
3681
4364700
3681
3670
3702
3659
3688
2524600
3688
3700
3803
3677
3784
6017700
3784
3768
3815
3758
3782
3969900
3782
3764
3768
3714
3735
3655500
3735
3761
3805
3752
3773
3243700
3773
3773
3790
3759
3782
2302900
3782
3775
3788
3757
3757
3537700
3757
3735
3751
3697
3717
4967600
3717
3730
3734
3690
3691
4628300
3691
3698
3712
3675
3682
3920300
3682
3682
3694
3671
3675
2791800
3675
3725
3745
3715
3740
4031100
3740
3721
3787
3718
3785
3401800
3785
3794
3808
3778
3797
3954500
3797
3827
3836
3744
3767
4516200
3767
3800
3802
3712
3730
5033900
3730
3740
3740
3631
3641
4273400
3641
3670
3670
3600
3619
3793700
3619
3629
3650
3614
3630
3461500
3630
3600
3610
3542
3547
5242500
3547
3571
3584
3545
3550
3536100
3550
3566
3626
3563
3623
4638000
3623
3600
3672
3584
3664
4132100
3664
3631
3672
3619
3645
3713500
3645
3620
3657
3620
3640
3418900
3640
3653
3668
3650
3659
3098900
3659
3675
3708
3665
3705
3429800
3705
3690
3716
3685
3689
3318100
3689
3687
3701
3677
3693
2643500
3693
3660
3686
3635
3655
3708000
3655
3630
3644
3517
3531
5780200
3531
3531
3535
3493
3498
4337200
3498
3515
3538
3491
3537
3493100
3537
3534
3547
3511
3535
2888700
3535
3444
3444
3405
3418
5510700
3418
3420
3472
3411
3447
12323200
3447
3471
3489
3433
3466
4883000
3466
3508
3559
3496
3549
3461400
3549
3526
3527
3471
3509
4136500
3509
3521
3541
3499
3510
4418300
3510
3544
3556
3533
3536
4033400
3536
3536
3567
3516
3517
6823100
3517
3517
3578
3517
3575
3946100
3575
3617
3619
3552
3555
3465500
3555
3578
3601
3572
3598
3668200
3598
3580
3589
3544
3544
3675200
3544
3560
3562
3518
3533
4673900
3533
3515
3524
3478
3487
3077600
3487
3456
3473
3430
3433
4745800
3433
3430
3431
3370
3421
5014600
3421
3401
3430
3385
3409
3674800
3409
3366
3366
3316
3342
5463200
3342
3351
3351
3306
3310
3292200
3310
3283
3325
3252
3319
4536700
3319
3287
3288
3220
3225
5466700
3225
3212
3250
3208
3229
5244200
3229
3209
3253
3201
3253
4765800
3253
3227
3254
3186
3194
4788100
3194
3228
3228
3183
3210
4486800
3210
3181
3212
3171
3188
3790800
3188
3195
3218
3174
3184
3733700
3184
3215
3260
3213
3228
5818200
3228
3227
3250
3218
3240
3858600
3240
3280
3302
3259
3273
5328800
3273
3241
3252
3206
3238
4038200
3238
3247
3274
3220
3259
4133200
3259
3261
3306
3252
3292
4849500
3292
3283
3348
3260
3323
4778500
3323
3367
3376
3332
3332
4566100
3332
3316
3345
3298
3323
3292900
3323
3302
3319
3272
3292
4240100
3292
3248
3278
3235
3253
3677300
3253
3298
3308
3285
3293
2992000
3293
3305
3332
3296
3327
3449700
3327
3370
3379
3323
3343
4096700
3343
3355
3365
3342
3365
3606000
3365
3369
3386
3367
3374
2423800
3374
3394
3404
3352
3355
4672300
3355
3495
3495
3431
3454
4925400
3454
3411
3443
3347
3355
5342000
3355
3391
3407
3372
3380
3602400
3380
3405
3436
3380
3392
2505000
3392
3398
3427
3382
3427
3314200
3427
3450
3455
3417
3425
3347400
3425
3420
3420
3375
3381
2666300
3381
3398
3406
3366
3368
3419600
3368
3343
3348
3265
3272
3754600
3272
3315
3337
3284
3336
2439800
3336
3329
3353
3269
3286
2960500
3286
3283
3300
3239
3292
3707400
3292
3350
3351
3302
3313
3072700
3313
3310
3321
3290
3314
2644300
3314
3315
3334
3294
3321
3392900
3321
3346
3393
3337
3384
3293500
3384
3356
3365
3311
3318
3208900
3318
3310
3326
3283
3290
2376400
3290
3309
3347
3308
3335
1948500
3335
3410
3420
3377
3377
3719200
3377
3377
3408
3367
3395
2674200
3395
3408
3413
3356
3356
3531200
3356
3320
3321
3291
3292
4347900
3292
3278
3287
3246
3256
2672400
3256
3256
3256
3208
3218
3287500
3218
3217
3217
3181
3184
4028800
3184
3188
3205
3173
3183
3404800
3183
3221
3221
3146
3173
3902800
3173
3140
3168
3133
3159
3003100
3159
3165
3181
3142
3174
3536700
3174
3155
3155
3107
3117
4210200
3117
3131
3186
3123
3178
4019600
3178
3189
3219
3180
3217
6734300
3217
3192
3285
3191
3284
6561600
3284
3318
3394
3312
3383
5403700
3383
3425
3428
3380
3418
4681300
3418
3443
3491
3428
3491
8320700
3491
3500
3519
3458
3516
6214500
3516
3452
3479
3400
3427
6281500
3427
3470
3484
3406
3407
5828100
3407
3462
3464
3416
3439
5554600
3439
3400
3465
3383
3434
4391500
3434
3466
3502
3457
3486
6194800
3486
3428
3441
3338
3338
7439100
3338
3400
3402
3338
3346
5456100
3346
3316
3351
3306
3326
4682100
3326
3264
3278
3215
3223
6447500
3223
3231
3242
3191
3207
4958200
3207
3100
3122
3068
3085
8620800
3085
3054
3092
3052
3092
6115100
3092
3060
3062
3010
3011
5410800
3011
3024
3068
3019
3068
4308900
3068
3084
3106
3072
3097
4538400
3097
3100
3108
3081
3094
4952800
3094
3057
3065
3034
3065
3906300
3065
3054
3087
3031
3078
3657300
3078
3056
3061
3007
3011
5137400
3011
3060
3060
3003
3019
4899700
3019
2950
2966
2916
2926.5
5773800
2926.5
2972
2998
2942
2977.5
6344800
2977.5
2999.5
3029
2976
2985
4107400
2985
2980
3048
2972.5
3044
12156300
3044
3135
3241
3121
3241
10413700
3241
3241
3287
3238
3251
5789800
3251
3258
3266
3197
3248
6950300
3248
3199
3242
3164
3216
3709100
3216
3234
3323
3232
3317
4732000
3317
3295
3310
3214
3229
6025200
3229
3287
3288
3250
3264
3559100
3264
3266
3291
3245
3280
3373100
3280
3252
3283
3244
3282
2611100
3282
3212
3219
3158
3210
4036400
3210
3223
3292
3215
3223
4342000
3223
3220
3220
3184
3206
2821900
3206
3211
3231
3171
3184
3098200
3184
3179
3199
3151
3179
2463400
3179
3148
3191
3145
3166
3264100
3166
3107
3152
3101
3146
4020400
3146
3146
3169
3137
3158
2728400
3158
3136
3162
3114
3158
2706200
3158
3198
3223
3179
3205
4260400
3205
3205
3209
3139
3161
3615200
3161
3157
3174
3139
3142
3672500
3142
3171
3224
3161
3202
6185400
3202
3250
3284
3214
3269
3948500
3269
3300
3300
3187
3191
4743700
3191
3120
3133
3092
3115
4198900
3115
3115
3128
3066
3079
4359400
3079
3111
3112
3073
3086
3929400
3086
3003
3040
3000
3033
4018200
3033
3048
3052
2992.5
3021
5218300
3021
3067
3101
3060
3082
5355100
3082
3112
3136
3098
3114
4797600
3114
3078
3104
3042
3054
7639000
3054
3054
3079
3049
3050
4390200
3050
3049
3067
3012
3028
4097200
3028
3029
3063
3019
3047
5364700
3047
3022
3036
2952.5
2964
5057000
2964
2957
2973.5
2917
2921.5
6402700
2921.5
2839.5
2849.5
2747
2756
5313200
2756
2778
2799.5
2733
2781.5
3793500
2781.5
2881.5
2918
2854
2896.5
5622100
2896.5
2887
2912.5
2852
2894.5
4572500
2894.5
