6600
6744
6588
6742
1936800
6742
6742
6775
6681
6740
2008000
6740
6800
6811
6648
6653
2095400
6653
6650
6699
6636
6666
1071800
6666
6634
6644
6528
6564
1662700
6564
6570
6642
6564
6595
1845700
6595
6590
6596
6483
6487
1648900
6487
6501
6517
6440
6496
1423000
6496
6484
6531
6462
6509
1620700
6509
6609
6635
6501
6533
2475400
6533
6567
6632
6562
6604
1310000
6604
6556
6558
6494
6522
1533200
6522
6548
6602
6531
6590
1281000
6590
6551
6604
6526
6555
1284700
6555
6498
6499
6396
6409
1502900
6409
6209
6265
6140
6184
4414300
6184
6184
6341
6085
6307
3152800
6307
6275
6332
6193
6270
2417500
6270
6273
6325
6225
6228
2138900
6228
6261
6284
6214
6244
1502300
6244
6200
6217
6142
6149
2222900
6149
6066
6146
6048
6091
2518100
6091
5930
6088
5815
6088
4490200
6088
6254
6270
6021
6024
4094300
6024
6115
6200
6074
6107
2419200
6107
5861
6009
5832
5973
3677500
5973
6033
6075
5937
5976
3171800
5976
5958
5999
5852
5875
2288100
5875
5943
5992
5901
5954
1745400
5954
6010
6090
5972
6004
1906700
6004
6024
6063
6001
6030
1248000
6030
6004
6040
5931
5956
1407500
5956
5983
6061
5967
5996
1219400
5996
5955
5958
5909
5934
1666700
5934
5947
6004
5937
5988
1193100
5988
6001
6109
5999
6073
2037700
6073
6120
6220
6112
6216
2410500
6216
6217
6265
6146
6146
2094100
6146
6097
6100
6002
6039
1912600
6039
5907
5958
5876
5929
2440800
5929
5851
5879
5709
5730
1959300
5730
5860
5928
5839
5872
1633300
5872
5800
5826
5755
5765
2117400
5765
5800
5806
5741
5760
1314200
5760
5767
5858
5701
5725
2733600
5725
5811
5852
5755
5793
1043200
5793
5697
5737
5667
5731
1846800
5731
5672
5726
5670
5697
1265400
5697
5700
5771
5676
5750
1020500
5750
5798
5808
5685
5700
1436400
5700
5651
5742
5643
5698
1074200
5698
5617
5667
5598
5660
1325600
5660
5627
5700
5607
5694
1520900
5694
5573
5641
5548
5562
2915700
5562
5493
5567
5444
5567
1601100
5567
5642
5759
5637
5751
2107900
5751
5639
5642
5538
5637
1826100
5637
5737
5758
5662
5703
2005700
5703
5761
5776
5695
5730
1205800
5730
5773
5838
5742
5765
1137100
5765
5699
5749
5667
5722
1430200
5722
5779
5849
5771
5815
1679700
5815
5863
5909
5813
5857
1592400
5857
5884
5926
5844
5857
1456400
5857
5867
5912
5845
5869
1071100
5869
5826
5923
5803
5869
1156800
5869
5910
5949
5894
5904
1477600
5904
5860
5896
5795
5875
1115800
5875
5919
5965
5901
5912
1447300
5912
5898
5899
5848
5881
1080200
5881
5857
5893
5830
5842
973300
5842
5842
5888
5821
5875
1175500
5875
5841
5845
5801
5805
1744100
5805
5757
5827
5740
5747
2116600
5747
5789
5806
5719
5725
1430600
5725
5769
5834
5736
5823
1265600
5823
5782
5863
5765
5844
1076000
5844
5840
5861
5816
5843
1027100
5843
5930
5932
5847
5891
1837700
5891
5936
5950
5837
5894
1112800
5894
5899
5906
5862
5875
855800
5875
5890
5890
5820
5833
1447100
5833
5831
5844
5766
5829
1401700
5829
5791
5829
5701
5721
1824300
5721
5726
5735
5618
5638
2359300
5638
6138
6188
5834
6143
5356600
6143
6103
6169
6093
6130
1849100
6130
6213
6350
6211
6278
3134900
6278
6244
6257
6169
6174
1608200
6174
6226
6259
6180
6195
1441700
6195
6322
6400
6300
6380
2667200
6380
6420
6471
6374
6397
1846100
6397
6427
6428
6346
6379
1062200
6379
6365
6405
6318
6365
1469500
6365
6355
6367
6204
6248
1914600
6248
6188
6251
6143
6161
1888200
6161
6190
6288
6190
6285
1377600
6285
6310
6369
6276
6325
1442700
6325
6240
6293
6132
6169
2056000
6169
6315
6317
6167
6262
2140200
6262
6336
6340
6222
6276
1303200
6276
6359
6443
6301
6427
1695700
6427
6455
6458
6385
6420
1320900
6420
6411
6430
6355
6391
1483000
6391
6450
6492
6372
6376
1318600
6376
6415
6467
6400
6436
2085400
6436
6454
6464
6403
6439
791100
6439
6495
6513
6396
6431
1689600
6431
6432
6497
6430
6466
1432100
6466
6395
6422
6347
6359
1444200
6359
6420
6449
6381
6428
1257000
6428
6386
6422
6343
6417
1029000
6417
6435
6474
6346
6354
1512600
6354
6354
6390
6246
6314
1992500
6314
6263
6296
6253
6260
1394200
6260
6227
6324
6223
6321
1624900
6321
6250
6263
6166
6173
1286100
6173
6126
6172
6104
6129
1630000
6129
6100
6140
6079
6104
1109800
6104
6113
6183
6104
6112
1175100
6112
6092
6125
6031
6118
1486700
6118
6083
6172
6039
6048
1174400
6048
6037
6057
6001
6053
1425100
6053
6054
6114
6041
6073
955800
6073
6066
6124
6041
6074
935600
6074
6146
6183
6101
6134
1483100
6134
6146
6195
6127
6181
857500
6181
6230
6289
6209
6253
1517400
6253
6216
6218
6103
6177
1159600
6177
6161
6277
6156
6250
1124700
6250
6253
6292
6204
6268
1315500
6268
6368
6515
6356
6504
2808300
6504
6570
6621
6542
6590
2272200
6590
6589
6696
6569
6669
2180700
6669
6695
6749
6631
6679
1958900
6679
6600
6666
6545
6631
1441300
6631
6696
6714
6646
6659
1066500
6659
6699
6704
6644
6650
835600
6650
6800
6839
6735
6745
1535800
6745
6660
6665
6599
6652
1391600
6652
6628
6648
6586
6624
788000
6624
6625
6645
6550
6551
1759400
6551
6603
6654
6577
6592
1577300
6592
6536
6553
6439
6453
1906100
6453
7200
7285
6945
7005
5289900
7005
7100
7355
7073
7327
3682600
7327
7519
7680
7405
7474
4677200
7474
7440
7499
7379
7390
3003500
7390
7190
7239
6908
6944
8122800
6944
7208
7234
7030
7060
3974800
7060
7090
7253
7086
7163
3495000
7163
7313
7530
7293
7530
3666000
7530
7520
7521
7359
7475
3172500
7475
7430
7615
7413
7607
3520100
7607
7587
7666
7450
7507
3335900
7507
7350
7485
7305
7453
3008600
7453
7392
7510
7389
7423
3211100
7423
7613
7648
7494
7639
3036200
7639
7575
7577
7250
7274
4581100
7274
7232
7270
7116
7208
3307400
7208
7241
7299
7185
7200
2172000
7200
7249
7387
7225
7300
2012100
7300
7292
7417
7272
7354
1622100
7354
7282
7359
7215
7237
2293100
7237
7190
7295
7176
7230
1981600
7230
7150
7282
7149
7253
1296100
7253
7258
7304
7201
7226
1465400
7226
7218
7389
7213
7303
2312500
7303
7250
7328
7210
7225
1674400
7225
7246
7254
7064
7091
2294700
7091
7043
7191
7036
7148
1718200
7148
7050
7116
6975
7084
1731200
7084
7066
7137
7054
7085
1481900
7085
7075
7158
7011
7079
1734300
7079
7001
7085
6856
6895
4586800
6895
6949
7180
6933
7100
2390700
7100
7220
7230
7101
7101
1632500
7101
7153
7197
7029
7042
2019600
7042
7043
7132
7000
7106
1825800
7106
7052
7066
6839
6885
3413000
6885
6698
6791
6574
6578
5838400
6578
6614
6746
6614
6632
3120200
6632
6600
6671
6433
6508
4079100
6508
6443
6539
6437
6480
2149800
6480
6512
6626
6483
6518
2714300
6518
6489
6498
6403
6430
2122500
6430
6459
6461
6337
6389
2491900
6389
6307
6327
6200
6200
3286100
6200
6083
6126
6031
6071
2996400
6071
6081
6104
5959
5977
2549700
5977
5764
5898
5744
5881
3574200
5881
5882
5948
5856
5903
2830300
5903
5863
5887
5764
5775
2590900
5775
5871
5915
5807
5874
2159700
5874
5915
5938
5782
5810
2345200
5810
5840
5868
5745
5777
1806400
5777
5697
5720
5637
5704
1841000
5704
5704
5741
5596
5682
2156700
5682
5655
5670
5580
5600
1829600
5600
5620
5637
5525
5569
1803900
5569
5473
5519
5374
5392
2205500
5392
5555
5693
5527
5577
4485900
5577
5592
5650
5423
5426
2363500
5426
5405
5555
5367
5538
4377200
5538
5590
5650
5528
5650
2184300
5650
5733
5733
5532
5643
2316400
5643
5143
5518
5056
5501
4378500
5501
5466
5474
5307
5319
1638600
5319
5350
5527
5343
5505
1886600
5505
5527
5639
5456
5478
2475300
5478
5522
5600
5357
5370
2149900
5370
5382
5516
5382
5502
2000800
5502
5442
5494
5386
5425
932600
5425
5310
5339
5185
5232
1793500
5232
5261
5390
5259
5374
1581700
5374
5348
5387
5302
5346
1164900
5346
5357
5397
5287
5322
1141500
5322
5266
5359
5265
5337
1106200
5337
5272
5376
5264
5330
1039000
5330
5217
5287
5202
5275
1073200
5275
5264
5360
5246
5345
1128000
5345
5374
5450
5353
5443
1792300
5443
5480
5505
5397
5438
1340600
5438
5427
5427
5254
5278
2098000
5278
5232
5504
5221
5481
2877100
5481
5520
5709
5501
5655
3078100
5655
5780
5802
5604
5655
2745400
5655
5788
5821
5641
5644
2197400
5644
5605
5702
5512
5556
2196600
5556
5515
5543
5377
5414
2049000
5414
5551
5598
5441
5568
1768800
5568
5430
5468
5343
5420
1336700
5420
5399
5407
5220
5319
2048500
5319
5330
5486
5295
5477
1880400
5477
5567
5587
5468
5537
1387500
5537
5482
5579
5414
5417
2173300
5417
5386
5533
5386
5486
1382700
5486
5435
5602
5411
5562
1737100
5562
5633
5748
5581
5699
2753400
5699
5677
5826
5661
5714
3537900
5714
5647
5699
5533
5565
3484300
5565
5423
5465
5251
5272
2137100
5272
5320
5413
5212
5348
2212600
5348
5500
5614
5456
5562
2325700
5562
5531
5617
5523
5567
1376800
5567
