4390
4470
4380
4470
1781800
1117.5
4470
4540
4445
4525
1215400
1131.3
4565
4565
4495
4505
904200
1126.3
4475
4490
4420
4435
848800
1108.8
4415
4425
4385
4405
757700
1101.3
4340
4350
4225
4240
2050000
1060
4285
4300
4245
4250
1061800
1062.5
4250
4270
4235
4255
655700
1063.8
4255
4260
4220
4240
1220600
1060
4265
4305
4235
4245
1811100
1061.3
4260
4270
4190
4205
1399100
1051.3
4205
4230
4200
4215
655800
1053.8
4245
4345
4245
4335
1352900
1083.8
4335
4345
4290
4300
1297500
1075
4265
4270
4220
4245
1237400
1061.3
4315
4335
4275
4280
1059000
1070
4255
4290
4250
4255
971800
1063.8
4270
4315
4235
4255
1268900
1063.8
4260
4270
4185
4195
1885300
1048.8
4180
4235
4170
4225
1126500
1056.3
4215
4240
4190
4220
924400
1055
4170
4215
4105
4135
1858500
1033.8
3985
4055
3915
4050
3652900
1012.5
4140
4175
4075
4085
2054000
1021.3
4085
4155
4080
4135
1587600
1033.8
4050
4115
4030
4115
2375500
1028.8
4325
4325
4120
4130
2336700
1032.5
4080
4090
3995
4055
2377800
1013.8
4085
4145
4065
4140
1496600
1035
4140
4200
4110
4180
874600
1045
4210
4280
4175
4275
651500
1068.8
4265
4265
4200
4215
1046700
1053.8
4215
4235
4165
4185
1122200
1046.3
4175
4195
4105
4120
1139300
1030
4140
4150
4115
4140
709700
1035
4170
4260
4165
4240
969300
1060
4285
4360
4280
4355
1664900
1088.8
4370
4395
4280
4305
1516500
1076.3
4300
4300
4225
4245
1013100
1061.3
4160
4165
4040
4055
1690500
1013.8
4000
4020
3940
3960
1181400
991.3
4030
4100
4025
4065
1142600
1016.3
4015
4075
4005
4050
1071800
1012.5
4085
4085
4015
4040
1113300
1010
4065
4155
4060
4095
1933300
1023.8
4150
4150
4085
4120
775400
1030
4095
4195
4090
4190
610700
1047.5
4140
4170
4115
4140
694200
1035
4125
4155
4085
4140
667000
1035
4190
4190
4075
4095
987400
1023.8
4060
4090
4005
4030
616900
1007.5
4000
4050
3980
4045
636500
1011.3
4040
4090
4040
4080
1273300
1020
3920
3960
3865
3900
2692500
975
3860
4010
3860
4005
1432000
1001.3
4015
4060
4010
4050
1796300
1012.5
3960
4030
3950
4005
1507100
1001.3
4065
4080
4000
4020
1103800
1005
4080
4095
4010
4040
1042900
1010
3990
4010
3945
3945
898800
986.3
3900
3915
3865
3880
1515400
970
3880
3960
3860
3945
1377500
986.3
3970
4030
3950
4010
972600
1002.5
4130
4165
4025
4030
2395700
1007.5
4005
4035
3995
4025
1027000
1006.3
4000
4025
3980
4005
1075800
1001.3
3980
3995
3925
3940
850600
985
3920
3925
3885
3915
757200
978.8
3930
3980
3915
3920
1118500
980
3960
4005
3955
3990
970900
997.5
4000
4015
3970
3995
740300
998.8
3975
4035
3970
4025
945300
1006.3
4040
4055
4005
4010
866200
1002.5
4010
4020
3970
4000
927300
1000
4005
4005
3955
3965
862000
991.3
3990
4055
3970
4045
975100
1011.3
4050
4095
4030
4090
982300
1022.5
4090
4145
4075
4095
1294000
1023.8
4140
4140
4075
4085
1169500
1021.3
4085
4160
4070
4070
1007600
1017.5
4060
4060
4005
4020
857100
1005
4040
4055
3995
4040
644600
1010
4025
4075
4025
4035
896400
1008.8
4010
4035
3980
3995
712500
998.8
4015
4050
3990
4040
553900
1010
4050
4090
4020
4025
1148200
1006.3
3850
3935
3790
3905
2713900
976.3
3890
3930
3850
3890
1892900
972.5
3900
3920
3875
3905
1329000
976.3
3925
3930
3895
3900
1145800
975
3880
3910
3860
3895
1809600
973.8
3880
3915
3875
3890
1223400
972.5
3880
3910
3870
3905
937300
976.3
3870
3900
3835
3850
1123600
962.5
3835
3840
3775
3785
1295100
946.3
3765
3855
3760
3850
961500
962.5
3850
3860
3825
3860
843800
965
3820
3830
3790
3825
1242700
956.3
3735
3790
3710
3755
2074300
938.8
3775
3870
3775
3860
1904700
965
4000
4065
3985
4015
2933500
1003.8
4100
4240
4095
4230
2632800
1057.5
4280
4330
4235
4250
1452600
1062.5
4230
4260
4160
4220
1316600
1055
4250
4260
4080
4095
1273500
1023.8
4095
4165
4090
4090
1563500
1022.5
4105
4140
4090
4100
643200
1025
4125
4155
4090
4100
1190000
1025
4080
4135
4075
4115
1048400
1028.8
4125
4150
4120
4130
1043200
1032.5
4155
4170
4120
4130
1180400
1032.5
4130
4140
4110
4135
922700
1033.8
4115
4160
4115
4120
1167600
1030
4125
4140
4095
4130
1394200
1032.5
4095
4175
4095
4155
1209000
1038.8
4100
4120
4065
4115
1212000
1028.8
4130
4170
4120
4135
742800
1033.8
4115
4190
4085
4130
1090400
1032.5
4155
4225
4125
4195
1111800
1048.8
4170
4180
4110
4165
984700
1041.3
4170
4175
4145
4150
806000
1037.5
4170
4225
4155
4165
1011100
1041.3
4155
4180
4065
4100
1080600
1025
4080
4150
4080
4135
492400
1033.8
4140
4170
4115
4145
813700
1036.3
4185
4195
4115
4150
1025500
1037.5
4170
4260
4150
4250
943800
1062.5
4270
4365
4265
4330
1258700
1082.5
4290
4290
4200
4210
1170300
1052.5
4250
4270
4225
4245
899100
1061.3
4295
4345
4290
4325
1378100
1081.3
4330
4470
4310
4410
1786900
1102.5
4430
4475
4420
4450
1460100
1112.5
4450
4460
4400
4425
1345600
1106.3
4450
4460
4380
4445
1648700
1111.3
4430
4435
4405
4435
936400
1108.8
4460
4535
4455
4475
1297400
1118.8
4490
4495
4425
4430
1176100
1107.5
4500
4510
4445
4465
909700
1116.3
4475
4530
4460
4520
953700
1130
4500
4520
4485
4500
780700
1125
4500
4540
4490
4525
1289400
1131.3
4550
4595
4520
4555
1073500
1138.8
4575
4605
4555
4580
1449500
1145
4580
4580
4495
4530
1558400
1132.5
4510
4525
4495
4505
764000
1126.3
4465
4525
4465
4515
1006300
1128.8
4445
4510
4300
4475
2669300
1118.8
4480
4570
4465
4540
1069800
1135
4555
4560
4420
4430
1545600
1107.5
4380
4405
4340
4340
1073300
1085
4370
4525
4355
4515
1191000
1128.8
4515
4535
4475
4520
900300
1130
4450
4500
4425
4455
1093800
1113.8
4495
4530
4475
4505
832200
1126.3
4535
4565
4490
4515
763500
1128.8
4465
4520
4450
4490
799500
1122.5
4505
4520
4480
4495
744100
1123.8
4515
4515
4430
4435
920300
1108.8
4450
4530
4445
4515
954400
1128.8
4535
4585
4535
4575
685200
1143.8
4600
4615
4535
4535
984600
1133.8
4560
4620
4560
4580
955000
1145
4600
4620
4460
4470
1574000
1117.5
4460
4590
4435
4525
1478700
1131.3
4505
4540
4500
4510
636500
1127.5
4570
4585
4500
4515
872200
1128.8
4495
4525
4425
4425
1251700
1106.3
4360
4395
4320
4335
1288400
1083.8
4295
4320
4270
4295
1011000
1073.8
4275
4345
4270
4285
797800
1071.3
4260
4305
4215
4285
997700
1071.3
4300
4335
4265
4295
1317300
1073.8
4290
4295
4240
4250
1111200
1062.5
4260
4290
4245
4265
1858500
1066.3
4295
4405
4280
4365
1592300
1091.3
4425
4590
4425
4475
2225400
1118.8
4455
4465
4375
4380
1604800
1095
4375
4395
4340
4340
1716000
1085
4355
4425
4330
4400
1232500
1100
4420
4460
4370
4430
1489200
1107.5
4425
4530
4420
4470
1271200
1117.5
4485
4515
4420
4435
1542500
1108.8
4425
4425
4340
4370
1222400
1092.5
4400
4520
4390
4445
1988000
1111.3
4465
4500
4415
4460
1892300
1115
4445
4515
4440
4475
1988400
1118.8
4430
4470
4380
4435
1420100
1108.8
4380
4425
4335
4380
1373600
1095
4395
4475
4375
4430
1947900
1107.5
4290
4305
4210
4230
2009200
1057.5
4180
4250
4145
4230
1971900
1057.5
4165
4175
4130
4145
1328700
1036.3
4090
4140
4070
4115
1076300
1028.8
4145
4190
4130
4165
1119300
1041.3
4165
4185
4120
4125
762700
1031.3
4055
4145
4050
4095
1016900
1023.8
4025
4060
3985
4015
1378000
1003.8
3945
3985
3910
3930
2155900
982.5
3955
4010
3945
3955
1314000
988.8
3855
3870
3775
3795
1581800
948.8
3810
3845
3725
3785
1647000
946.3
3800
3815
3710
3715
923600
928.8
3700
3740
3655
3710
1427700
927.5
3735
3770
3700
3770
1207000
942.5
3765
3795
3720
3775
932500
943.8
3810
3900
3790
3890
1707300
972.5
3850
3865
3790
3840
1402300
960
3860
3885
3745
3760
1207000
940
3590
3635
3490
3590
3095600
897.5
3650
3700
3635
3680
1657700
920
3700
3740
3630
3690
1904000
922.5
3680
3760
3680
3745
1681400
936.3
3645
3675
3600
3670
1924700
917.5
3700
3725
3650
3665
1688600
916.3
3620
3660
3605
3655
1060900
913.8
3665
3700
3635
3660
1045100
915
3660
3730
3660
3730
720900
932.5
3635
3655
3590
3625
1330100
906.3
3525
3530
3175
3310
6928700
827.5
3380
3445
3300
3350
2353300
837.5
3295
3325
3195
3280
3328200
820
3345
3380
3290
3370
1589400
842.5
3340
3350
3260
3260
1576200
815
3270
3305
3210
3215
1838500
803.8
3145
3225
3135
3195
1850200
798.8
3225
3230
3185
3190
1307200
797.5
3185
3215
3110
3120
1720900
780
3075
3155
3070
3120
1486000
780
3100
3140
3095
3115
1729700
778.8
3160
3195
3115
3160
1433300
790
3095
3120
3085
3120
1133900
780
3165
3170
3115
3160
1878300
790
3215
3275
3210
3260
1806200
815
3290
3325
3260
3315
1344600
828.8
3290
3330
3210
3220
2199900
805
3235
3285
3230
3270
909700
817.5
3230
3255
3190
3190
1396200
797.5
3210
3270
3195
3255
1219900
813.8
3240
3290
3180
3220
1820000
805
3270
3280
3205
3230
2029700
807.5
3110
3145
3035
3060
1460500
765
3175
3285
3170
3265
1872200
816.3
3370
3415
3320
3395
1614400
848.8
3385
3385
3330
3375
1226700
843.8
