4249
4279
4240
4279
5603500
4279
4282
4286
4240
4262
5013000
4262
4300
4359
4291
4358
7659100
4358
4337
4352
4308
4332
3714400
4332
4301
4337
4299
4336
3614400
4336
4317
4324
4274
4281
4754500
4281
4310
4324
4305
4319
2637800
4319
4318
4332
4315
4331
2468800
4331
4320
4338
4310
4334
2882200
4334
4348
4370
4293
4304
4373700
4304
4321
4341
4316
4331
2679900
4331
4326
4359
4324
4359
3302800
4359
4356
4372
4350
4369
3818900
4369
4350
4352
4328
4336
2518900
4336
4275
4301
4257
4296
3559000
4296
4317
4325
4277
4280
2363900
4280
4280
4288
4261
4266
2684700
4266
4260
4270
4221
4243
4008900
4243
4303
4378
4300
4349
9388100
4349
4360
4366
4316
4360
3902800
4360
4337
4395
4335
4389
6047100
4389
4301
4309
4241
4246
5483600
4246
4100
4117
4032
4091
9141100
4091
4169
4211
4056
4058
7504400
4058
4074
4105
4062
4081
4350900
4081
3960
3995
3953
3973
6087900
3973
3973
4009
3926
3935
5778900
3935
3998
4003
3888
3901
5056800
3901
3941
3973
3936
3954
3919200
3954
3993
4008
3965
3971
4446000
3971
3983
4004
3973
3996
2440400
3996
3989
3998
3940
3953
3055200
3953
3991
4015
3968
4002
4030600
4002
3990
3996
3933
3941
3582300
3941
3944
3971
3928
3966
2619700
3966
4020
4042
4010
4033
2859100
4033
4084
4127
4069
4121
4336500
4121
4150
4178
4096
4096
4886900
4096
4070
4081
4006
4021
3736600
4021
3961
3985
3914
3924
4880800
3924
3902
3915
3878
3895
3220300
3895
3949
3970
3901
3903
3513500
3903
3884
3911
3860
3861
4366800
3861
3900
3905
3860
3869
3290400
3869
3907
3935
3855
3880
5834300
3880
3944
3972
3931
3959
2677100
3959
3968
3978
3945
3970
2814200
3970
3945
3974
3931
3957
3829900
3957
3933
3954
3911
3947
2635600
3947
3949
3950
3891
3910
4197700
3910
3910
3926
3852
3876
3279600
3876
3869
3884
3836
3859
3860600
3859
4023
4030
3910
3945
6894400
3945
3859
3859
3791
3800
7073100
3800
3802
3829
3774
3806
5484500
3806
3820
3849
3784
3848
5545000
3848
3820
3858
3810
3850
5297400
3850
3880
3897
3825
3850
3603300
3850
3865
3870
3841
3853
3749000
3853
3860
3888
3855
3860
2051100
3860
3825
3826
3797
3805
4395200
3805
3833
3839
3802
3805
4281800
3805
3859
3899
3847
3891
4136200
3891
3870
3873
3822
3826
4907300
3826
3832
3863
3825
3850
2915000
3850
3841
3934
3840
3923
4657200
3923
3950
3955
3900
3900
3699400
3900
3908
3908
3858
3867
2860000
3867
3860
3889
3853
3865
4073100
3865
3874
3890
3865
3883
2670100
3883
3883
3891
3867
3877
2291300
3877
3898
3901
3862
3877
3849000
3877
3878
3904
3867
3870
3607600
3870
3863
3885
3856
3882
2934300
3882
3898
3912
3860
3860
3377300
3860
3879
3900
3860
3897
3477500
3897
3860
3872
3827
3833
5802900
3833
3854
3868
3811
3811
6593200
3811
3808
3811
3766
3790
6966300
3790
3771
3799
3770
3781
3823000
3781
3781
3790
3775
3775
4061600
3775
3770
3781
3759
3771
4025700
3771
3771
3796
3761
3784
3794000
3784
3780
3814
3779
3789
5064400
3789
3813
3813
3788
3790
3346800
3790
3817
3818
3786
3796
3989900
3796
3797
3806
3783
3803
3096600
3803
3812
3815
3797
3798
3141600
3798
3792
3803
3782
3782
4252000
3782
3790
3804
3788
3797
2632300
3797
3805
3822
3804
3820
3103200
3820
3820
3824
3805
3808
2537000
3808
3811
3813
3795
3795
3133400
3795
3803
3811
3782
3784
4343000
3784
3781
3786
3750
3752
5252800
3752
3753
3770
3747
3761
3484100
3761
3770
3770
3749
3759
2303100
3759
3750
3762
3743
3759
3274200
3759
3719
3719
3696
3696
5122300
3696
3720
3738
3702
3714
10370200
3714
3700
3718
3686
3701
3587200
3701
3730
3773
3721
3762
3152500
3762
3765
3779
3753
3756
2985900
3756
3755
3763
3736
3754
3148900
3754
3780
3791
3763
3763
4142600
3763
3761
3776
3749
3749
4191700
3749
3745
3758
3737
3746
2771200
3746
3770
3789
3749
3755
3417300
3755
3754
3776
3748
3764
3456700
3764
3755
3761
3738
3738
4072800
3738
3738
3753
3727
3752
5035700
3752
3733
3735
3691
3704
5112100
3704
3711
3714
3680
3680
5439400
3680
3679
3702
3647
3692
5058400
3692
3669
3683
3648
3667
5880500
3667
3640
3698
3635
3693
4148300
3693
3702
3716
3694
3712
3507000
3712
3700
3717
3654
3715
6701900
3715
3600
3620
3575
3603
6217900
3603
3570
3603
3570
3589
4483900
3589
3625
3632
3606
3631
4168600
3631
3611
3639
3575
3579
3665000
3579
3544
3545
3477
3507
6891900
3507
3504
3514
3487
3505
3075600
3505
3505
3505
3473
3486
3197400
3486
3495
3495
3463
3480
3973600
3480
3484
3520
3465
3517
2964500
3517
3533
3565
3526
3543
4003300
3543
3520
3536
3497
3526
4198900
3526
3523
3523
3499
3505
2948500
3505
3534
3548
3522
3542
3219400
3542
3552
3591
3539
3577
2660000
3577
3590
3590
3559
3565
2292800
3565
3561
3575
3555
3555
2991500
3555
3559
3577
3546
3569
2702700
3569
3540
3566
3538
3551
2145900
3551
3510
3555
3504
3538
2884300
3538
3552
3574
3551
3560
2811400
3560
3579
3587
3564
3575
2879400
3575
3545
3594
3543
3569
4160500
3569
3559
3602
3548
3599
2778900
3599
3585
3625
3571
3617
4187200
3617
3624
3632
3573
3594
3653600
3594
3575
3599
3565
3575
2774400
3575
3585
3588
3574
3585
2230300
3585
3583
3590
3564
3570
1961600
3570
3566
3610
3551
3610
2568100
3610
3620
3639
3604
3607
2499700
3607
3595
3609
3582
3597
1548300
3597
3588
3610
3578
3592
3041500
3592
3561
3566
3501
3504
3397700
3504
3525
3559
3504
3558
2331400
3558
3535
3549
3512
3517
2122300
3517
3490
3504
3451
3491
3973900
3491
3506
3529
3497
3517
2088200
3517
3514
3515
3495
3501
1736200
3501
3508
3508
3482
3485
1766400
3485
3485
3505
3472
3503
2218500
3503
3500
3508
3495
3500
1602500
3500
3500
3510
3491
3510
1767800
3510
3513
3548
3506
3543
1873200
3543
3566
3584
3563
3571
2130300
3571
3571
3587
3567
3576
1773200
3576
3594
3594
3565
3568
2859000
3568
3551
3572
3534
3563
2581300
3563
3560
3568
3516
3523
1713700
3523
3531
3535
3503
3508
2042200
3508
3500
3504
3462
3466
3602500
3466
3466
3471
3432
3432
3165200
3432
3402
3404
3376
3389
3693700
3389
3402
3414
3396
3400
2307600
3400
3400
3414
3390
3408
2478600
3408
3414
3414
3371
3375
3388800
3375
3370
3416
3368
3406
2351500
3406
3411
3459
3408
3459
5627700
3459
3458
3543
3457
3535
4107700
3535
3554
3575
3529
3553
3947500
3553
3548
3556
3510
3529
3572300
3529
3535
3564
3535
3560
5814000
3560
3561
3584
3546
3584
4357900
3584
3588
3620
3572
3618
4126200
3618
3613
3616
3572
3574
3420000
3574
3597
3620
3583
3610
4265800
3610
3601
3646
3601
3632
3269400
3632
3654
3679
3648
3671
4127000
3671
3638
3657
3615
3617
3667600
3617
3616
3642
3604
3610
3650000
3610
3600
3634
3593
3617
2952900
3617
3580
3583
3529
3535
3971800
3535
3552
3569
3537
3541
2508100
3541
3457
3490
3443
3453
6013100
3453
3427
3497
3424
3496
4570500
3496
3463
3481
3444
3464
3787300
3464
3476
3527
3472
3518
3621100
3518
3544
3574
3529
3565
4102600
3565
3580
3607
3574
3578
2859100
3578
3543
3565
3531
3555
2547300
3555
3540
3579
3524
3569
2935400
3569
3545
3550
3461
3465
4416400
3465
3492
3516
3473
3498
3598300
3498
3408
3428
3390
3397
4954500
3397
3327
3327
3193
3206
14530200
3206
3200
3213
3171
3179
7209800
3179
3146
3257
3139
3243
6253700
3243
3213
3231
3181
3222
8447800
3222
3210
3310
3203
3258
6080100
3258
3250
3300
3238
3280
5133700
3280
3250
3276
3228
3237
3862000
3237
3250
3259
3235
3250
2893100
3250
3236
3264
3201
3208
4798900
3208
3248
3276
3238
3266
3410200
3266
3290
3340
3267
3275
4940200
3275
3266
3304
3257
3298
2712200
3298
3240
3263
3221
3253
4574500
3253
3250
3271
3238
3264
3205400
3264
3238
3241
3211
3226
4399900
3226
3239
3248
3207
3217
5076600
3217
3217
3252
3217
3239
2357500
3239
3201
3220
3196
3203
3795900
3203
3175
3190
3160
3181
3870000
3181
3180
3199
3176
3189
2533100
3189
3197
3209
3183
3197
2880500
3197
3224
3235
3205
3211
3223900
3211
3217
3252
3215
3247
4222600
3247
3289
3296
3260
3262
3187200
3262
3245
3269
3220
3220
7565200
3220
3255
3283
3238
3270
4393300
3270
3278
3286
3222
3223
4887900
3223
3201
3206
3176
3192
5528200
3192
3181
3188
3140
3148
6611100
3148
3178
3194
3148
3170
5344500
3170
3125
3137
3111
3120
4308600
3120
3145
3145
3102
3105
4911700
3105
3106
3148
3106
3141
4810600
3141
3159
3190
3152
3177
3718200
3177
3175
3192
3149
3150
6489500
3150
3149
3181
3146
3171
3588200
3171
3139
3157
3128
3133
5023500
3133
3150
3150
3114
3121
5329500
3121
3100
3113
3024
3040
7244900
3040
3017
3032
3005
3018
7398400
3018
2971
2980
2952
2956
9607300
2956
2931
2950
2876.5
2917
7135300
2917
2998.5
3024
2970
3008
6083700
3008
3000
3021
2982.5
3001
4041200
3001
