1059
1077
1053
1077
4427700
1077
1082
1085
1071
1080
3588700
1080
1096
1100
1087
1092
3007300
1092
1095
1105
1087
1104
3110800
1104
1100
1118
1096
1111
4052800
1111
1112
1118
1092
1101
3249000
1101
1112
1129
1111
1124
3584900
1124
1130
1133
1119
1127
3423200
1127
1120
1122
1099
1122
4352900
1122
1110
1112
1054
1057
12893800
1057
1065
1083
1063
1080
5341800
1080
1080
1091
1069
1077
2834500
1077
1077
1096
1077
1091
3003800
1091
1088
1114
1087
1110
3589300
1110
1100
1119
1098
1108
3574500
1108
1107
1114
1093
1098
3235700
1098
1095
1101
1081
1093
1865000
1093
1089
1095
1075
1082
3034700
1082
1082
1089
1071
1072
3939500
1072
1067
1100
1061
1099
3328700
1099
1200
1238
1198
1223
15053200
1223
1207
1255
1205
1239
7397200
1239
1179
1195
1135
1174
9845400
1174
1199
1202
1095
1096
11418600
1096
1099
1115
1072
1088
6579000
1088
1058
1102
1056
1093
7114100
1093
1099
1118
1076
1080
5562800
1080
1086
1103
1064
1073
4129000
1073
1100
1120
1085
1109
6246300
1109
1121
1179
1120
1176
9388200
1176
1167
1190
1155
1189
5025400
1189
1176
1193
1175
1181
3217800
1181
1184
1222
1176
1198
6089200
1198
1136
1154
1122
1151
10484500
1151
1149
1153
1133
1144
4844300
1144
1160
1181
1159
1161
4629600
1161
1169
1185
1163
1171
4824300
1171
1171
1183
1155
1156
4438100
1156
1149
1153
1137
1143
3397800
1143
1125
1136
1105
1123
4111300
1123
1105
1109
1094
1104
2615400
1104
1133
1137
1110
1113
2742400
1113
1107
1113
1101
1107
3460400
1107
1128
1131
1114
1118
3492800
1118
1119
1136
1116
1125
4373400
1125
1150
1159
1137
1143
3078600
1143
1140
1158
1139
1157
2845800
1157
1145
1147
1131
1139
3521000
1139
1138
1162
1133
1155
3201100
1155
1155
1155
1115
1125
4435700
1125
1118
1120
1098
1106
2464400
1106
1095
1132
1094
1129
2901300
1129
1129
1140
1120
1126
3699300
1126
1099
1110
1076
1085
4650800
1085
1025
1049
1020
1043
6717900
1043
1046
1057
1035
1047
4805300
1047
1026
1030
1014
1028
4131200
1028
1036
1051
1019
1037
4159400
1037
1051
1052
1037
1051
2386600
1051
1053
1061
1049
1049
2199700
1049
1047
1063
1044
1061
3120000
1061
1064
1064
1045
1048
2485400
1048
1058
1066
1048
1062
2301400
1062
1053
1070
1051
1063
2807400
1063
1060
1098
1058
1093
3580500
1093
1093
1110
1086
1105
3334600
1105
1110
1112
1086
1086
2462600
1086
1085
1091
1079
1087
1360000
1087
1093
1120
1092
1107
2477200
1107
1104
1109
1095
1103
1726800
1103
1096
1102
1088
1093
1817800
1093
1096
1103
1090
1100
2269400
1100
1098
1107
1089
1095
2782000
1095
1095
1109
1093
1105
2650200
1105
1104
1108
1098
1099
2056500
1099
1114
1116
1103
1111
1726700
1111
1104
1104
1093
1095
1901700
1095
1098
1099
1091
1093
1808400
1093
1097
1098
1068
1071
4547900
1071
1122
1122
1042
1049
6266900
1049
1056
1075
1033
1066
3907200
1066
1060
1060
1026
1041
4023700
1041
1044
1055
1041
1044
2714400
1044
1032
1043
1026
1035
2437900
1035
1039
1046
1034
1042
2072100
1042
1049
1057
1042
1048
1894300
1048
1038
1044
1028
1042
2062800
1042
1045
1062
1044
1054
2700500
1054
1049
1063
1047
1060
2590100
1060
1058
1067
1049
1062
2091000
1062
1065
1069
1053
1060
2368600
1060
1055
1058
1047
1054
1512400
1054
1049
1051
1029
1037
2484700
1037
1034
1038
1018
1022
2667200
1022
1009
1012
992
1000
3405900
1000
1003
1010
990
995
3087400
995
995
1011
993
1005
2289200
1005
995
998
961
964
4163400
964
945
975
938
968
5490500
968
974
987
958
986
6247400
986
982
999
971
991
4654000
991
1007
1023
995
1020
4923400
1020
1024
1027
997
1000
3340800
1000
1000
1008
993
1003
2354900
1003
1004
1014
1002
1006
2893700
1006
1003
1011
997
1005
4815200
1005
1004
1010
989
1007
3448300
1007
1016
1020
1007
1007
2238600
1007
1010
1010
998
999
1953700
999
998
1019
994
1003
3548300
1003
1004
1017
995
1014
6322400
1014
1005
1005
980
995
5177000
995
992
1021
990
1010
5435600
1010
1022
1022
1002
1016
4679800
1016
1008
1014
987
1011
3071400
1011
1000
1020
998
1005
4889200
1005
1000
1027
998
1017
2688700
1017
1012
1018
1004
1016
2875000
1016
1009
1010
993
1008
2672500
1008
1006
1015
1002
1007
2605200
1007
1010
1025
1007
1016
3692300
1016
1023
1034
998
999
2964500
999
1024
1032
1010
1019
4845400
1019
1016
1017
1001
1011
3011100
1011
1005
1006
977
980
3395100
980
991
1013
990
1008
3489400
1008
1014
1029
1011
1027
2087900
1027
1037
1045
1004
1004
3744600
1004
996
1002
989
996
2963600
996
1004
1008
992
995
2114300
995
998
1013
989
1010
3072500
1010
1013
1039
1008
1031
3228900
1031
1039
1040
1002
1022
4113000
1022
1026
1030
1022
1026
2369100
1026
1028
1045
1025
1037
2540500
1037
1027
1044
1027
1035
1623300
1035
1038
1052
1037
1045
2479800
1045
1050
1051
1037
1043
1707000
1043
1047
1052
1040
1044
2457800
1044
1048
1048
1035
1036
3484100
1036
1126
1145
1117
1127
8620400
1127
1110
1118
1081
1088
6851600
1088
1092
1112
1086
1101
3553200
1101
1088
1111
1088
1104
2752400
1104
1117
1135
1116
1119
2975900
1119
1118
1137
1108
1129
2810700
1129
1132
1154
1132
1153
2599500
1153
1155
1155
1122
1131
3270700
1131
1133
1156
1132
1153
2845900
1153
1153
1161
1136
1140
2846300
1140
1136
1143
1111
1116
2812200
1116
1123
1156
1123
1156
2731900
1156
1153
1164
1133
1143
2131600
1143
1125
1130
1103
1123
3636900
1123
1119
1127
1110
1118
2816500
1118
1117
1120
1106
1111
2413100
1111
1111
1118
1108
1112
2464700
1112
1117
1138
1116
1135
2613400
1135
1143
1158
1136
1154
3658400
1154
1162
1163
1141
1145
2927900
1145
1140
1150
1133
1147
2565300
1147
1160
1164
1152
1155
2538400
1155
1164
1199
1163
1176
5557700
1176
1177
1179
1151
1159
10810300
1159
1152
1171
1150
1165
4208800
1165
1171
1173
1155
1165
2698300
1165
1169
1173
1152
1162
2707700
1162
1162
1162
1140
1142
2283200
1142
1141
1143
1125
1135
4015800
1135
1126
1140
1123
1138
2583600
1138
1137
1144
1130
1134
2223700
1134
1136
1166
1129
1163
3385800
1163
1161
1164
1148
1156
2482800
1156
1162
1189
1162
1176
3467500
1176
1180
1183
1168
1180
4223700
1180
1181
1198
1176
1197
2964500
1197
1206
1210
1188
1191
2686000
1191
1192
1193
1172
1183
3436500
1183
1190
1232
1172
1225
7154100
1225
1227
1235
1210
1215
3677200
1215
1209
1227
1200
1227
2818000
1227
1226
1257
1223
1224
4153400
1224
1230
1233
1206
1220
3609500
1220
1230
1255
1226
1249
2695900
1249
1258
1263
1247
1253
3809300
1253
1249
1255
1236
1241
2716400
1241
1250
1259
1242
1252
2773200
1252
1249
1270
1248
1270
3014300
1270
1254
1261
1226
1229
3236200
1229
1242
1245
1225
1226
2598900
1226
1194
1205
1185
1204
4223100
1204
1189
1203
1174
1200
4079600
1200
1194
1202
1179
1191
2858100
1191
1193
1215
1191
1214
2420400
1214
1220
1232
1216
1231
2665200
1231
1246
1267
1240
1241
3607600
1241
1227
1235
1218
1232
2967800
1232
1237
1263
1224
1257
2456600
1257
1240
1247
1203
1206
3858400
1206
1213
1240
1207
1230
3271000
1230
1208
1213
1186
1193
4266300
1193
1195
1210
1175
1197
6457800
1197
1047
1083
1013
1070
9596600
1070
1074
1105
1072
1100
4538200
1100
1118
1132
1109
1129
6823200
1129
1133
1159
1125
1127
4937800
1127
1150
1166
1144
1160
5072500
1160
1145
1146
1128
1132
4435300
1132
1142
1155
1137
1145
3219700
1145
1147
1151
1109
1116
4558500
1116
1133
1150
1124
1142
3106800
1142
1155
1166
1148
1158
3015300
1158
1145
1148
1130
1133
4025200
1133
1111
1123
1098
1113
4589700
1113
1110
1132
1108
1115
3521700
1115
1107
1131
1106
1128
2300900
1128
1149
1154
1129
1140
3389000
1140
1126
1141
1119
1138
2572200
1138
1128
1136
1109
1110
3508200
1110
1096
1106
1086
1093
2905100
1093
1105
1112
1098
1109
2203100
1109
1111
1115
1101
1107
3003800
1107
1125
1137
1116
1116
4588200
1116
1114
1134
1107
1116
3393600
1116
1123
1124
1098
1106
2908100
1106
1124
1142
1098
1102
5549100
1102
1118
1152
1114
1149
3475600
1149
1150
1155
1124
1126
2425500
1126
1115
1134
1109
1129
2748200
1129
1118
1118
1084
1093
3207000
1093
1107
1115
1093
1103
2387000
1103
1080
1080
1057
1063
2625600
1063
1060
1068
1044
1051
1956700
1051
1054
1066
1045
1057
2634500
1057
1074
1110
1074
1110
4589500
1110
1100
1107
1089
1096
4842000
1096
1103
1131
1099
1122
4490000
1122
1101
1120
1088
1114
4320000
1114
1114
1119
1089
1100
3814600
1100
1086
1088
1039
1046
5124500
1046
1033
1048
1026
1045
4200300
1045
998
1023
991
1019
3401500
1019
1015
1038
999
1038
7634300
1038
1053
1079
1037
1071
6796500
1071
1063
1083
1050
1077
5209100
1077
