7930
8070
7880
8070
679600
2017.5
8040
8130
7990
8120
547300
2030
8160
8170
7930
7960
764200
1990
7900
7940
7800
7840
580200
1960
7730
7970
7640
7750
1326700
1937.5
7420
7470
7140
7370
1494800
1842.5
7410
7450
7350
7390
922800
1847.5
7350
7370
7250
7260
739800
1815
7240
7290
7200
7230
710400
1807.5
7240
7270
7130
7180
827800
1795
7260
7360
7210
7300
786800
1825
7320
7370
7280
7330
561300
1832.5
7330
7490
7280
7490
686900
1872.5
7410
7540
7390
7540
653900
1885
7540
7550
7420
7440
504200
1860
7510
7580
7460
7530
755400
1882.5
7540
7570
7460
7550
625900
1887.5
7490
7490
7370
7410
660800
1852.5
7340
7430
7270
7300
715500
1825
7360
7510
7360
7510
619600
1877.5
7550
7710
7470
7690
800300
1922.5
7630
7750
7520
7680
1054300
1920
7380
7410
6960
7240
1890000
1810
7340
7460
7170
7180
1242100
1795
7210
7410
7200
7400
802700
1850
7140
7280
7080
7280
1344300
1820
7370
7490
7270
7290
973500
1822.5
7300
7400
7210
7390
1033600
1847.5
7460
7550
7410
7510
867100
1877.5
7500
7630
7440
7600
759500
1900
7690
7870
7660
7850
617900
1962.5
7880
7950
7820
7860
714700
1965
7890
8120
7830
8060
1002300
2015
7960
8030
7890
7970
797300
1992.5
8000
8030
7860
7890
468300
1972.5
7830
8050
7780
8030
613400
2007.5
8060
8170
7990
8140
828700
2035
8090
8200
8070
8090
674600
2022.5
8070
8110
8030
8110
712100
2027.5
7900
7920
7770
7850
982800
1962.5
7880
8020
7860
8010
581600
2000
8090
8220
8010
8190
684000
2047.5
8080
8220
8030
8190
951700
2047.5
8250
8330
8170
8190
1022300
2047.5
8240
8400
8090
8120
1283400
2030
8270
8370
8160
8240
554600
2060
8290
8320
8210
8320
429900
2080
8300
8380
8280
8340
490100
2085
8330
8500
8280
8500
523600
2125
8590
8590
8420
8510
483000
2127.5
8460
8530
8440
8510
531100
2127.5
8400
8530
8370
8510
536500
2127.5
8500
8600
8440
8600
558500
2150
8380
8520
8290
8310
1149800
2077.5
8310
8330
8170
8330
692400
2082.5
8330
8510
8310
8500
742500
2125
8410
8530
8390
8510
818100
2127.5
8600
8820
8580
8810
694400
2202.5
8910
8990
8830
8960
655800
2240
9000
9100
8970
9020
503300
2255
8950
9020
8900
8980
724700
2245
9140
9280
9110
9220
731000
2305
9300
9330
9160
9180
667200
2295
9230
9550
9220
9440
1193300
2360
9470
9710
9420
9660
777700
2415
9360
9510
9210
9230
921400
2307.5
9130
9280
8840
8970
1453800
2242.5
8960
9350
8840
9240
906600
2310
9250
9260
8970
9130
948200
2282.5
9320
9500
9270
9390
913400
2347.5
9410
9760
9390
9760
863100
2440
9760
10080
9760
10020
1270700
2505
10000
10080
9830
9900
1054600
2475
10280
10440
9980
10000
3027000
2500
10050
10100
9980
10040
630800
2510
10090
10420
10070
10360
1349400
2590
10350
10550
10320
10390
876500
2597.5
10350
10480
10250
10450
690000
2612.5
10510
10660
10490
10630
835700
2657.5
10750
10830
10690
10780
729200
2695
10800
10800
10600
10680
504000
2670
10700
10740
10610
10650
514700
2662.5
10700
10820
10650
10670
705700
2667.5
10800
10890
10750
10800
726200
2700
10760
10870
10740
10870
512200
2717.5
10880
11010
10810
11010
781300
2752.5
11000
11460
10990
11310
783300
2827.5
11360
11380
11210
11250
445900
2812.5
11200
11430
11170
11340
543900
2835
11400
11640
11350
11590
553500
2897.5
11620
11920
11610
11880
777100
2970
11880
12100
11860
12060
509400
3015
12120
12440
11130
11170
1631900
2792.5
11160
11460
11010
11130
1073500
2782.5
11050
11450
10970
11080
843000
2770
11290
11290
10960
10980
523600
2745
11080
11200
11040
11150
340900
2787.5
11180
11410
11150
11410
582800
2852.5
11360
11410
11190
11240
653500
2810
11180
11350
11050
11300
1645700
2825
11190
11480
11180
11380
534700
2845
11450
11670
11420
11570
507600
2892.5
11640
11650
11400
11540
512700
2885
11240
11670
11220
11620
471000
2905
11650
11890
11630
11840
534900
2960
11900
11930
11720
11850
978600
2962.5
11940
12210
11920
12180
418100
3045
12240
12340
12100
12220
502200
3055
12300
12440
12130
12240
460400
3060
12120
12260
11830
11840
566800
2960
11980
12160
11950
12050
526600
3012.5
12200
12280
12150
12230
333000
3057.5
12130
12170
11980
11980
548500
2995
12090
12320
12060
12310
476800
3077.5
12180
12670
12150
12630
608200
3157.5
12410
12540
12240
12320
531400
3080
12300
12350
12160
12270
322000
3067.5
12180
12340
12170
12200
466500
3050
12170
12240
12060
12200
422900
3050
12200
12240
11970
12150
493500
3037.5
12050
12070
11640
11660
718200
2915
11600
11700
11170
11180
587000
2795
11180
11440
10980
11170
895400
2792.5
11210
11370
11120
11300
365500
2825
11400
11430
11130
11200
738400
2800
11280
11340
11080
11210
581500
2802.5
11000
11410
11000
11290
398300
2822.5
11290
11350
11110
11150
420900
2787.5
11070
11240
11030
11030
547600
2757.5
11170
11590
11070
11340
1180000
2835
11420
11480
11070
11070
977700
2767.5
10860
10910
10730
10750
1179500
2687.5
10800
10820
10700
10770
489400
2692.5
10750
10770
10450
10490
1011100
2622.5
10300
10520
10250
10440
1239900
2610
10400
10450
10280
10350
965600
2587.5
10370
10430
10320
10370
791000
2592.5
10490
10540
10400
10450
595500
2612.5
10410
10420
10340
10400
712200
2600
10370
10480
10370
10480
515500
2620
10460
10480
10340
10360
522700
2590
10310
10470
10240
10400
665700
2600
10360
10470
10360
10430
432900
2607.5
10390
10500
10380
10440
522900
2610
10480
10570
10440
10540
440300
2635
10580
10720
10570
10690
529200
2672.5
10760
10810
10690
10740
548300
2685
10740
10820
10690
10740
608600
2685
10750
10780
10690
10750
525500
2687.5
10780
10790
10720
10750
669900
2687.5
10720
10780
10600
10640
826900
2660
10660
10840
10630
10840
848600
2710
10840
10850
10660
10790
885100
2697.5
10750
11040
10730
10940
1132700
2735
11050
11640
11050
11530
1306900
2882.5
10630
10660
10150
10230
2503600
2557.5
10100
10100
9590
9670
1720600
2417.5
9740
9920
9400
9850
1485300
2462.5
9850
9940
9650
9800
900600
2450
9920
10090
9890
10060
729400
2515
9950
9980
9870
9870
510100
2467.5
9910
9940
9790
9790
619200
2447.5
9760
9960
9740
9750
568400
2437.5
9900
9900
9720
9780
400900
2445
9840
9840
9680
9690
665700
2422.5
9680
9780
9550
9680
427100
2420
9720
9910
9690
9890
453400
2472.5
9860
9950
9750
9810
572000
2452.5
9840
9870
9700
9760
498200
2440
9750
9810
9640
9760
514100
2440
9710
9790
9670
9790
320000
2447.5
9860
10180
9840
10160
866600
2540
10160
10650
10090
10550
782900
2637.5
10550
10610
10400
10480
479400
2620
10640
10650
10360
10570
1167500
2642.5
10600
10960
10590
10920
644900
2730
11130
11220
10980
11060
618300
2765
11060
11260
11030
11190
772400
2797.5
11340
11370
11140
11170
1375700
2792.5
11230
11490
11180
11380
629500
2845
11490
11730
11430
11680
703200
2920
11600
11770
11520
11630
635100
2907.5
11760
11960
11680
11830
868300
2957.5
11870
11940
11700
11830
836100
2957.5
11880
12050
11750
11970
1227100
2992.5
11810
12130
11760
12130
825500
3032.5
12050
12330
12030
12200
945800
3050
12360
12940
12330
12770
1489100
3192.5
12670
13440
12610
13290
1390700
3322.5
13160
14260
13080
13960
1989500
3490
13580
13740
12760
13180
1557400
3295
13010
13300
12370
12730
1748400
3182.5
12580
12780
12350
12690
1175200
3172.5
12740
12800
12270
12660
1290600
3165
12650
12750
12440
12620
1045300
3155
12740
13110
12690
12920
820200
3230
12910
13100
12630
13070
850600
3267.5
13000
13210
12820
13170
619400
3292.5
13070
13100
12570
12660
1278500
3165
12960
13410
12850
13350
1271700
3337.5
13070
13230
12850
12950
966700
3237.5
12870
12930
12660
12850
633700
3212.5
12890
13260
12810
13070
661500
3267.5
13010
13380
12980
13370
936300
3342.5
13210
13260
12900
13120
953900
3280
13130
13670
13090
13450
649700
3362.5
13230
13780
13210
13730
858700
3432.5
13680
14270
13640
13800
841900
3450
13900
14250
13820
14240
650500
3560
14390
14630
14120
14300
863500
3575
14420
14920
14350
14880
1063200
3720
14740
15120
14700
15000
1108300
3750
14860
15070
14850
15000
427000
3750
14890
15180
14520
15150
938800
3787.5
15130
15280
14950
15120
607000
3780
14720
15050
14560
14980
568200
3745
14980
15310
14880
15270
651900
3817.5
15330
15540
15240
15410
329600
3852.5
15390
15690
15320
15580
525500
3895
15500
15920
15400
15840
677100
3960
15750
16780
15720
16670
1261200
4167.5
16730
17860
16720
17780
2052100
4445
17750
18030
17260
17970
1710100
4492.5
17780
18960
16590
16700
4351100
4175
16460
16830
15830
16130
3513900
4032.5
16360
16420
15700
16110
2979700
4027.5
16310
16600
16000
16310
1057800
4077.5
16200
16320
15870
15880
1044700
3970
15480
15940
15380
15640
1330900
3910
15610
16200
15540
16160
1284000
4040
16120
16750
15960
16700
1467400
4175
16500
16950
16320
16570
1298800
4142.5
16570
17420
16530
17350
1399100
4337.5
17350
17540
15690
16080
2535200
4020
16190
16840
15910
16730
1758900
4182.5
16570
17230
16030
16610
3079500
4152.5
16610
17700
16610
17610
2200000
4402.5
17610
17920
16720
17250
1939000
4312.5
17210
17280
16580
16720
1074700
4180
16580
16820
15710
15860
1704800
3965
15060
15330
14470
14860
2409600
3715
14200
14430
13980
14250
1739300
3562.5
14310
14700
13740
14070
2012800
3517.5
14630
14920
14400
14550
1644300
3637.5
14470
14490
13790
13910
1341600
3477.5
