21300
21665
21150
21660
2037100
21660
21990
22060
21630
21875
1405800
21875
22500
22505
22170
22250
1334900
22250
22150
22150
21700
21870
1314400
21870
21650
22110
21650
21865
1268000
21865
21990
22040
21665
21770
1313100
21770
21900
21935
21625
21695
908900
21695
21700
22050
21530
22050
936300
22050
21980
22340
21905
22235
1338200
22235
23000
23385
22740
22850
3152900
22850
23100
23100
22790
22940
1066800
22940
22805
22900
22620
22785
761300
22785
22840
22960
22735
22925
939200
22925
23000
23020
22455
22530
1098600
22530
22030
22455
22030
22285
1171800
22285
22000
22115
21660
21825
1753100
21825
22105
22340
21915
22110
1267600
22110
21915
21915
21345
21475
1674900
21475
20475
20960
20400
20460
3056200
20460
20685
20715
20225
20535
1622100
20535
20260
20435
20050
20090
1511000
20090
19600
19840
19480
19695
1916500
19695
18895
19265
18200
18785
3555700
18785
19695
19710
18735
18760
2381900
18760
18830
19165
18735
19020
1604200
19020
18355
18600
18220
18470
2289700
18470
19120
19180
18380
18410
1697500
18410
18600
19230
18580
19175
2463700
19175
19560
20290
19495
20060
2453100
20060
20285
20660
20170
20425
1836300
20425
20630
20685
20310
20655
1217500
20655
20575
20605
20160
20260
1197700
20260
20460
20840
20360
20635
1571100
20635
20360
20545
20190
20450
1210400
20450
20385
20475
20225
20375
881600
20375
20730
20835
20500
20650
923600
20650
21000
21460
20960
21240
1743100
21240
21250
21340
21060
21060
1212600
21060
20800
21030
20640
20810
1122300
20810
20110
20665
20100
20460
1590200
20460
20500
20810
20010
20140
1143200
20140
20655
20920
20655
20730
1406700
20730
20485
20775
20260
20290
1662500
20290
20800
21405
20795
21275
2390900
21275
21625
21935
21320
21530
2640000
21530
22330
22425
21915
22205
1776700
22205
22030
22710
21955
22710
1733900
22710
22350
22650
22085
22285
1507700
22285
22100
22345
22020
22195
1018300
22195
22190
22240
21750
21885
1226900
21885
21580
21835
21455
21640
921000
21640
21345
21425
21175
21390
1098200
21390
21180
21495
21055
21345
1423800
21345
20300
20640
20065
20125
2301900
20125
19625
19935
19160
19925
1828500
19925
20660
20680
20290
20500
1610900
20500
19515
19745
19380
19590
1926200
19590
19720
19765
19060
19215
1693500
19215
19650
20070
19600
20015
1386700
20015
20035
20365
19985
20165
1049400
20165
19600
19995
19480
19900
1424100
19900
19995
20060
19190
19355
1511500
19355
19630
19760
19370
19570
1137700
19570
19420
19705
19375
19600
1425400
19600
19360
19705
19270
19640
873500
19640
19640
20245
19435
20140
1458200
20140
20380
20525
20030
20045
1034900
20045
20045
20175
19830
19865
720700
19865
20095
20385
20050
20265
990000
20265
20275
20435
20225
20285
655600
20285
20235
20370
20175
20285
778300
20285
20285
20325
19770
20185
1743900
20185
19895
20265
19845
20020
1273700
20020
19480
19625
19125
19610
1589400
19610
19505
19680
19440
19650
772700
19650
19700
20020
19640
19815
1074300
19815
19630
19855
19365
19415
1499000
19415
20820
21610
20790
21050
4381600
21050
21370
21465
20830
21055
1694800
21055
21330
21345
20640
20780
1266700
20780
21060
21110
20670
20740
1019000
20740
20925
21140
20810
21015
1032500
21015
20985
21190
20960
21055
863500
21055
21000
21290
20980
21100
745400
21100
21250
21280
21050
21245
728300
21245
21490
21875
21380
21770
1476200
21770
21675
21745
21565
21690
729300
21690
21820
21935
21490
21650
757400
21650
21525
21575
21365
21495
757100
21495
21690
21750
21575
21700
706000
21700
21330
21455
21240
21280
1131500
21280
21200
21200
20650
20865
1463600
20865
21140
21225
20835
20900
929700
20900
20980
21210
20830
20970
1122600
20970
20885
21040
20770
20970
854600
20970
20950
21430
20765
21330
1354200
21330
21630
21745
21285
21405
1069600
21405
21525
21610
21005
21175
1519200
21175
20800
20840
20380
20485
2207500
20485
20680
20680
20330
20400
1959000
20400
20385
20590
20290
20385
1435200
20385
20680
20885
20545
20865
962500
20865
20995
21285
20950
21125
1010800
21125
21250
21260
20875
20965
793600
20965
21155
21175
21005
21150
1037000
21150
21150
21225
20625
20710
2049300
20710
20655
20880
20505
20545
872300
20545
20555
20655
20260
20385
1530900
20385
20445
20495
20305
20410
932700
20410
20275
20390
20055
20055
1271500
20055
19605
19610
19025
19080
2684300
19080
19090
19100
18485
18730
1742700
18730
18740
18900
18400
18555
1355000
18555
18620
19000
18455
18980
1268200
18980
19425
19440
18705
18900
1616700
18900
18760
18980
18575
18955
1367900
18955
18880
18930
18590
18635
1042300
18635
18200
18895
18120
18885
1682800
18885
19020
19130
18815
18835
1225300
18835
18695
19095
18350
19000
1644500
19000
19085
19325
18775
19020
1526900
19020
19050
19310
18700
18735
1152600
18735
18700
18730
18265
18565
1983700
18565
17850
18085
17585
17740
2148400
17740
17530
18105
17520
17820
1595500
17820
17570
18195
17520
18115
1690200
18115
18160
18580
18035
18470
1062500
18470
18710
18915
18615
18810
1183400
18810
18600
18725
18295
18705
1526700
18705
18510
18575
18210
18465
1382100
18465
18630
18920
18560
18705
1339900
18705
18750
18985
18605
18855
1157700
18855
19195
19230
18830
18835
960600
18835
19215
19515
19150
19330
1458600
19330
19030
19155
18660
18755
1712800
18755
18570
18675
18380
18645
1114100
18645
18695
18875
18450
18790
800800
18790
18405
18700
18265
18675
923100
18675
18945
19135
18830
19005
1367900
19005
19500
19570
18745
18975
2370800
18975
18975
19065
18860
19035
1359400
19035
18965
19335
18955
19155
1188300
19155
19340
19775
19320
19745
1796700
19745
19680
19955
19645
19760
1332000
19760
19985
20195
19835
19970
1328100
19970
19900
19930
19520
19585
906100
19585
19710
19760
19450
19515
764100
19515
19475
19665
19425
19645
1094500
19645
19725
19725
19435
19450
882800
19450
18935
19080
18675
18760
2029100
18760
18415
18475
18155
18185
1432300
18185
18410
18600
18325
18590
931200
18590
18530
18595
18370
18500
733700
18500
17990
18665
17865
18530
1372100
18530
18455
18490
18145
18275
1213700
18275
18160
18235
17990
18085
865500
18085
17900
18320
17865
18260
949200
18260
18275
18780
18275
18690
1039900
18690
18785
18875
18690
18755
731700
18755
18820
18830
18545
18765
691600
18765
18910
19165
18800
19145
972600
19145
19400
19470
19005
19020
1129000
19020
19100
19295
19040
19185
827400
19185
19305
19375
19115
19175
857000
19175
18775
18945
18625
18875
1214900
18875
18905
18910
18475
18510
1093400
18510
18530
18705
18505
18515
762100
18515
18575
18640
18210
18210
1158300
18210
18000
18160
17865
17985
1079200
17985
17000
17020
16655
16915
3172300
16915
16980
17160
16850
16900
1146200
16900
17095
17230
16975
17095
930500
17095
17035
17065
16385
16535
1982100
16535
15940
16575
15910
16040
2473300
16040
16090
16430
16065
16290
2641300
16290
16000
16325
15880
16240
2023300
16240
16500
16525
16255
16370
2159100
16370
16230
16235
15900
15910
2913000
15910
15900
16035
15635
15930
3260500
15930
16125
16460
16005
16315
2593500
16315
16010
16105
15760
16020
2211000
16020
15855
15895
15450
15455
2453200
15455
15620
15690
15490
15610
1770100
15610
15780
16170
15775
15955
1994000
15955
15885
15980
15720
15850
1943500
15850
15930
15940
15705
15790
1328500
15790
15845
15880
15510
15610
1475100
15610
15425
15450
15080
15200
2010000
15200
14505
14730
14405
14520
2163400
14520
14750
14775
14485
14690
1458500
14690
13910
14280
13800
14120
2539500
14120
13820
14805
13810
14730
3067800
14730
14585
14880
14335
14520
1771700
14520
14500
14605
14190
14570
1516100
14570
15020
15160
14880
15010
1885100
15010
14960
14990
14745
14755
1216500
14755
14530
14990
14510
14985
1549000
14985
14765
15400
14725
15310
1628500
15310
15250
15295
14755
14800
1676000
14800
14950
14955
14440
14645
1928100
14645
13900
14135
13830
14020
1975900
14020
14250
14540
13840
14080
1896700
14080
14080
14350
14075
14215
1362800
14215
14255
15170
14250
15145
2498600
15145
15900
15910
15185
15685
2565600
15685
15200
15265
14660
14700
3065500
14700
15000
15735
14940
15710
3404500
15710
15425
15870
15360
15785
1635400
15785
15700
15810
15490
15605
1213100
15605
15620
15785
15360
15445
1479800
15445
15825
15850
15505
15515
1382300
15515
15455
15600
15060
15120
1388900
15120
14980
15390
14855
15295
1074600
15295
14710
15085
14630
15020
1452200
15020
15180
15320
15045
15210
1070500
15210
15060
15215
14910
15040
993500
15040
14715
14765
14305
14400
2113200
14400
14580
15040
14485
14920
1273200
14920
14480
14755
14430
14645
998800
14645
14530
15465
14530
15355
2066000
15355
15355
15620
15120
15530
1599200
15530
15550
15690
15400
15490
1189700
15490
15700
15830
15350
15770
1511400
15770
15635
15880
15475
15840
1357900
15840
16000
16045
15795
15845
1085800
15845
15850
15905
15710
15875
1417200
15875
16145
16195
16000
16015
1314400
16015
15975
16100
15560
15600
1436700
15600
15235
15505
15175
15320
1109800
15320
15100
15100
14395
14625
1962800
14625
14840
14995
14305
14525
1494700
14525
14135
14350
14040
14065
1434400
14065
14025
14130
13770
13885
1689700
13885
13950
14280
13815
14080
1604100
14080
14080
14215
13935
14115
991000
14115
13870
13955
13345
13345
2768300
13345
13335
13770
13300
13585
1192700
13585
13385
13690
13235
13510
1213700
13510
13115
13240
12880
12915
1835700
12915
12635
12900
12325
12360
2433100
12360
12235
12700
12220
12570
2204600
12570
11940
12175
11730
11735
1958000
11735
12000
12195
11795
12085
1838100
12085
12785
12820
12350
12470
1755600
12470
12315
12610
12300
12515
1392300
12515
