3171
3240
3171
3238
6661100
3238
3243
3282
3233
3246
5100000
3246
3280
3298
3228
3238
4850000
3238
3235
3271
3229
3261
3997900
3261
3255
3271
3242
3271
3186600
3271
3285
3287
3254
3273
3877000
3273
3300
3318
3278
3281
3279500
3281
3299
3311
3284
3310
3345300
3310
3285
3291
3246
3264
4554900
3264
3293
3293
3176
3187
7554000
3187
3187
3212
3155
3193
5358300
3193
3189
3202
3134
3169
5748800
3169
3175
3199
3147
3179
4045700
3179
3166
3218
3166
3190
3937200
3190
3161
3213
3161
3207
4079900
3207
3177
3188
3127
3135
6485600
3135
3140
3162
3121
3141
4243300
3141
3129
3147
3084
3092
5726000
3092
3050
3098
3046
3050
4926200
3050
3082
3122
3060
3119
3647200
3119
3144
3160
3093
3152
4863300
3152
3090
3163
3071
3099
7504900
3099
2991.5
3004
2913
2977
11278100
2977
3091
3124
2959.5
2960
7975300
2960
2986
3023
2970
3003
5657400
3003
2927
2975
2909.5
2975
6354700
2975
3016
3019
2911
2921
5825300
2921
2933.5
2964.5
2919.5
2934.5
5301500
2934.5
2970.5
2974
2928.5
2960.5
4292000
2960.5
2976
2999
2961.5
2968.5
3596900
2968.5
3006
3095
2996
3091
4695500
3091
3060
3070
3027
3054
4659200
3054
3054
3055
2971
2976
6263900
2976
2953
2974.5
2946
2969
4769200
2969
2980
2984
2951
2968.5
4152100
2968.5
2990
3033
2988
3029
3347200
3029
3047
3080
3039
3050
3800100
3050
3021
3058
3012
3016
4193600
3016
2977.5
2978
2947.5
2974.5
4767500
2974.5
2924.5
2936.5
2910
2925.5
4470000
2925.5
2910
2920.5
2886.5
2909
3103600
2909
2972
3002
2945
2951
4327500
2951
2939.5
2953.5
2918.5
2932
4768300
2932
2945.5
2948
2896
2904.5
4432700
2904.5
2951.5
2972.5
2892.5
2904.5
5847500
2904.5
2949.5
2979.5
2946.5
2973.5
3931300
2973.5
2980
2998
2954.5
2998
4189000
2998
2980
2991.5
2959
2964.5
3305000
2964.5
2963
2977
2930.5
2951
4247500
2951
2959.5
2965
2931
2931.5
4539300
2931.5
2931
2931
2856.5
2868
5180700
2868
2850
2884.5
2845
2882
4524100
2882
2900
2938.5
2884
2903
6548300
2903
2840
2872.5
2823
2832
7415800
2832
2800.5
2812.5
2776
2809
6389300
2809
2846.5
2925
2823
2924
7276900
2924
2821.5
2837
2796.5
2834
6628300
2834
2857.5
2868
2800
2825.5
4539500
2825.5
2851.5
2864.5
2836
2862
3573900
2862
2859.5
2878
2834
2834
2126500
2834
2798
2803.5
2776
2793.5
3763600
2793.5
2810
2819.5
2786
2794
4101000
2794
2830
2849
2803.5
2838
3681700
2838
2834.5
2862
2831.5
2844
3649800
2844
2818
2826.5
2797.5
2815.5
3575000
2815.5
2815
2889
2811.5
2867.5
3247000
2867.5
2900
2928.5
2891
2914.5
4215500
2914.5
2918
2924
2888
2891
2579800
2891
2908.5
2941
2903
2921.5
3334600
2921.5
2910.5
2920
2889
2916.5
2882000
2916.5
2916
2918
2885.5
2898.5
2988900
2898.5
2883.5
2900
2881.5
2897.5
3284200
2897.5
2920
2970
2917
2938
5205200
2938
2928.5
2967.5
2925.5
2955.5
4038500
2955.5
2960
2989
2950.5
2977.5
3557000
2977.5
3000
3029
2972.5
3028
4205300
3028
3006
3056
3004
3055
5068500
3055
3064
3065
3005
3017
4031600
3017
3034
3046
3000
3027
3415700
3027
3050
3052
3025
3052
2905700
3052
3068
3069
3042
3048
2911700
3048
3056
3064
3012
3036
3708600
3036
3034
3180
3026
3177
12825200
3177
3198
3224
3165
3168
7569100
3168
3180
3199
3152
3187
3825900
3187
3188
3220
3186
3197
5067600
3197
3193
3199
3159
3160
4139400
3160
3170
3205
3167
3187
4901200
3187
3170
3212
3170
3196
3721000
3196
3198
3227
3182
3218
3621600
3218
3208
3230
3190
3229
3952000
3229
3219
3234
3210
3220
3100000
3220
3235
3238
3204
3216
3014000
3216
3182
3193
3137
3147
5224600
3147
3154
3164
3126
3131
3521600
3131
3083
3111
3063
3087
4550800
3087
3072
3072
3038
3043
2929900
3043
3040
3052
3011
3031
3192200
3031
2987.5
3000
2970
2993.5
4960000
2993.5
3033
3058
3002
3031
17158000
3031
2998
3059
2995.5
3046
4472900
3046
3071
3123
3071
3116
3351600
3116
3129
3140
3106
3120
2692700
3120
3141
3163
3133
3154
3990200
3154
3180
3213
3172
3192
3767100
3192
3181
3213
3166
3171
4445900
3171
3172
3202
3155
3186
2558000
3186
3200
3205
3163
3174
3132400
3174
3176
3196
3163
3186
2994700
3186
3190
3209
3171
3182
3927500
3182
3176
3209
3165
3205
8418800
3205
3164
3183
3110
3119
5685800
3119
3131
3191
3102
3108
5013100
3108
3113
3120
3052
3105
4814600
3105
3112
3127
3088
3093
3387700
3093
3063
3105
3053
3092
3343400
3092
3123
3130
3075
3083
2897000
3083
3086
3089
3046
3076
3309800
3076
3102
3117
3057
3088
3891800
3088
3087
3098
3065
3081
3105000
3081
3069
3081
3035
3078
3940000
3078
3071
3109
3045
3051
3098900
3051
3056
3061
3001
3027
4121000
3027
3038
3097
3038
3077
3687500
3077
3071
3082
3006
3011
4659200
3011
3048
3124
3046
3109
5390800
3109
3109
3136
3086
3133
2629300
3133
3150
3170
3132
3132
3703800
3132
3129
3149
3105
3139
3497900
3139
3139
3156
3091
3091
3623900
3091
3094
3136
3080
3126
3258300
3126
3104
3141
3103
3109
3266400
3109
3134
3159
3124
3148
2567400
3148
3159
3162
3117
3122
3159700
3122
3117
3122
3064
3092
3611700
3092
3062
3105
3061
3090
2438700
3090
3105
3105
3074
3096
2069600
3096
3098
3133
3091
3125
3098200
3125
3155
3188
3152
3169
3705600
3169
3173
3197
3171
3188
2710800
3188
3173
3190
3167
3176
2063200
3176
3142
3152
3108
3117
5264900
3117
3135
3181
3130
3175
3442600
3175
3135
3230
3108
3195
9874500
3195
3218
3224
3151
3157
4640600
3157
3184
3212
3176
3184
3244500
3184
3180
3211
3168
3211
2492900
3211
3248
3254
3230
3243
4703800
3243
3220
3222
3203
3211
2197400
3211
3217
3217
3177
3179
3165000
3179
3165
3170
3112
3132
3324100
3132
3152
3181
3127
3181
2912900
3181
3215
3245
3157
3178
3919200
3178
3135
3145
3088
3121
5284100
3121
3152
3167
3137
3146
3518100
3146
3153
3154
3121
3122
2668100
3122
3122
3123
3057
3058
5333900
3058
3060
3106
3059
3104
3720900
3104
3125
3127
3083
3090
2460100
3090
3120
3132
3108
3116
2318900
3116
3130
3156
3127
3150
2381100
3150
3166
3204
3160
3160
3785300
3160
3175
3204
3173
3199
3535200
3199
3214
3220
3172
3185
4774500
3185
3171
3185
3161
3171
3384500
3171
3167
3181
3140
3153
2269200
3153
3138
3141
3107
3117
2729900
3117
3120
3124
3092
3100
3565100
3100
3115
3120
3094
3095
2822000
3095
3107
3122
3099
3117
4113500
3117
3112
3130
3096
3123
3097900
3123
3148
3167
3132
3138
4140900
3138
3169
3171
3134
3142
3238100
3142
3162
3248
3153
3230
5805200
3230
3294
3308
3273
3292
8235300
3292
3307
3370
3298
3364
7800500
3364
3426
3482
3417
3473
6986200
3473
3495
3528
3478
3524
7129100
3524
3530
3560
3512
3559
8060000
3559
3550
3605
3550
3594
6587400
3594
3550
3560
3478
3512
7387500
3512
3490
3507
3456
3459
4885600
3459
3500
3563
3493
3501
6096100
3501
3501
3556
3486
3555
4044700
3555
3592
3618
3557
3578
5952700
3578
3575
3600
3537
3546
3953100
3546
3600
3615
3577
3601
5887700
3601
3562
3638
3561
3617
5044600
3617
3610
3629
3583
3627
5620200
3627
3610
3625
3578
3608
4217800
3608
3450
3527
3446
3475
6054400
3475
3433
3448
3402
3420
5828900
3420
3405
3416
3372
3391
3278900
3391
3391
3448
3391
3443
3174100
3443
3475
3478
3432
3463
3514700
3463
3490
3490
3404
3407
3213800
3407
3350
3384
3326
3380
3810100
3380
3359
3386
3342
3377
2798500
3377
3359
3359
3289
3295
4159500
3295
3307
3323
3243
3279
4944200
3279
3200
3227
3161
3171
5971500
3171
3203
3214
3123
3157
5971400
3157
3183
3203
3151
3157
3175100
3157
3150
3222
3149
3186
5542500
3186
3221
3239
3123
3180
7353400
3180
3190
3197
3127
3151
5723500
3151
3212
3215
3010
3209
11520900
3209
3200
3234
3126
3139
6557500
3139
3177
3213
3148
3204
4310400
3204
3200
3211
3091
3111
7776300
3111
3167
3183
3150
3171
4770500
3171
3155
3172
3126
3127
3913700
3127
3111
3125
3092
3117
3355800
3117
3055
3061
3020
3055
4878600
3055
3025
3051
3021
3038
4414000
3038
3038
3047
3022
3032
2807900
3032
3033
3048
3015
3020
3232500
3020
3021
3043
3002
3012
3029500
3012
3000
3057
2983
3057
3508700
3057
2990
3000
2935
2985.5
5690800
2985.5
3009
3028
2998.5
3023
2868800
3023
2953.5
3034
2950
3024
3480700
3024
3033
3053
3021
3040
2794600
3040
3040
3047
3002
3044
3363900
3044
3070
3097
3061
3079
3655200
3079
3078
3088
3060
3062
5835400
3062
3119
3143
3087
3123
4452900
3123
3148
3149
3045
3045
4521300
3045
3010
3096
3008
3079
4737500
3079
3052
3058
3018
3036
4602500
3036
3047
3069
3037
3060
3427800
3060
3035
3045
3017
3034
3058400
3034
3044
3053
3015
3048
5078800
3048
3080
3132
3058
3126
5522300
3126
3145
3163
3110
3156
4880300
3156
3150
3171
3130
3146
5558200
3146
3140
3162
3135
3145
2952200
3145
3120
3164
3108
3108
4688000
3108
3095
3099
3043
3068
4023900
3068
3050
3088
3000
3008
4360500
3008
3000
3017
2947.5
2971.5
7152300
2971.5
2875
2877
2815.5
2821.5
5586200
2821.5
2836
2910
2810.5
2855.5
4227200
2855.5
2998
3036
2972.5
3022
5199000
3022
2983
3043
2964.5
3020
3791600
3020
