1206
1213
1196
1210
1994000
2420
1210
1210
1163
1169
3062000
2338
1180
1180
1164
1165
1500000
2330
1164
1164
1148
1157
1580000
2314
1160
1162
1150
1162
1150000
2324
1164
1167
1154
1158
1341000
2316
1160
1169
1156
1167
1114000
2334
1167
1173
1161
1165
854000
2330
1155
1170
1155
1168
1265000
2336
1172
1172
1139
1141
2197000
2282
1152
1172
1151
1170
1889000
2340
1168
1168
1159
1165
836000
2330
1167
1175
1165
1172
1035000
2344
1168
1182
1168
1176
1037000
2352
1176
1177
1146
1151
2004000
2302
1153
1158
1145
1146
1577000
2292
1146
1162
1140
1147
1663000
2294
1145
1149
1135
1140
1199000
2280
1140
1146
1131
1131
1612000
2262
1136
1156
1132
1152
1462000
2304
1145
1167
1139
1163
1587000
2326
1142
1150
1139
1140
1876000
2280
1107
1109
1081
1099
3692000
2198
1116
1149
1106
1106
2913000
2212
1103
1125
1102
1113
1656000
2226
1091
1099
1082
1097
2440000
2194
1106
1109
1090
1091
1858000
2182
1094
1101
1082
1088
2172000
2176
1095
1100
1087
1088
1288000
2176
1099
1099
1088
1088
1421000
2176
1101
1108
1091
1106
1400000
2212
1108
1114
1100
1108
1331000
2216
1104
1114
1094
1099
2419000
2198
1095
1098
1084
1091
2090000
2182
1095
1103
1094
1096
2535000
2192
1090
1095
1082
1089
1400000
2178
1096
1103
1088
1101
1503000
2202
1092
1102
1089
1089
1456000
2178
1085
1087
1065
1073
1376000
2146
1050
1052
1028
1036
2715000
2072
1032
1040
1024
1029
1252000
2060
1035
1044
1030
1039
1428000
2078
1042
1043
1030
1038
1990000
2076
1045
1045
1019
1023
1831000
2046
1026
1040
1015
1018
2040000
2036
1030
1036
1022
1027
1120000
2054
1020
1025
1011
1024
1726000
2048
1022
1024
1013
1020
991000
2040
1016
1029
1012
1023
1040000
2046
1026
1029
1017
1024
1557000
2048
1020
1022
1009
1012
850000
2024
1007
1009
1001
1009
1227000
2018
1000
1011
997
1009
1659000
2018
990
997
982
984
2766000
1968
980
980
960
974
1989000
1948
980
1009
978
1005
2095000
2010
991
1010
987
1005
1388000
2010
1015
1026
1003
1013
1557000
2026
1019
1025
1012
1021
1076000
2042
1021
1033
1015
1016
1362000
2032
1003
1029
1001
1026
1723000
2052
1025
1045
1023
1041
1743000
2082
1049
1051
1038
1043
1281000
2086
1042
1049
1028
1031
1498000
2062
1031
1039
1026
1035
1357000
2070
966
967
942
946
8313000
1892
945
946
913
915
4837000
1830
913
921
910
910
3230000
1820
910
917
903
909
2704000
1818
910
918
909
916
1967000
1832
919
929
916
923
2578000
1846
925
936
923
932
2380000
1864
933
941
931
935
1789000
1870
935
940
928
929
2621000
1858
931
945
930
939
1666000
1878
947
954
942
952
2066000
1904
950
952
942
944
1734000
1888
952
952
942
943
1348000
1886
945
945
938
940
2054000
1880
939
944
935
942
1244000
1884
949
953
940
947
1581000
1894
946
947
925
930
1816000
1860
926
939
926
928
1357000
1856
925
927
915
919
2004000
1838
919
928
914
916
1794000
1832
919
929
916
927
1478000
1854
931
936
928
934
1304000
1868
940
941
935
938
1249000
1876
940
947
925
926
1526000
1852
930
931
923
924
976000
1848
930
931
918
919
1629000
1838
919
925
919
920
792000
1840
921
925
919
920
813000
1840
918
922
914
918
1726000
1836
919
921
906
910
1272000
1820
909
911
904
904
1400000
1808
909
911
904
909
933000
1818
909
909
903
908
1075000
1816
900
903
894
901
1816000
1802
906
910
898
909
2685000
1818
908
915
901
905
1675000
1810
905
913
900
900
1754000
1800
906
907
900
903
1241000
1806
908
913
901
910
1728000
1820
913
928
912
925
2128000
1850
918
925
904
904
2493000
1808
904
922
904
915
1164000
1830
925
933
921
928
1357000
1856
931
943
929
939
1508000
1878
939
939
923
924
1177000
1848
929
945
927
945
1856000
1890
944
947
933
940
1783000
1880
932
936
920
920
1585000
1840
922
929
918
926
1222000
1852
920
929
916
921
1324000
1842
915
922
911
914
1704000
1828
924
931
922
926
1651000
1852
962
987
937
943
5070000
1886
942
962
931
959
2080000
1918
960
961
942
947
1690000
1894
952
956
947
948
1620000
1896
946
947
917
917
1674000
1834
925
936
904
911
2031000
1822
907
924
907
922
1156000
1844
922
926
908
916
1402000
1832
915
922
905
908
2068000
1816
910
929
907
921
1342000
1842
924
929
920
924
1309000
1848
919
922
909
917
1238000
1834
919
930
917
924
1467000
1848
930
930
919
924
1225000
1848
922
934
921
929
1246000
1858
942
943
929
931
1231000
1862
931
932
917
919
1390000
1838
919
924
909
921
2028000
1842
917
921
914
921
1009000
1842
925
925
909
909
1430000
1818
909
913
900
903
1488000
1806
910
921
905
920
1279000
1840
927
930
923
930
1104000
1860
929
932
923
930
1083000
1860
933
938
926
934
1597000
1868
930
931
912
912
1871000
1824
912
916
908
912
1997000
1824
910
918
907
918
1469000
1836
921
928
920
927
1154000
1854
932
934
926
931
1128000
1862
937
949
935
938
1807000
1876
940
942
929
930
1081000
1860
936
937
924
926
1409000
1852
926
929
914
919
1321000
1838
928
934
923
932
1317000
1864
944
944
920
923
1483000
1846
915
916
896
901
3744000
1802
904
910
901
906
1166000
1812
906
908
899
902
1346000
1804
900
903
897
901
1188000
1802
901
910
899
909
1361000
1818
911
921
910
920
1790000
1840
923
927
922
924
1024000
1848
925
932
925
929
1582000
1858
929
950
929
946
3651000
1892
1885
1887
1815
1837
1537700
1837
1837
1837
1796
1810
3339900
1810
1798
1830
1794
1794
1711800
1794
1809
1818
1795
1812
948200
1812
1813
1826
1803
1816
702500
1816
1820
1821
1810
1812
738200
1812
1812
1817
1793
1795
926900
1795
1790
1802
1785
1802
651100
1802
1802
1825
1801
1825
789600
1825
1827
1830
1816
1821
1167400
1821
1819
1863
1819
1857
1170300
1857
1849
1883
1845
1877
950200
1877
1837
1850
1800
1804
2289700
1804
1797
1834
1786
1832
1490100
1832
1833
1866
1830
1860
1414200
1860
1849
1862
1830
1850
1264500
1850
1852
1882
1846
1872
1718600
1872
1850
1868
1837
1851
1310300
1851
1840
1859
1840
1859
965900
1859
1859
1884
1851
1873
1366300
1873
1893
1921
1887
1919
2492000
1919
1920
1920
1844
1847
1538000
1847
1868
1932
1854
1930
2438000
1930
1901
1919
1888
1898
1425700
1898
1890
1898
1850
1855
1413800
1855
1830
1838
1815
1820
1504500
1820
1802
1822
1802
1810
1090900
1810
1820
1847
1813
1840
1283400
1840
1790
1807
1777
1802
1782300
1802
1782
1799
1760
1770
2080400
1770
1780
1780
1691
1699
2651500
1699
1688
1688
1662
1683
1851600
1683
1696
1742
1694
1741
1565900
1741
1741
1770
1739
1753
1418300
1753
1745
1751
1713
1729
1039100
1729
1727
1737
1705
1723
650700
1723
1715
1716
1680
1685
1224500
1685
1700
1722
1692
1711
939900
1711
1685
1699
1667
1672
844100
1672
1685
1708
1679
1689
944600
1689
1718
1735
1704
1716
814500
1716
1721
1750
1721
1739
890700
1739
1745
1782
1723
1780
1176300
1780
1769
1792
1765
1771
756600
1771
1780
1806
1766
1803
1035700
1803
1780
1811
1776
1800
966800
1800
1820
1839
1811
1837
884600
1837
1844
1860
1824
1828
1041600
1828
1842
1857
1826
1829
1052900
1829
1841
1874
1841
1869
1213400
1869
1865
1898
1864
1893
919500
1893
1871
1871
1833
1850
812100
1850
1848
1876
1845
1872
807800
1872
1852
1873
1835
1870
777700
1870
1870
1894
1859
1892
834300
1892
1895
1910
1892
1905
781500
1905
1878
1907
1875
1895
732600
1895
1650
1650
1552
1593
10727300
1593
1626
1656
1618
1654
3583300
1654
1673
1688
1659
1682
2106700
1682
1690
1701
1669
1674
1524900
1674
1685
1689
1656
1660
1126300
1660
1670
1670
1643
1647
1349300
1647
1647
1666
1645
1650
2050700
1650
1655
1658
1638
1648
1475200
1648
1648
1648
1611
1611
1178300
1611
1590
1618
1588
1601
1354300
1601
1599
1610
1572
1582
1488900
1582
1588
1615
1582
1600
1634100
1600
1585
1588
1547
1551
1554900
1551
1555
1564
1532
1550
1201900
1550
1557
1561
1543
1552
1231600
1552
1565
1582
1563
1572
1086600
1572
1555
1579
1546
1548
1357500
1548
1548
1555
1520
1542
895500
1542
1521
1529
1510
1520
1003900
1520
1521
1526
1503
1509
764400
1509
1500
1503
1463
1474
1301700
1474
1461
1462
1433
1443
1183200
1443
1414
1428
1380
1396
1429100
1396
1402
1428
1384
1412
1376000
1412
1461
1465
1436
1456
1021000
1456
1446
1449
1400
1404
1219800
1404
