2079
2122
2074
2120
1291400
2120
2140
2140
2115
2129
895400
2129
2140
2156
2130
2146
1240900
2146
2154
2212
2154
2205
1139400
2205
2182
2215
2175
2214
971000
2214
2221
2230
2167
2174
1378700
2174
2189
2206
2166
2175
647900
2175
2167
2174
2157
2166
506700
2166
2150
2173
2132
2171
899900
2171
2190
2198
2144
2148
960200
2148
2148
2150
2125
2133
1063000
2133
2129
2138
2115
2123
716100
2123
2127
2175
2127
2168
927300
2168
2150
2157
2122
2136
1062800
2136
2113
2117
2070
2080
1288700
2080
2080
2085
2058
2060
1170200
2060
2070
2072
2049
2052
762200
2052
2040
2041
2007
2014
1241900
2014
2005
2011
1982
1983
1452700
1983
2004
2014
1984
2008
989200
2008
1996
2013
1986
1999
1060400
1999
1955
1966
1936
1958
1543600
1958
1878
1883
1809
1847
3172900
1847
1896
1911
1846
1847
1908000
1847
1847
1852
1831
1843
1331200
1843
1762
1775
1744
1775
2271400
1775
1801
1817
1781
1781
1953300
1781
1832
1837
1718
1727
3262100
1727
1753
1786
1753
1772
2244700
1772
1775
1792
1760
1790
1455600
1790
1811
1867
1811
1866
1829100
1866
1865
1883
1851
1876
1378200
1876
1885
1894
1866
1892
1584300
1892
1872
1879
1844
1851
1177200
1851
1859
1916
1859
1904
1548500
1904
1909
1920
1869
1883
1431700
1883
1904
1911
1891
1899
1443700
1899
1900
1905
1847
1849
1635000
1849
1840
1860
1835
1844
1153700
1844
1800
1812
1785
1792
1690900
1792
1781
1786
1766
1775
812400
1775
1803
1822
1783
1783
967700
1783
1771
1796
1761
1780
1256200
1780
1803
1805
1772
1777
1152200
1777
1810
1821
1774
1776
1994400
1776
1809
1829
1799
1817
847100
1817
1805
1845
1802
1841
889000
1841
1838
1840
1802
1809
1104200
1809
1795
1804
1773
1796
712600
1796
1814
1819
1794
1796
1111200
1796
1790
1800
1771
1781
795900
1781
1766
1810
1764
1796
882500
1796
1794
1795
1743
1757
1245900
1757
1700
1707
1653
1662
2424400
1662
1650
1715
1647
1714
1576200
1714
1731
1768
1726
1762
1255000
1762
1700
1726
1693
1716
1264200
1716
1749
1786
1739
1754
1166500
1754
1775
1775
1735
1747
1006000
1747
1741
1754
1720
1721
569400
1721
1693
1701
1675
1688
983300
1688
1701
1722
1686
1710
824500
1710
1729
1750
1718
1737
774000
1737
1736
1757
1732
1733
1204400
1733
1727
1740
1723
1732
668700
1732
1732
1774
1732
1764
1132200
1764
1780
1812
1768
1794
1306800
1794
1776
1786
1751
1759
924700
1759
1775
1812
1767
1795
1334000
1795
1794
1805
1771
1803
827000
1803
1807
1809
1787
1791
953700
1791
1807
1840
1799
1836
1101300
1836
1853
1897
1847
1883
1519200
1883
1888
1904
1882
1903
1238000
1903
1900
1922
1893
1898
881800
1898
1942
1948
1911
1933
1219300
1933
1932
1942
1919
1941
803500
1941
1950
1952
1921
1931
1035600
1931
1953
1966
1928
1963
1018200
1963
1944
1974
1932
1972
914800
1972
1983
1986
1968
1976
729000
1976
1978
1979
1936
1952
752500
1952
1950
1978
1945
1958
958000
1958
1945
1946
1911
1931
1179400
1931
1926
1937
1908
1924
887900
1924
1920
1937
1910
1931
966400
1931
1923
1966
1923
1962
783700
1962
1969
1974
1936
1951
970200
1951
1934
2016
1931
2009
2087200
2009
2004
2008
1933
1996
1521900
1996
2001
2021
1977
2000
999200
2000
1998
1998
1959
1967
771700
1967
1963
1976
1940
1962
856000
1962
1940
1941
1909
1911
1067500
1911
1904
1906
1862
1867
906700
1867
1850
1871
1837
1849
867900
1849
1836
1875
1831
1870
1067700
1870
1855
1859
1827
1838
499500
1838
1800
1817
1780
1814
1112400
1814
1821
1826
1804
1807
1568200
1807
1795
1811
1778
1790
1158100
1790
1812
1832
1812
1819
557600
1819
1825
1833
1792
1799
747200
1799
1809
1833
1808
1820
734800
1820
1824
1830
1801
1801
1041300
1801
1786
1813
1785
1804
1442100
1804
1795
1820
1780
1812
625500
1812
1827
1837
1812
1824
810100
1824
1815
1831
1807
1824
519900
1824
1816
1821
1794
1807
634400
1807
1806
1808
1771
1774
991300
1774
1773
1783
1738
1751
854700
1751
1733
1746
1710
1713
660500
1713
1730
1778
1708
1776
1294200
1776
1760
1762
1722
1725
857100
1725
1712
1713
1699
1709
815600
1709
1703
1719
1697
1703
809800
1703
1695
1775
1690
1767
1155800
1767
1769
1779
1724
1749
940900
1749
1739
1755
1722
1736
712800
1736
1739
1754
1722
1744
671300
1744
1736
1751
1698
1698
729000
1698
1706
1710
1666
1683
927200
1683
1657
1676
1650
1658
815700
1658
1657
1658
1605
1619
1075700
1619
1615
1644
1612
1633
766700
1633
1633
1687
1632
1681
606700
1681
1691
1700
1675
1681
982800
1681
1657
1669
1632
1643
881200
1643
1632
1651
1624
1632
787700
1632
1644
1667
1636
1655
951200
1655
1663
1708
1663
1689
660300
1689
1703
1714
1691
1691
537100
1691
1687
1697
1681
1684
780500
1684
1684
1691
1656
1669
778000
1669
1673
1727
1666
1720
1045200
1720
1738
1741
1725
1729
675600
1729
1745
1748
1724
1727
391100
1727
1743
1749
1721
1732
657400
1732
1734
1735
1715
1727
685800
1727
1730
1745
1726
1730
664900
1730
1749
1765
1717
1739
1204800
1739
1720
1728
1701
1720
687900
1720
1717
1738
1708
1712
597900
1712
1716
1722
1701
1711
697600
1711
1697
1720
1691
1700
594400
1700
1705
1725
1703
1716
410800
1716
1703
1726
1703
1705
760800
1705
1700
1700
1658
1668
886700
1668
1705
1754
1694
1724
1901300
1724
1704
1705
1640
1652
1411500
1652
1661
1699
1653
1698
742500
1698
1707
1724
1686
1705
678600
1705
1695
1739
1687
1734
849800
1734
1741
1787
1737
1782
905100
1782
1789
1797
1772
1789
635800
1789
1789
1818
1780
1796
953500
1796
1799
1815
1794
1806
748600
1806
1837
1864
1833
1857
1242900
1857
1859
1870
1845
1865
630300
1865
1868
1878
1858
1874
677100
1874
1889
1898
1865
1869
815300
1869
1873
1892
1862
1871
980800
1871
1887
1887
1842
1846
861700
1846
1830
1859
1820
1840
1373800
1840
1847
1858
1798
1803
1056300
1803
1793
1793
1762
1767
1381200
1767
1763
1766
1726
1733
1687100
1733
1733
1759
1724
1729
1259200
1729
1717
1744
1710
1737
1012800
1737
1714
1714
1689
1709
1372800
1709
1704
1717
1693
1706
763100
1706
1704
1710
1680
1705
1046800
1705
1700
1734
1699
1714
618300
1714
1735
1749
1722
1730
1380400
1730
1743
1771
1734
1765
928000
1765
1794
1815
1789
1801
800300
1801
1815
1824
1794
1820
948200
1820
1820
1860
1817
1853
1266100
1853
1865
1868
1824
1834
1019900
1834
1822
1848
1812
1848
753900
1848
1826
1853
1815
1835
827600
1835
1849
1877
1824
1853
1166500
1853
1883
1898
1849
1896
1182400
1896
1893
1897
1877
1890
1349600
1890
1871
1874
1799
1802
1183100
1802
1812
1835
1805
1821
1140900
1821
1797
1839
1794
1830
998100
1830
1812
1838
1802
1811
1114500
1811
1807
1841
1801
1839
1009300
1839
1783
1800
1754
1771
1118600
1771
1750
1795
1738
1793
1587100
1793
1789
1804
1769
1775
900900
1775
1770
1790
1752
1790
1137600
1790
1806
1826
1798
1813
897200
1813
1820
1870
1820
1837
1167800
1837
1769
1780
1678
1721
3092500
1721
1749
1796
1725
1776
1526100
1776
1760
1771
1733
1745
1067800
1745
1761
1777
1733
1753
1044400
1753
1699
1709
1683
1690
1188700
1690
1691
1727
1682
1689
1467900
1689
1714
1755
1689
1748
1099400
1748
1751
1801
1751
1788
1969400
1788
1787
1825
1772
1797
1262000
1797
1823
1834
1777
1780
1753900
1780
1790
1799
1748
1771
1461500
1771
1751
1804
1748
1778
1512000
1778
1797
1846
1796
1830
1139300
1830
1843
1861
1792
1801
1129800
1801
1833
1853
1815
1817
617100
1817
1830
1848
1822
1831
1106600
1831
1825
1855
1825
1854
739200
1854
1827
1856
1710
1740
1971300
1740
1703
1705
1612
1641
2848000
1641
1630
1633
1588
1605
1359200
1605
1595
1602
1557
1564
1264600
1564
1554
1560
1509
1514
983500
1514
1502
1512
1477
1489
1361700
1489
1459
1467
1440
1440
1184500
1440
1445
1457
1436
1453
1137600
1453
1453
1487
1446
1458
1275800
1458
1471
1480
1454
1468
891000
1468
1474
1483
1453
1462
805800
1462
1473
1481
1457
1463
638200
1463
1466
1473
1451
1457
1051500
1457
1469
1480
1457
1477
932700
1477
1477
1477
1439
1441
1394400
1441
1415
1426
1402
1415
1253500
1415
1386
1394
1370
1382
1460600
1382
1393
1402
1370
1399
1116100
1399
1370
1380
1360
1368
1047300
1368
1364
1369
1326
1343
1456400
1343
1350
1380
1338
1370
1659600
1370
1360
1370
1349
1356
1888700
1356
1335
1350
1298
1306
2406400
1306
1306
1311
1287
1293
1175100
1293
1276
1298
1262
1284
1589300
1284
1288
1308
1279
1304
1214100
1304
1285
1299
1250
1256
1434500
1256
1244
1246
1216
1224
1313700
1224
1183
1216
1183
1206
1336900
1206
1222
1250
1212
1230
1737200
1230
1284
1299
1270
1280
1466600
1280
1276
1299
1267
1291
1086300
1291
