1920
1928.5
1914
1927.5
2306900
1927.5
1931.5
1937
1919
1935
2262200
1935
1950
1959.5
1935
1939
2358300
1939
1940
1944.5
1931
1935
2115600
1935
1930.5
1939.5
1918
1939.5
3811900
1939.5
1928.5
1930.5
1858.5
1862.5
6685000
1862.5
1872
1875
1865
1869
2030400
1869
1872
1888
1869.5
1880
1688800
1880
1888
1892.5
1875
1888
3099600
1888
1896
1898
1867
1868
3374900
1868
1868
1882.5
1864
1875.5
2164200
1875.5
1875.5
1879.5
1863.5
1877.5
1438700
1877.5
1882.5
1898.5
1880
1896.5
1962400
1896.5
1895
1909
1893
1905
2036600
1905
1902
1913
1888.5
1899
2705300
1899
1905
1914.5
1894
1900
3001500
1900
1900
1903.5
1890
1892.5
1729700
1892.5
1891
1898.5
1870
1878
2344400
1878
1871
1878.5
1857.5
1857.5
3277600
1857.5
1870.5
1899.5
1866.5
1896
2557800
1896
1890
1917.5
1886.5
1914.5
2718200
1914.5
1887.5
1900.5
1877
1881
3133400
1881
1835
1837.5
1782.5
1808
6761800
1808
1850
1881
1821.5
1822.5
4484400
1822.5
1830
1839
1814.5
1815.5
2955500
1815.5
1776
1815
1760
1814.5
5668700
1814.5
1830
1837
1802
1804.5
3092400
1804.5
1810
1822.5
1800
1814.5
2432400
1814.5
1829.5
1835
1817.5
1820
1971800
1820
1828.5
1852.5
1823.5
1846.5
2150700
1846.5
1864.5
1885
1857.5
1883
1943300
1883
1883
1891
1878
1882.5
2693900
1882.5
1880
1883.5
1860
1865.5
3438300
1865.5
1860
1861.5
1834
1845
3949400
1845
1847.5
1850
1827
1829
6134700
1829
1821.5
1831.5
1816.5
1826
3289200
1826
1833
1835
1819.5
1822.5
2094000
1822.5
1818
1833.5
1806.5
1806.5
2998200
1806.5
1802.5
1805
1775
1779.5
2489200
1779.5
1751
1767
1736
1745.5
3018100
1745.5
1740
1764
1738.5
1762
1937600
1762
1779
1784.5
1768.5
1777.5
1878100
1777.5
1766
1780.5
1761.5
1766
2483000
1766
1782.5
1783.5
1769
1776
2469000
1776
1776
1798
1762
1770.5
3685400
1770.5
1800
1828.5
1800
1826
3219400
1826
1826
1834
1820.5
1834
2365600
1834
1819
1822.5
1805.5
1815
2818700
1815
1800.5
1832
1798
1830
2333000
1830
1830.5
1835.5
1824
1832
2635200
1832
1827
1835
1820
1833.5
1895100
1833.5
1824
1827
1808.5
1820.5
2099600
1820.5
1780.5
1833
1780.5
1831.5
2309800
1831.5
1798.5
1820.5
1791
1797.5
3232300
1797.5
1793
1811.5
1784.5
1811.5
2558700
1811.5
1816
1856.5
1808
1856.5
4730600
1856.5
1835
1883
1832.5
1883
3979600
1883
1882.5
1895.5
1865
1879.5
3229000
1879.5
1895
1904.5
1885.5
1899.5
3046700
1899.5
1902.5
1911.5
1895.5
1897
1578800
1897
1891
1917.5
1884
1913.5
2362300
1913.5
1916.5
1940
1907.5
1931.5
3048400
1931.5
1946
1992
1944
1985
4305000
1985
1983.5
2000
1971.5
1988.5
3266400
1988.5
1992
2021.5
1992
2012.5
3029000
2012.5
2003.5
2020
1984.5
1999.5
2880600
1999.5
1990.5
1994.5
1923.5
1933.5
3264500
1933.5
1990
2026.5
1982
2012
5914500
2012
2019
2022
1966
2004.5
3544600
2004.5
2004.5
2038.5
2002
2034.5
3535000
2034.5
2027
2050
2024.5
2039.5
2578800
2039.5
2043
2076.5
2042.5
2072.5
3106500
2072.5
2072.5
2073.5
2047.5
2055.5
2482900
2055.5
2050.5
2084
2047
2077
2471500
2077
2075.5
2106
2072.5
2100
2401700
2100
2123.5
2127.5
2103
2124.5
2255400
2124.5
2124
2144
2122.5
2139
2028800
2139
2149
2164.5
2138
2161
2530600
2161
2174
2195
2174
2187.5
2612400
2187.5
2186
2200
2182
2195
2024200
2195
2195
2195
2140.5
2162.5
2948400
2162.5
2170.5
2189
2166
2176
2046400
2176
2170.5
2171
2156
2159
1694000
2159
2150
2153.5
2122.5
2126.5
2151900
2126.5
2120
2150
2116
2147.5
1646700
2147.5
2148.5
2153
2141
2152
1767500
2152
2167
2199
2159.5
2193
2254600
2193
2195
2199
2170.5
2177
1710000
2177
2184
2211
2172
2178.5
2643400
2178.5
2190
2190.5
2145
2146.5
2449800
2146.5
2156
2171
2145
2169.5
1847900
2169.5
2163.5
2172.5
2159
2163
1117900
2163
2160
2172
2148
2159.5
1373800
2159.5
2162
2174
2152.5
2165
1939500
2165
2168
2176.5
2155
2159.5
1769900
2159.5
2173.5
2175
2156.5
2173
1926800
2173
2173
2177
2166
2171
1069700
2171
2169
2182.5
2166.5
2182
1512800
2182
2165.5
2173.5
2148
2154
2136700
2154
2162
2169
2154
2159
2804600
2159
2153
2174.5
2150.5
2160.5
1585000
2160.5
2178
2207.5
2174.5
2207
2234300
2207
2218
2225.5
2208
2219
1795200
2219
2223.5
2246
2215.5
2244.5
1909900
2244.5
2265
2282
2261.5
2270.5
2594500
2270.5
2280
2357
2277
2351
5677500
2351
2358
2405.5
2358
2403
3559100
2403
2423
2443
2374
2434
4133000
2434
2435
2454
2417
2423
2755700
2423
2418
2418
2376.5
2377
2566800
2377
2400
2421.5
2396
2410.5
3127400
2410.5
2411
2418.5
2402.5
2415.5
1456000
2415.5
2412.5
2419.5
2363
2363
2858400
2363
2359
2393
2357.5
2380.5
2455600
2380.5
2399.5
2413
2371
2391
2251500
2391
2387
2398.5
2366
2369
2523400
2369
2395
2409.5
2369
2372.5
2014100
2372.5
2367
2374
2343.5
2349.5
2371000
2349.5
2360
2420.5
2350.5
2419
3693400
2419
2415
2415
2364
2381.5
3169400
2381.5
2390
2391
2352.5
2370
2423000
2370
2349
2349
2235
2235.5
4403500
2235.5
2254.5
2278.5
2202.5
2230
3614000
2230
2214.5
2272.5
2210
2262.5
2365200
2262.5
2278.5
2309
2246.5
2255
3595400
2255
2258
2280
2228
2230
2624200
2230
2232.5
2258
2228
2237
1670200
2237
2254.5
2257
2222.5
2222.5
2243000
2222.5
2205.5
2212
2178
2182
2778900
2182
2189.5
2219
2184.5
2206.5
2103900
2206.5
2211
2220
2195
2204
2100700
2204
2243.5
2257.5
2214.5
2250
2204100
2250
2280
2284
2231
2236.5
1836400
2236.5
2241
2241.5
2210.5
2213.5
1780900
2213.5
2214
2233.5
2210
2228
2071300
2228
2220
2242
2215
2227
1598700
2227
2245
2249
2227
2232
1782100
2232
2252.5
2252.5
2220.5
2225
1730100
2225
2243
2269
2232
2268
2025900
2268
2291
2298
2270
2285
2371800
2285
2277
2277
2254
2269.5
1640900
2269.5
2250
2277
2231.5
2266.5
2898600
2266.5
2269
2274
2261.5
2266.5
1626700
2266.5
2272
2276.5
2245.5
2249.5
1966300
2249.5
2269
2276.5
2261
2273.5
1776800
2273.5
2277.5
2291.5
2272
2285
1477300
2285
2291.5
2305
2281
2301.5
1427300
2301.5
2307
2326
2303
2313.5
1620000
2313.5
2323.5
2337.5
2292
2292.5
2369300
2292.5
2300.5
2307
2284.5
2289.5
1907400
2289.5
2285.5
2293.5
2266.5
2269
1948300
2269
2288.5
2309.5
2279.5
2309
2019800
2309
2340
2366
2335.5
2347.5
3153500
2347.5
2333.5
2347.5
2308
2333.5
3332800
2333.5
2348
2350
2328
2337
1891300
2337
2344
2357.5
2336.5
2352.5
1753700
2352.5
2352.5
2357.5
2336.5
2353
2093000
2353
2366
2367
2343.5
2360
2040300
2360
2371
2399
2370
2397.5
2099500
2397.5
2413.5
2446
2412.5
2446
2640500
2446
2450
2474
2443.5
2468.5
3336200
2468.5
2474
2481.5
2434
2437
5958500
2437
2403
2404
2353
2359
4899300
2359
2368.5
2411.5
2365.5
2410
3536200
2410
2390
2408
2387.5
2406.5
2141800
2406.5
2393
2412.5
2390
2409.5
1349000
2409.5
2400.5
2408
2394
2403.5
1370700
2403.5
2391
2398.5
2375.5
2376.5
1845300
2376.5
2369
2379
2350.5
2360
1395700
2360
2350
2411
2343.5
2408
2211800
2408
2400
2419
2392
2415
1524000
2415
2415
2449
2407.5
2448
2177500
2448
2447
2497
2441.5
2491
3245300
2491
2488.5
2561.5
2484.5
2549.5
3586800
2549.5
2569.5
2584
2527
2541
3922900
2541
2550
2652
2546.5
2648
3838900
2648
2670
2689
2650
2663.5
3040500
2663.5
2666
2668
2638
2651.5
2361300
2651.5
2653
2654
2619.5
2619.5
4650300
2619.5
2622.5
2665
2621
2665
3013700
2665
2665.5
2696
2657.5
2693.5
2423600
2693.5
2700
2740
2695
2696
3057900
2696
2710
2746
2708
2737.5
3418000
2737.5
2735.5
2740
2694
2704
2580100
2704
2693.5
2706.5
2675
2696.5
3010200
2696.5
2660.5
2696
2657.5
2679
2000300
2679
2690.5
2712
2668
2676.5
2799300
2676.5
2683
2713
2673
2692
2611600
2692
2650
2707.5
2643
2674.5
2649000
2674.5
2707
2716
2691
2697.5
2430800
2697.5
2650
2695
2638
2672.5
4518500
2672.5
2650
2666
2543
2556.5
5835600
2556.5
2572.5
2583.5
2545
2548
3001800
2548
2542
2562
2528.5
2560
2815600
2560
2592
2598
2575.5
2593
1946400
2593
2610
2637.5
2606
2613
2014900
2613
2590
2630.5
2586
2622.5
2413600
2622.5
2612
2656
2608
2650
1909900
2650
2639
2639.5
2564
2566.5
2704500
2566.5
2595.5
2618.5
2581.5
2610
2707600
2610
2577
2597.5
2541.5
2555.5
3131400
2555.5
2570
2586.5
2536
2549.5
2551800
2549.5
2544.5
2578.5
2513
2529.5
2019700
2529.5
2544.5
2564.5
2530.5
2552.5
2633500
2552.5
2554
2595
2517
2590
2628700
2590
2585.5
2611.5
2555
2564
2207200
2564
2571
2608.5
2563
2600
2936800
2600
2584.5
2591
2556.5
2563
2222100
2563
2575.5
2666
2573
2661
2784000
2661
2675
2685.5
2649.5
2663.5
2941000
2663.5
2700
2750
2699
2745.5
3376800
2745.5
2745
2792
2740.5
2750
2701100
2750
2743
2774.5
2733
2774
2122000
2774
2744
2745.5
2688.5
2723.5
3050700
2723.5
2723.5
2731.5
2674
2682
2707400
2682
2666.5
2678
2627.5
2677.5
2392900
2677.5
2664
2694.5
2636.5
2684.5
2569900
2684.5
2685
2709
2671.5
2679.5
2237800
2679.5
2647.5
2716
2641
2709
2094900
2709
2683.5
2704
2670
2677
1988000
2677
2678.5
2718
2676
2714.5
2024100
2714.5
2720
2726
2684.5
2714.5
2701700
2714.5
2724
2734
2689
2712
2131300
2712
2725
2727
2700.5
2707
2015700
2707
2728
2731
2694.5
2696
1913000
2696
2706
2726
2697
2721
3588900
2721
2732
2732.5
2687
2707.5
2732700
2707.5
2702
2704.5
2619.5
2619.5
3719800
2619.5
2590
2604.5
2567.5
2590
3007900
2590
2581
2618.5
2580.5
2607
3015700
2607
2614
2684
2611
2683
3051000
2683
2640.5
2662.5
2620.5
2641.5
2348000
2641.5
2667
2677
2633
2650
2499500
2650
2675.5
2712
2657
2694
3572900
2694
2708
2732
2694
2725.5
2610000
2725.5
2705
2720
2665
2669.5
3923200
2669.5
2668
2693
2615
2641
3802100
2641
2608.5
2618.5
2551.5
2558
4391200
2558
2550
2561.5
2459.5
2465
5302900
2465
2430
2439.5
2300
2306
14107700
2306
2240
2294
2237
2253.5
12699500
2253.5
2165
2171.5
2078.5
2086
6858600
2086
2120
2181.5
2090
2129.5
5723300
2129.5
2229.5
2242
2174.5
2219.5
5728900
2219.5
2215
2219.5
2142
2149.5
4378200
2149.5
