4440
4465
4420
4465
814500
4465
4465
4485
4455
4485
853000
4485
4500
4535
4490
4535
1042900
4535
4530
4595
4530
4585
851400
4585
4595
4630
4565
4610
845600
4610
4600
4615
4560
4565
703900
4565
4615
4660
4610
4615
669700
4615
4615
4625
4590
4595
495400
4595
4555
4560
4515
4545
772900
4545
4580
4585
4505
4505
687800
4505
4515
4525
4480
4495
711200
4495
4470
4475
4430
4450
854100
4450
4490
4520
4460
4520
714900
4520
4485
4500
4460
4480
621800
4480
4460
4495
4430
4485
766100
4485
4505
4505
4470
4470
752600
4470
4445
4485
4435
4465
621300
4465
4485
4495
4435
4450
739000
4450
4450
4480
4420
4420
745600
4420
4460
4560
4455
4550
1200700
4550
4570
4585
4530
4550
898000
4550
4470
4515
4455
4500
811000
4500
4360
4410
4330
4395
1750000
4395
4490
4520
4400
4400
1160300
4400
4420
4475
4420
4445
709600
4445
4345
4350
4305
4335
1241400
4335
4390
4410
4315
4325
845400
4325
4345
4350
4285
4310
818600
4310
4365
4390
4340
4340
602100
4340
4360
4415
4345
4395
651000
4395
4435
4490
4430
4490
523600
4490
4455
4495
4445
4485
554400
4485
4450
4465
4430
4435
754600
4435
4400
4410
4385
4395
582800
4395
4400
4425
4385
4390
430500
4390
4455
4455
4415
4430
444800
4430
4475
4480
4440
4450
551100
4450
4415
4435
4395
4395
636200
4395
4345
4355
4310
4330
909300
4330
4300
4315
4250
4280
872200
4280
4270
4310
4255
4300
553100
4300
4345
4345
4290
4295
610900
4295
4295
4335
4275
4280
674200
4280
4320
4325
4265
4285
545700
4285
4285
4320
4240
4245
960700
4245
4290
4310
4270
4305
546900
4305
4285
4285
4250
4285
551500
4285
4260
4295
4255
4280
591000
4280
4265
4275
4250
4260
504800
4260
4285
4310
4280
4295
585900
4295
4290
4290
4240
4255
668900
4255
4245
4295
4240
4280
498200
4280
4300
4315
4275
4310
594300
4310
4230
4260
4210
4230
926400
4230
4210
4225
4180
4225
709900
4225
4260
4305
4245
4305
758500
4305
4200
4250
4200
4250
684400
4250
4260
4265
4200
4230
730000
4230
4250
4260
4220
4235
448000
4235
4230
4240
4190
4190
428100
4190
4140
4160
4115
4155
604800
4155
4165
4165
4130
4150
464900
4150
4185
4275
4170
4245
664600
4245
4220
4245
4210
4225
442700
4225
4225
4275
4220
4260
454300
4260
4260
4290
4240
4265
574700
4265
4290
4300
4260
4260
521500
4260
4245
4275
4240
4250
473100
4250
4280
4305
4275
4290
548400
4290
4300
4340
4295
4325
467600
4325
4315
4340
4295
4300
379200
4300
4300
4350
4280
4350
706600
4350
4350
4390
4310
4320
535200
4320
4305
4330
4275
4280
682600
4280
4315
4335
4290
4320
543000
4320
4345
4375
4325
4375
531000
4375
4350
4400
4350
4395
526000
4395
4405
4445
4390
4410
595400
4410
4445
4450
4400
4425
591600
4425
4395
4400
4350
4365
616600
4365
4390
4415
4380
4410
359700
4410
4420
4420
4350
4365
572800
4365
4370
4395
4360
4380
788600
4380
4370
4405
4365
4390
528500
4390
4410
4445
4405
4410
467700
4410
4415
4450
4415
4450
530900
4450
4435
4460
4425
4455
446800
4455
4475
4495
4415
4425
574300
4425
4400
4420
4365
4405
411200
4405
4445
4460
4410
4425
657500
4425
4445
4445
4415
4440
395700
4440
4425
4435
4400
4400
340400
4400
4405
4450
4390
4440
391200
4440
4445
4465
4405
4410
574900
4410
4400
4405
4330
4345
570300
4345
4330
4365
4325
4335
546100
4335
4330
4365
4315
4355
347700
4355
4360
4370
4340
4355
377900
4355
4325
4335
4295
4310
674800
4310
4310
4315
4290
4310
726400
4310
4285
4345
4270
4310
634800
4310
4350
4420
4350
4415
556000
4415
4400
4445
4400
4435
493800
4435
4400
4405
4385
4390
415400
4390
4425
4425
4375
4385
482400
4385
4345
4390
4345
4350
630000
4350
4340
4385
4325
4360
400700
4360
4355
4390
4355
4375
403000
4375
4365
4385
4365
4380
323300
4380
4390
4430
4360
4410
564900
4410
4410
4430
4395
4395
709100
4395
4395
4410
4355
4370
416000
4370
4410
4425
4370
4380
893400
4380
4365
4390
4335
4380
594100
4380
4380
4385
4290
4290
729500
4290
4250
4295
4210
4295
620500
4295
4310
4315
4285
4300
620000
4300
4285
4330
4270
4320
635400
4320
4210
4260
4210
4245
580700
4245
4225
4250
4210
4215
503200
4215
4215
4225
4210
4215
443100
4215
4210
4220
4160
4165
566700
4165
4180
4185
4150
4180
540800
4180
4150
4195
4150
4180
370200
4180
4155
4180
4140
4165
611300
4165
4145
4205
4130
4155
895700
4155
4155
4225
4150
4205
611300
4205
4225
4250
4185
4185
594600
4185
4180
4190
4150
4170
454300
4170
4200
4215
4170
4185
520600
4185
4210
4215
4185
4185
450600
4185
4185
4255
4180
4220
589900
4220
4230
4250
4215
4220
389900
4220
4235
4240
4195
4195
439700
4195
4170
4190
4155
4165
619100
4165
4230
4305
4230
4280
1058800
4280
4305
4330
4255
4275
630700
4275
4300
4310
4270
4275
410200
4275
4285
4300
4270
4300
636500
4300
4320
4320
4275
4295
591400
4295
4305
4350
4295
4345
708600
4345
4295
4305
4175
4175
1726100
4175
4190
4285
4185
4285
875000
4285
4265
4290
4200
4200
899700
4200
4185
4195
4140
4140
716000
4140
4125
4160
4110
4135
535700
4135
4150
4150
4120
4140
362000
4140
4140
4160
4135
4135
430700
4135
4135
4150
4120
4130
539300
4130
4120
4125
4070
4080
748200
4080
4040
4045
4005
4020
593300
4020
4020
4020
4000
4010
675100
4010
4000
4005
3905
3915
1273300
3915
3875
3915
3835
3910
1014500
3910
3900
3915
3885
3895
567300
3895
3910
3915
3885
3910
498000
3910
3890
3930
3880
3925
567400
3925
3920
3965
3905
3950
445200
3950
3950
3960
3930
3955
323000
3955
3970
3980
3950
3955
327800
3955
3950
3995
3940
3990
387100
3990
4020
4025
3970
3970
580300
3970
3970
4000
3970
3975
416100
3975
3990
4000
3960
3970
574800
3970
3940
3965
3925
3925
804500
3925
3945
3955
3905
3910
366600
3910
3905
3915
3895
3900
374500
3900
3900
3905
3865
3870
503300
3870
3860
3880
3850
3850
417500
3850
3845
3845
3815
3830
512100
3830
3810
3855
3805
3845
305200
3845
3830
3840
3815
3835
434400
3835
3820
3825
3785
3785
665800
3785
3785
3840
3780
3825
396000
3825
3845
3910
3840
3895
904000
3895
3860
3935
3850
3930
710500
3930
3965
4015
3960
4010
714200
4010
4040
4050
4010
4020
887100
4020
4025
4055
4020
4040
896000
4040
4045
4070
4030
4070
793900
4070
4035
4060
4000
4055
640000
4055
4030
4060
4020
4020
493700
4020
4050
4095
4050
4060
708600
4060
4055
4080
4035
4050
499000
4050
4060
4090
4055
4080
698200
4080
4060
4080
3980
3985
766400
3985
4025
4035
4005
4015
651800
4015
4000
4040
4000
4020
530300
4020
3995
4005
3935
3950
810300
3950
3955
4020
3955
4010
555000
4010
3930
3990
3910
3920
1013000
3920
3890
3905
3850
3865
831700
3865
3860
3865
3800
3800
753700
3800
3800
3830
3785
3825
567600
3825
3885
3905
3865
3895
613400
3895
3915
3930
3885
3890
413200
3890
3855
3885
3845
3880
433500
3880
3885
3925
3880
3910
404100
3910
3885
3895
3830
3840
514000
3840
3845
3850
3780
3780
996100
3780
3700
3730
3685
3705
809200
3705
3730
3745
3695
3715
795300
3715
3730
3745
3700
3705
573500
3705
3730
3825
3725
3815
1173100
3815
3825
3895
3810
3895
849000
3895
3885
3925
3875
3905
559600
3905
3915
3925
3865
3905
650100
3905
3890
3915
3885
3895
451200
3895
3885
3945
3885
3935
444800
3935
3955
3980
3900
3915
675500
3915
3955
3990
3950
3960
668200
3960
3940
3990
3935
3985
494100
3985
3955
3980
3940
3955
511400
3955
3885
3910
3860
3900
704200
3900
3935
3950
3920
3940
477900
3940
3870
3890
3790
3810
745700
3810
3820
3860
3800
3845
686900
3845
3815
3830
3760
3775
632000
3775
3740
3775
3725
3760
639100
3760
3700
3715
3675
3685
775000
3685
3700
3725
3680
3715
692700
3715
3700
3725
3685
3720
578800
3720
3750
3750
3710
3730
709700
3730
3725
3725
3685
3695
972400
3695
3710
3730
3685
3695
593200
3695
3690
3730
3680
3730
1300000
3730
3755
3785
3735
3785
670800
3785
3775
3780
3715
3725
653200
3725
3685
3710
3660
3695
866500
3695
3685
3685
3625
3655
792300
3655
3675
3685
3640
3670
629400
3670
3640
3640
3565
3565
844700
3565
3575
3580
3500
3545
905800
3545
3560
3625
3555
3595
888600
3595
3600
3645
3585
3620
622500
3620
3595
3615
3555
3575
992800
3575
3555
3585
3545
3575
609100
3575
3550
3570
3520
3525
870400
3525
3500
3510
3455
3460
877800
3460
3410
3415
3350
3355
1077800
3355
3320
3325
3250
3280
1420800
3280
3115
3210
3105
3180
1347800
3180
3200
3230
3160
3200
835800
3200
3335
3350
3255
3285
872100
3285
3275
3310
3250
3275
823100
3275
