962
978
961
977
1121500
977
985
998
983
995
1152700
995
1000
1008
997
1005
971500
1005
1002
1009
1001
1005
573700
1005
998
1013
997
1012
658100
1012
1011
1020
1011
1014
1170200
1014
1019
1022
1011
1015
733400
1015
1021
1024
1015
1016
554600
1016
1000
1015
999
1010
648500
1010
1023
1023
1006
1008
1062100
1008
1010
1015
1004
1011
691500
1011
1009
1016
1006
1010
603000
1010
1014
1026
1012
1025
814200
1025
1026
1029
1022
1024
781100
1024
1013
1023
1009
1017
781500
1017
1020
1021
1008
1012
618600
1012
1021
1030
1012
1020
1081400
1020
1027
1046
1019
1028
2847700
1028
1022
1048
1019
1035
1697400
1035
1046
1060
1040
1060
1425600
1060
1059
1059
1040
1052
949500
1052
1027
1033
1020
1022
1299000
1022
999
1023
978
1007
4228200
1007
1043
1051
1011
1013
2174400
1013
1019
1035
1017
1029
1295200
1029
1001
1009
995
1009
2096000
1009
1021
1021
1004
1007
1278900
1007
1004
1011
993
1000
1260300
1000
1013
1028
1007
1023
1147000
1023
1026
1040
1020
1031
809900
1031
1041
1060
1040
1058
1169100
1058
1060
1087
1058
1085
1658700
1085
1086
1086
1061
1065
1197000
1065
1057
1059
1035
1048
1147200
1048
1057
1060
1047
1055
552900
1055
1067
1080
1064
1078
810600
1078
1082
1085
1077
1079
1044000
1079
1074
1081
1061
1061
834500
1061
1056
1058
1041
1046
826600
1046
1024
1030
1019
1024
1290800
1024
1019
1023
1010
1016
549000
1016
1030
1034
1021
1022
646600
1022
1024
1039
1022
1032
1014100
1032
1044
1047
1017
1021
1467000
1021
1027
1042
1012
1018
1557600
1018
1036
1037
1027
1032
587300
1032
1034
1048
1028
1048
645700
1048
1040
1054
1040
1051
743100
1051
1046
1050
1040
1047
580800
1047
1046
1046
1028
1030
844000
1030
1024
1029
1013
1016
922900
1016
1008
1023
1006
1017
917900
1017
1021
1022
1001
1003
1733300
1003
988
992
960
964
3210500
964
958
958
939
950
2169200
950
963
979
960
979
2278300
979
937
950
934
949
1601400
949
956
961
941
950
1046300
950
964
966
956
964
925300
964
960
970
959
963
605600
963
950
965
945
964
810400
964
969
980
963
979
1095100
979
985
990
979
985
876900
985
985
994
982
990
898100
990
984
988
980
985
690100
985
981
988
974
981
763800
981
987
992
980
988
675300
988
986
990
980
987
762700
987
987
993
986
991
995500
991
994
1003
990
999
753300
999
1000
1008
994
997
934100
997
995
1011
992
1009
724900
1009
1009
1016
1007
1009
783500
1009
1014
1022
1012
1019
864900
1019
1020
1032
1018
1030
765100
1030
1033
1049
1032
1048
1074000
1048
1042
1050
1037
1050
525700
1050
1050
1073
1049
1068
1417900
1068
1074
1077
1064
1068
1049300
1068
1065
1082
1064
1075
1106100
1075
1066
1073
1061
1070
818300
1070
1063
1063
1047
1050
670700
1050
1044
1046
1012
1013
1593900
1013
1015
1018
1006
1009
851900
1009
1010
1018
1005
1016
738700
1016
1035
1053
1029
1052
1938800
1052
1059
1080
1056
1079
1608600
1079
1080
1086
1049
1050
1090600
1050
1051
1059
1045
1049
769800
1049
1050
1056
1045
1051
703700
1051
1058
1059
1050
1056
652900
1056
1057
1067
1054
1063
649700
1063
1068
1068
1060
1064
479800
1064
1061
1073
1054
1057
1077200
1057
1060
1064
1052
1057
574200
1057
1058
1058
1047
1048
700800
1048
1056
1056
1042
1054
382300
1054
1045
1049
1036
1040
560400
1040
1022
1034
1022
1032
871800
1032
1040
1043
1025
1029
904700
1029
1029
1050
1026
1047
874800
1047
1060
1063
1056
1061
675600
1061
1060
1066
1039
1042
700400
1042
1046
1046
1035
1035
695800
1035
1040
1059
1039
1053
903000
1053
1055
1057
1041
1045
1088100
1045
1043
1048
1035
1043
485700
1043
1047
1053
1038
1050
621100
1050
1052
1054
1047
1051
414600
1051
1051
1062
1048
1053
705400
1053
1063
1063
1051
1056
573600
1056
1057
1057
1042
1045
583400
1045
1038
1041
1029
1031
785800
1031
1034
1053
1026
1051
722200
1051
1051
1062
1046
1056
685300
1056
1048
1054
1041
1045
807900
1045
1048
1054
1045
1047
500100
1047
1041
1058
1037
1053
705800
1053
1059
1062
1047
1058
733500
1058
1057
1070
1056
1067
1082700
1067
1069
1069
1056
1059
915500
1059
1059
1077
1053
1053
1220200
1053
1053
1062
1044
1054
1030100
1054
1044
1052
1042
1047
585000
1047
1046
1049
1029
1034
1000800
1034
1035
1051
1033
1048
731200
1048
1046
1064
1044
1058
557900
1058
1058
1069
1057
1057
591300
1057
1055
1056
1038
1044
754300
1044
1049
1058
1046
1047
593900
1047
1058
1065
1051
1056
1043600
1056
1057
1071
1054
1057
694900
1057
1064
1072
1061
1065
627900
1065
1058
1064
1043
1044
1080800
1044
1043
1048
1034
1039
1022000
1039
1037
1061
1035
1060
1030900
1060
1066
1071
1063
1068
701900
1068
1068
1078
1066
1067
659900
1067
1080
1119
1080
1116
2265500
1116
1123
1143
1107
1111
1862100
1111
1113
1120
1108
1111
955900
1111
1108
1119
1103
1112
911100
1112
1106
1107
1092
1095
1320000
1095
1093
1114
1093
1109
925000
1109
1111
1117
1100
1114
817600
1114
1111
1116
1108
1113
623000
1113
1110
1119
1110
1118
442300
1118
1117
1132
1117
1120
875400
1120
1123
1123
1107
1111
632800
1111
1122
1123
1107
1109
896100
1109
1107
1107
1095
1100
957700
1100
1107
1126
1105
1126
743900
1126
1125
1128
1119
1124
562200
1124
1121
1158
1115
1148
1601100
1148
1156
1157
1146
1147
708900
1147
1150
1157
1149
1154
724500
1154
1147
1159
1144
1156
819600
1156
1158
1168
1155
1165
939300
1165
1174
1184
1172
1176
1450400
1176
1179
1209
1179
1207
1574400
1207
1218
1223
1208
1212
1080400
1212
1217
1234
1216
1226
1211500
1226
1230
1236
1229
1233
1010200
1233
1240
1240
1211
1213
1357200
1213
1185
1185
1170
1175
2163200
1175
1176
1177
1149
1159
1550900
1159
1161
1168
1158
1167
901100
1167
1175
1181
1166
1170
1032600
1170
1160
1161
1146
1155
1231700
1155
1150
1158
1144
1156
925800
1156
1162
1172
1160
1172
835700
1172
1179
1193
1174
1185
1143100
1185
1178
1185
1165
1172
1218300
1172
1174
1175
1168
1169
1146300
1169
1182
1182
1167
1168
1957400
1168
1170
1198
1169
1194
1328500
1194
1214
1218
1196
1196
1471100
1196
1204
1210
1195
1209
1681700
1209
1215
1227
1214
1226
1997000
1226
1229
1232
1221
1228
2301700
1228
1193
1201
1170
1190
2001200
1190
1188
1193
1176
1178
1381900
1178
1187
1204
1181
1194
1545900
1194
1185
1189
1179
1183
1130700
1183
1183
1189
1170
1170
1655500
1170
1170
1176
1163
1167
1017800
1167
1175
1188
1175
1184
1227100
1184
1176
1200
1175
1195
1307500
1195
1194
1199
1184
1185
1110700
1185
1190
1196
1181
1190
885700
1190
1155
1171
1153
1166
1581100
1166
1152
1168
1151
1168
1592700
1168
1172
1175
1157
1160
1107200
1160
1155
1168
1155
1168
778000
1168
1183
1195
1180
1187
950700
1187
1185
1196
1180
1187
867500
1187
1176
1194
1175
1187
800300
1187
1184
1196
1178
1192
649500
1192
1189
1189
1179
1182
917500
1182
1197
1214
1181
1203
1948700
1203
1177
1186
1165
1177
1530100
1177
1179
1181
1135
1172
2220500
1172
1174
1175
1142
1143
1477500
1143
1139
1166
1138
1160
1294900
1160
1161
1161
1145
1151
1344100
1151
1150
1167
1145
1163
1002900
1163
1167
1194
1162
1191
1564300
1191
1189
1206
1186
1191
1119400
1191
1206
1213
1200
1212
1233300
1212
1215
1234
1209
1211
1447800
1211
1230
1230
1209
1212
986700
1212
1217
1227
1210
1220
1050100
1220
1217
1224
1214
1222
624200
1222
1202
1207
1195
1202
951600
1202
1205
1208
1191
1195
671500
1195
1191
1191
1176
1186
732100
1186
1197
1202
1190
1193
721700
1193
1193
1199
1184
1199
674800
1199
1191
1215
1190
1215
885900
1215
1206
1217
1205
1213
812200
1213
1217
1217
1203
1216
694100
1216
1217
1241
1215
1240
1439900
1240
1250
1261
1244
1261
1333900
1261
1266
1293
1265
1291
1928100
1291
1298
1307
1288
1293
1060000
1293
1296
1299
1274
1286
1169400
1286
1294
1311
1289
1307
1096300
1307
1306
1318
1290
1291
1338800
1291
1281
1283
1254
1268
1685500
1268
1268
1268
1244
1258
1136900
1258
1258
1262
1243
1262
936000
1262
1240
1255
1235
1248
942900
1248
1247
1247
1228
1244
1270700
1244
1251
1269
1250
1268
1271500
1268
1277
1281
1258
1265
1003000
1265
1255
1267
1232
1232
1733100
1232
1232
1248
1229
1248
1022100
1248
1236
1236
1219
1224
1143200
1224
1224
1224
1201
1205
1058600
1205
1200
1200
1159
1166
1459700
1166
1150
1156
1135
1142
1311200
1142
1105
1123
1097
1118
1418700
1118
1131
1147
1111
1129
1539400
1129
1174
1176
1139
1145
1347200
1145
1145
1156
1139
1155
923900
1155
