4445
4495
4418
4492
1314300
4492
4518
4553
4506
4522
1112300
4522
4548
4550
4498
4539
1739800
4539
4540
4589
4540
4561
1267000
4561
4541
4573
4504
4534
995600
4534
4531
4552
4487
4502
1121100
4502
4530
4575
4515
4521
642400
4521
4534
4548
4519
4537
491700
4537
4521
4594
4513
4578
1009300
4578
4607
4622
4496
4512
1081500
4512
4543
4605
4532
4601
1174200
4601
4660
4670
4616
4659
1900900
4659
4699
4766
4673
4751
1158700
4751
4758
4780
4744
4767
948600
4767
4755
4757
4701
4713
922800
4713
4730
4733
4598
4619
1289200
4619
4634
4636
4560
4573
1102600
4573
4528
4556
4426
4454
2562400
4454
4407
4449
4364
4366
2051000
4366
4402
4458
4359
4416
1177700
4416
4388
4414
4359
4389
1388800
4389
4319
4349
4282
4338
1396000
4338
4151
4198
4039
4153
2318800
4153
4253
4308
4143
4152
2138700
4152
4186
4206
4117
4163
1604500
4163
4023
4078
4001
4075
1759400
4075
4100
4140
4013
4030
1523100
4030
4021
4055
3922
3994
1532100
3994
4134
4153
4011
4029
1545000
4029
4036
4145
4020
4110
1885800
4110
4143
4205
4122
4170
1051000
4170
4150
4177
4105
4153
1016600
4153
4144
4144
4039
4070
1707900
4070
4074
4096
4044
4091
1298100
4091
4088
4134
4069
4118
1025000
4118
4150
4176
4119
4142
782500
4142
4170
4216
4151
4180
1226000
4180
4160
4211
4140
4143
1150500
4143
4088
4098
4047
4082
1496400
4082
4000
4002
3922
3974
1553400
3974
3966
3983
3941
3970
973000
3970
4070
4098
4013
4018
1502100
4018
4018
4052
3996
4025
1409800
4025
4095
4096
3998
4020
1216300
4020
4090
4145
4068
4088
2465500
4088
4150
4152
4116
4147
1121700
4147
4136
4174
4086
4173
1443200
4173
4141
4163
4092
4160
950200
4160
4150
4154
4110
4129
743700
4129
4138
4138
4062
4110
1726300
4110
4109
4174
4101
4122
1101900
4122
4110
4175
4093
4169
1190600
4169
4127
4181
4082
4173
1694800
4173
4098
4099
4025
4065
1719100
4065
4050
4108
4035
4106
1409600
4106
4128
4227
4099
4213
1748800
4213
4093
4200
4085
4194
1783100
4194
4235
4256
4169
4241
1127800
4241
4292
4303
4228
4282
1738000
4282
4310
4361
4303
4306
1305900
4306
4275
4367
4253
4355
1174000
4355
4359
4387
4320
4359
1079900
4359
4400
4454
4395
4412
1164700
4412
4385
4392
4344
4346
1291700
4346
4345
4443
4333
4396
1062900
4396
4363
4464
4346
4415
1077700
4415
4430
4459
4377
4381
1105200
4381
4380
4409
4369
4385
1075700
4385
4429
4466
4380
4380
932700
4380
4387
4403
4362
4394
607400
4394
4385
4409
4351
4355
1077700
4355
4345
4420
4323
4397
1028000
4397
4416
4434
4366
4371
1168300
4371
4371
4443
4371
4419
759800
4419
4449
4477
4415
4421
1061200
4421
4462
4477
4422
4447
870500
4447
4417
4478
4411
4458
804100
4458
4490
4557
4490
4545
1245600
4545
4598
4609
4561
4590
1029400
4590
4610
4629
4584
4613
924300
4613
4617
4621
4558
4604
748700
4604
4600
4618
4524
4586
812100
4586
4587
4676
4567
4634
834300
4634
4642
4658
4601
4656
988200
4656
4656
4716
4655
4690
1018400
4690
4695
4756
4662
4723
913100
4723
4704
4768
4683
4739
709700
4739
4724
4753
4686
4728
888500
4728
4741
4766
4719
4724
837700
4724
4744
4763
4726
4753
1177500
4753
4775
4968
4744
4939
1990400
4939
4970
4977
4592
4599
4457700
4599
4619
4728
4582
4690
2486600
4690
4691
4746
4658
4691
1730300
4691
4668
4669
4607
4629
1781800
4629
4631
4733
4628
4728
1367800
4728
4731
4755
4689
4749
1212600
4749
4745
4759
4705
4753
1452800
4753
4721
4725
4577
4631
2431700
4631
4654
4756
4653
4732
3363200
4732
4725
4774
4680
4743
2150400
4743
4796
4858
4787
4838
1860100
4838
4838
4858
4821
4843
1527900
4843
4844
4853
4794
4838
2243500
4838
4838
4841
4690
4700
4305800
4700
4650
4748
4649
4694
2669100
4694
4644
4669
4617
4620
1433300
4620
4630
4683
4557
4582
1778100
4582
4560
4654
4547
4644
1909500
4644
4612
4655
4574
4600
1222300
4600
4628
4638
4590
4613
1194800
4613
4590
4590
4542
4568
899100
4568
4542
4593
4526
4531
1121900
4531
4550
4559
4495
4550
1136000
4550
4557
4620
4525
4595
1152700
4595
4587
4588
4541
4564
1060200
4564
4587
4599
4544
4548
719700
4548
4502
4571
4486
4567
668500
4567
4521
4543
4453
4477
1228500
4477
4459
4493
4421
4448
1093500
4448
4450
4491
4429
4480
775500
4480
4467
4487
4411
4418
825100
4418
4424
4448
4397
4441
1113500
4441
4402
4419
4371
4383
831100
4383
4376
4406
4353
4375
869500
4375
4350
4395
4340
4355
1084600
4355
4319
4372
4281
4335
1864600
4335
4403
4450
4367
4399
1627500
4399
4369
4381
4333
4371
1179700
4371
4406
4474
4394
4447
1332700
4447
4466
4489
4451
4471
851000
4471
4550
4570
4524
4529
830800
4529
4543
4558
4472
4474
598500
4474
4483
4483
4454
4454
595100
4454
4454
4454
4382
4447
934700
4447
4431
4515
4424
4493
979500
4493
4503
4530
4457
4465
799900
4465
4499
4511
4468
4474
439500
4474
4481
4513
4463
4495
706700
4495
4524
4530
4493
4519
597800
4519
4518
4539
4493
4499
540500
4499
4540
4602
4512
4534
1467600
4534
4545
4605
4534
4597
1234300
4597
4628
4673
4624
4631
1130700
4631
4593
4601
4482
4496
1033900
4496
4490
4542
4472
4491
626600
4491
4491
4556
4482
4556
629900
4556
4545
4591
4535
4542
604300
4542
4533
4540
4466
4473
805000
4473
4460
4470
4384
4411
1072500
4411
4422
4561
4403
4490
1606400
4490
4525
4569
4498
4569
1193400
4569
4613
4649
4574
4599
913900
4599
4553
4637
4500
4624
1015200
4624
4645
4688
4642
4662
717500
4662
4621
4681
4615
4671
606300
4671
4641
4694
4641
4682
899500
4682
4683
4755
4674
4728
839800
4728
4734
4777
4734
4751
692100
4751
4751
4778
4715
4720
891200
4720
4768
4835
4752
4827
778400
4827
4833
4873
4806
4806
756700
4806
4792
4874
4782
4861
821300
4861
4862
4884
4838
4842
946900
4842
4780
4798
4741
4744
1137500
4744
4742
4742
4631
4675
1103400
4675
4645
4666
4607
4624
691700
4624
4601
4615
4565
4586
846900
4586
4581
4600
4433
4450
1295600
4450
4458
4470
4367
4424
1234200
4424
4398
4505
4397
4492
993300
4492
4473
4509
4465
4470
1030300
4470
4426
4436
4338
4372
1180600
4372
4351
4388
4312
4322
1021700
4322
4349
4449
4341
4444
2021300
4444
4476
4656
4475
4641
2072300
4641
4743
4823
4716
4746
1604200
4746
4788
4824
4758
4805
1773600
4805
4830
4889
4770
4834
2459100
4834
4879
5014
4864
5011
1863000
5011
4890
4937
4854
4912
1435900
4912
4842
4919
4828
4836
1259400
4836
4887
4926
4828
4839
1369600
4839
4813
4842
4765
4787
1025600
4787
4850
4885
4808
4827
1298100
4827
4800
4855
4790
4796
938900
4796
4864
4882
4781
4795
1088300
4795
4814
4855
4771
4785
962100
4785
4780
4809
4730
4766
1417400
4766
4836
4916
4816
4892
1468600
4892
4753
4798
4728
4793
1669400
4793
4665
4716
4559
4619
2246800
4619
4562
4637
4562
4600
1171300
4600
4644
4671
4605
4663
1042500
4663
4730
4798
4701
4731
1090700
4731
4770
4786
4729
4743
682400
4743
4673
4756
4664
4743
971400
4743
4673
4752
4664
4741
1123600
4741
4699
4705
4600
4631
1185800
4631
4626
4631
4544
4600
1152500
4600
4460
4572
4460
4517
1072500
4517
4555
4634
4535
4580
1374200
4580
4596
4610
4473
4476
1120900
4476
4472
4586
4470
4572
1211300
4572
4599
4682
4551
4680
1471700
4680
4680
4717
4668
4686
1192500
4686
4678
4770
4650
4757
1105000
4757
4710
4731
4675
4706
903200
4706
4729
4906
4729
4855
1059900
4855
4911
4949
4799
4816
1303700
4816
4913
4952
4878
4882
924900
4882
4885
4924
4852
4858
724700
4858
4824
4907
4808
4893
596700
4893
4753
4782
4540
4646
1990200
4646
4659
4688
4503
4527
1982100
4527
4482
4514
4433
4487
1221100
4487
4531
4611
4515
4557
1088000
4557
4571
4595
4497
4560
1256900
4560
4499
4531
4376
4407
1697900
4407
4369
4391
4309
4334
1580000
4334
4378
4378
4301
4342
1038300
4342
4345
4355
4236
4256
1203300
4256
4298
4403
4298
4368
1548700
4368
4372
4409
4312
4335
1942500
4335
4349
4351
4300
4304
1167800
4304
4320
4414
4313
4386
2621800
4386
4439
4478
4396
4454
944300
4454
4430
4431
4309
4310
1294800
4310
4207
4275
4186
4253
1485900
4253
4203
4230
4167
4184
1399800
4184
4175
4212
4117
4163
1565200
4163
4100
4153
4084
4136
1112500
4136
4075
4084
4020
4078
1359500
4078
4011
4079
3974
4045
2285500
4045
4025
4066
3976
4051
1400700
4051
4066
4083
3979
3988
2129100
3988
3998
4046
3998
4005
1112400
4005
3942
3977
3927
3945
1096700
3945
3931
3956
3851
3873
1613100
3873
3873
3894
3798
3817
1642300
3817
3842
3850
3713
3763
2671500
3763
3638
3658
3536
3562
1902800
3562
3576
3639
3532
3589
1797300
3589
3729
3763
3667
3701
4308900
3701
3690
3764
3661
3732
1329500
3732
