2373.5
2385
2360
2382.5
4863000
2382.5
2399
2416.5
2386
2401
4880500
2401
2429
2430
2378
2389.5
5484600
2389.5
2430
2465.5
2421.5
2452.5
7767900
2452.5
2445
2473.5
2436
2470.5
4974100
2470.5
2475
2480
2441
2453.5
4196900
2453.5
2489
2494.5
2472
2476.5
4385500
2476.5
2484
2486
2449
2465.5
2530100
2465.5
2449.5
2456.5
2428
2451
3870500
2451
2478.5
2483.5
2416.5
2419
3672600
2419
2440
2467.5
2421
2463
3762700
2463
2490.5
2514.5
2446.5
2464
5130000
2464
2477.5
2487.5
2438
2460.5
3903100
2460.5
2449
2462
2408.5
2422
4275000
2422
2386
2407
2378.5
2386.5
4860100
2386.5
2376.5
2381.5
2341
2349
6058400
2349
2360
2401
2348.5
2366.5
5447100
2366.5
2364
2378
2312.5
2328
5597900
2328
2296
2324.5
2275.5
2285.5
5897300
2285.5
2287.5
2332
2271.5
2322.5
4788900
2322.5
2335
2368
2315
2350.5
6330900
2350.5
2335
2377.5
2326
2356.5
6617700
2356.5
2218
2233.5
2128.5
2200
13615400
2200
2265
2303
2221
2224.5
9340600
2224.5
2245.5
2253.5
2190
2213.5
7201500
2213.5
2129
2155.5
2115.5
2133
8662500
2133
2159.5
2162
2093
2105.5
7749500
2105.5
2100
2121
2042
2073.5
6134800
2073.5
2138
2202
2114
2178
9838800
2178
2165
2213.5
2158.5
2188
5608900
2188
2195.5
2213
2185
2209.5
3545500
2209.5
2199
2200
2158.5
2194
2904900
2194
2186
2188.5
2134
2142
7254300
2142
2142.5
2164.5
2140
2150.5
4240200
2150.5
2132.5
2163
2129
2152
3172000
2152
2145.5
2164
2119
2124
4994700
2124
2140.5
2175
2139.5
2163
5067600
2163
2167
2174.5
2132
2132
4969300
2132
2106
2109.5
2054
2071
8196000
2071
2021.5
2027
1998
2022.5
8053200
2022.5
1999
2017.5
1990.5
2012
5109800
2012
2045
2066
2014
2014
4045200
2014
2011
2025
1988
2005
4817100
2005
2030
2032.5
1992.5
2004
3078100
2004
2010
2046.5
2003
2009
5779400
2009
2056
2070
2045
2050
3782300
2050
2039
2049
2010
2035
6152400
2035
2020.5
2049.5
2008
2044
4380200
2044
2046
2048
2002.5
2020.5
5063400
2020.5
2040
2040
2013.5
2016
4851000
2016
2008
2025
2002
2012
2829700
2012
2014
2040
2011
2032.5
3583400
2032.5
2025.5
2034.5
1995
2021.5
6192100
2021.5
1958.5
1960
1926
1956
9284000
1956
1917.5
1933
1885.5
1921.5
8963000
1921.5
1935.5
1989.5
1931.5
1980
7196000
1980
1911
1952
1894.5
1949.5
6264600
1949.5
1971.5
1975
1918.5
1945
5925400
1945
1957.5
1966
1931
1942.5
4579300
1942.5
1938.5
1964
1937
1937.5
2999200
1937.5
1907.5
1932
1885.5
1925
5439800
1925
1925
1938.5
1911
1928.5
4442300
1928.5
1947.5
1977
1922
1948
7547900
1948
1950
1963.5
1936
1947.5
3890100
1947.5
1942
1971.5
1940.5
1965.5
2787600
1965.5
1950
2005.5
1946
1992
3973300
1992
2011
2037.5
2010.5
2020.5
5269100
2020.5
2019
2021.5
1989.5
2001.5
3455400
2001.5
2016.5
2042
2016.5
2022.5
3375200
2022.5
2023
2030.5
1998.5
2018
2813800
2018
2022
2024.5
1998.5
2002
2933700
2002
1998.5
2014
1987
2007.5
3069500
2007.5
2028.5
2044.5
2015.5
2027.5
3057200
2027.5
2048.5
2100.5
2045.5
2067.5
7579500
2067.5
2102
2173.5
2099
2150.5
10302100
2150.5
2200.5
2203.5
2177
2186
7470700
2186
2185
2206.5
2163
2193
5196900
2193
2210
2228
2192.5
2199
4682700
2199
2199
2206
2164.5
2174
4450500
2174
2184.5
2200
2167
2171.5
2393000
2171.5
2176.5
2184.5
2157
2174.5
2078400
2174.5
2175
2178
2103.5
2120.5
6234400
2120.5
2120
2149.5
2113
2131.5
3295800
2131.5
2123
2129.5
2102
2120.5
3393200
2120.5
2148
2156
2130
2133
2915400
2133
2123
2139.5
2113
2138
3086100
2138
2140.5
2165
2118
2148
2283900
2148
2178
2204.5
2172.5
2197.5
5764700
2197.5
2195
2274
2195
2240
7749800
2240
2232
2294.5
2226.5
2279.5
7090600
2279.5
2299.5
2319
2284
2307
6082400
2307
2300
2306.5
2255
2263.5
5995400
2263.5
2262.5
2263
2214.5
2226
6309300
2226
2231
2238.5
2182
2188
6228300
2188
2150.5
2165.5
2108.5
2130
7817200
2130
2130
2144.5
2103
2111.5
4128500
2111.5
2095
2105.5
2076
2103
3359700
2103
2083
2092
2072.5
2085.5
2850400
2085.5
2023
2033
1996
2026.5
9451600
2026.5
2026.5
2041.5
2009
2030.5
6471300
2030.5
2021
2063.5
1999
2036
6739500
2036
2058.5
2110
2058.5
2093
6661700
2093
2093
2113.5
2077
2092.5
3393700
2092.5
2082
2100
2077
2082.5
3292600
2082.5
2108
2147.5
2105.5
2106
5660900
2106
2100
2149.5
2100
2124.5
6815500
2124.5
2100
2132
2093
2117
2962400
2117
2149
2155
2097.5
2101.5
4390900
2101.5
2095.5
2119
2089.5
2097.5
3025100
2097.5
2081.5
2103.5
2072
2083.5
3260900
2083.5
2086.5
2087.5
2058.5
2070
4867000
2070
2063
2065.5
2002.5
2025
4890900
2025
2008.5
2029.5
2004.5
2008.5
3539200
2008.5
2000
2002.5
1956.5
1987
7123200
1987
1979
1984
1960
1975
4769000
1975
1950
1958
1854
1946
9857000
1946
2006
2008.5
1958
1966
4567100
1966
1965.5
2011
1943
1997.5
5539400
1997.5
1990
2000
1961
1993.5
3828200
1993.5
1994
2010
1962
1975
4024700
1975
1978.5
1980
1949
1976
3564500
1976
1981.5
1989.5
1950.5
1954.5
3474700
1954.5
1975
1979.5
1934.5
1956
4000000
1956
1932.5
1949
1925.5
1930.5
2210000
1930.5
1935
1941
1910
1920.5
2798000
1920.5
1933.5
1958
1925
1937.5
3845100
1937.5
1937.5
1971.5
1929
1963.5
2819300
1963.5
1998.5
2015
1988
1991.5
5047700
1991.5
1963.5
1970
1942.5
1963
4119100
1963
1979
1986
1960
1970.5
2540600
1970.5
1989.5
2004
1982.5
1992
3461500
1992
2012.5
2029.5
2001
2015
4103300
2015
2025
2051
2023
2029.5
3706300
2029.5
2038
2071.5
2033
2065
4450900
2065
2040
2042
1987.5
2008
6448200
2008
2100
2139.5
2094
2103
9816200
2103
2200
2226
2151
2152
8887400
2152
2152
2181
2143
2152.5
4136300
2152.5
2150
2176
2137.5
2171.5
4227400
2171.5
2180
2202.5
2173.5
2194.5
3799700
2194.5
2195
2215
2173.5
2175
3335600
2175
2197
2245.5
2094.5
2102
9903500
2102
2112.5
2230
2105
2226.5
9348600
2226.5
2233.5
2262.5
2220
2221.5
6256200
2221.5
2211
2215
2152.5
2157.5
5509000
2157.5
2149
2152
2119.5
2130
4650400
2130
2153
2183.5
2141
2173.5
4328400
2173.5
2174
2196
2165
2174
3189600
2174
2165
2174
2143
2156.5
2619200
2156.5
2135.5
2144
2085.5
2085.5
5913800
2085.5
2054.5
2054.5
1992
2013
7368200
2013
2026
2032
1986.5
2003.5
4102300
2003.5
2022
2032
1986
2001.5
2825600
2001.5
1964
2001.5
1947.5
1999
3952800
1999
2023
2048.5
2020
2034
3660900
2034
2028
2066.5
2023.5
2058.5
3420900
2058.5
2037.5
2059.5
2031.5
2050.5
2536600
2050.5
2066.5
2090.5
2055
2069
3299500
2069
2053.5
2077.5
2046.5
2064
2447400
2064
2095.5
2104.5
2077
2081
2210300
2081
2089
2119.5
2082
2110
3665200
2110
2123
2141
2103
2105
2496900
2105
2103.5
2145
2103.5
2133
2550000
2133
2140
2145
2124
2130
3370400
2130
2116
2135.5
2105
2117
2621100
2117
2100
2111.5
2077
2098.5
3477100
2098.5
2100
2115.5
2084
2101
2360900
2101
2090.5
2094.5
2056
2064.5
4392700
2064.5
2060.5
2068
2028.5
2033
4322000
2033
2027
2045.5
2019.5
2039.5
3512500
2039.5
2024
2102.5
2021
2087.5
5613200
2087.5
2081.5
2092.5
2067
2079.5
3275300
2079.5
2082
2084.5
2054.5
2074
2936100
2074
2073.5
2121
2063.5
2098.5
3607300
2098.5
2130
2138
2110
2120
4456400
2120
2149
2214
2146.5
2208.5
7611100
2208.5
2250
2331
2249.5
2301.5
10936900
2301.5
2339.5
2379.5
2313
2340.5
7339100
2340.5
2375
2436.5
2366.5
2422.5
8879700
2422.5
2400
2432
2390.5
2419.5
5983600
2419.5
2411
2439
2404.5
2434.5
4325600
2434.5
2406.5
2407.5
2354
2354.5
6073600
2354.5
2380
2394.5
2359
2365.5
4211100
2365.5
2365.5
2419
2365.5
2411.5
4339700
2411.5
2426
2437.5
2408
2417.5
4089400
2417.5
2377.5
2401.5
2348
2348
4608400
2348
2450
2467.5
2402
2427
6642800
2427
2430
2461
2423
2447
4993800
2447
2425.5
2459
2391
2406
5893800
2406
2408
2445
2390.5
2435
3611200
2435
2335
2388
2330
2352.5
5621900
2352.5
2300
2302
2231
2288
7777200
2288
2269
2290
2260
2277
4620200
2277
2255
2278
2248
2278
4664800
2278
2298.5
2332.5
2278.5
2311.5
3788800
2311.5
2330
2339.5
2297.5
2317
2803600
2317
2276
2333
2270.5
2326.5
3669800
2326.5
2306
2359
2301.5
2343.5
4151700
2343.5
2321.5
2343
2278.5
2284
3909700
2284
2283
2286
2222.5
2242
5132900
2242
2137
2153
2101.5
2108
9234900
2108
2135.5
2139.5
2081
2122
6236500
2122
2112.5
2121.5
2079
2085
5281400
2085
2073
2108.5
2069
2091
5332900
2091
2127
2138
2095.5
2136
5013700
2136
2136
2196.5
2103.5
2173.5
5751700
2173.5
2173
2201.5
2138.5
2197
4914500
2197
2211.5
2226
2187.5
2187.5
4531100
2187.5
2204.5
2261
2202.5
2253
4454100
2253
2262.5
2280.5
2172
2182.5
5993700
2182.5
2229.5
2254.5
2215.5
2217
4631900
2217
2224
2259
2208
2220.5
3641400
2220.5
2200
2232.5
2192
2217.5
2977800
2217.5
2146.5
2151
2100.5
2146
5311200
2146
2144.5
2179.5
2138
2152
3957600
2152
2127
2141
2052
2066
6838100
2066
2060
2092
2060
2061.5
4421400
2061.5
2040
2059
2000.5
2032.5
6925500
2032.5
2024
2043.5
2000
2013
4689200
2013
1995
1998.5
1956
1976
5644300
1976
1990
1997.5
1933
1960
5092900
1960
1965
1970.5
1938
1958.5
4676900
1958.5
1991.5
2027
1970
2013
5297600
2013
2020
2027.5
1983
2007
3712600
2007
2023
2024
1966
1968.5
5092100
1968.5
1976.5
1993.5
1966
1978
5514300
1978
2003.5
2029
1989.5
2019.5
4384500
2019.5
2029
2041
1952.5
1962.5
6893100
1962.5
1899.5
1908.5
1870
1900.5
9225700
1900.5
1897
1910
1872
1891.5
7586200
1891.5
1908
1927
1863.5
1876
6947300
1876
1851
1879
1835
1868
5505500
1868
1851
1854
1810
1840.5
6536600
1840.5
1874.5
1889
1849
1871
6833900
1871
1877.5
1889
1859
1883
4599700
1883
1869.5
1888
1852
1863
8225600
1863
1881.5
1907
1880
1888
5394100
1888
1856
1866.5
1837.5
1849.5
5143200
1849.5
1842
1856
1820
1852.5
4676200
1852.5
1800
1831.5
1779
1787.5
6296200
1787.5
1770.5
1777
1718
1732.5
8649300
1732.5
1671.5
1678.5
1626.5
1650.5
5526200
1650.5
1646.5
1670.5
1611
1640.5
6108700
1640.5
1714.5
1748.5
1701.5
1723
7505400
1723
1706
1730.5
1695.5
1718
4840800
1718
