5211
5284
5202
5266
2536100
5266
5285
5322
5274
5321
2238500
5321
5421
5441
5364
5371
3049400
5371
5393
5480
5391
5429
2498500
5429
5390
5423
5350
5397
2806400
5397
5390
5422
5367
5383
2409000
5383
5420
5490
5413
5440
1976300
5440
5438
5457
5417
5444
1638600
5444
5431
5491
5420
5490
2290800
5490
5503
5517
5327
5336
3285300
5336
5340
5347
5292
5341
2347100
5341
5381
5389
5307
5326
2192900
5326
5346
5392
5270
5369
2099500
5369
5353
5433
5352
5398
2239100
5398
5398
5452
5344
5391
2540600
5391
5381
5385
5260
5265
2641000
5265
5277
5329
5263
5274
1697800
5274
5250
5284
5178
5208
2384100
5208
5164
5220
5127
5140
2830800
5140
5182
5295
5167
5259
1971800
5259
5226
5270
5187
5228
1923900
5228
5150
5201
5126
5167
1943300
5167
4967
4970
4840
4918
3823100
4918
5000
5139
4961
4966
3273300
4966
4988
5075
4966
5021
2663700
5021
4851
4929
4840
4878
2646700
4878
4945
4985
4844
4865
2915400
4865
4871
4929
4812
4832
2686300
4832
4950
5091
4916
5050
3365500
5050
5002
5081
4989
5034
2319000
5034
5099
5151
5082
5109
1899300
5109
5077
5093
5010
5038
1923700
5038
5051
5086
4960
4982
2382700
4982
4919
4956
4895
4936
2588900
4936
4906
4933
4890
4908
2222600
4908
4921
4972
4902
4942
1861000
4942
4990
5080
4986
5049
1960200
5049
5047
5065
4966
4966
2267500
4966
4896
4911
4860
4874
2216800
4874
4790
4840
4765
4823
2112100
4823
4823
4872
4820
4861
1381500
4861
4961
4979
4890
4893
2118700
4893
4891
4961
4880
4889
2351700
4889
4946
4948
4869
4884
1626100
4884
4947
5004
4910
4937
2946700
4937
5007
5008
4955
4978
2006800
4978
4955
5001
4937
5001
1430100
5001
4932
4976
4926
4944
2126800
4944
4929
4967
4903
4948
1856500
4948
4980
5013
4942
4965
2621400
4965
4943
4969
4893
4901
2028400
4901
4873
4973
4863
4960
2207800
4960
4886
5035
4881
5024
3270000
5024
4891
4894
4780
4793
3779600
4793
4749
4801
4721
4780
2405200
4780
4789
4855
4768
4854
2937100
4854
4735
4856
4725
4856
2289400
4856
4857
4868
4734
4773
2996300
4773
4771
4771
4702
4735
3005200
4735
4734
4799
4731
4762
1557200
4762
4714
4793
4689
4773
1872600
4773
4712
4768
4692
4746
2219000
4746
4816
4878
4806
4837
2853000
4837
4836
4861
4801
4815
1922800
4815
4801
4896
4789
4877
1634000
4877
4840
4975
4830
4933
1660400
4933
4980
4996
4925
4948
1406300
4948
4924
4946
4907
4934
827100
4934
4970
5010
4948
4962
1184100
4962
4968
4977
4914
4927
1305100
4927
4920
4944
4892
4901
1289000
4901
4888
4901
4863
4885
1717000
4885
4915
4996
4905
4911
2008000
4911
4929
5011
4922
4968
1567800
4968
4985
5034
4972
5019
1519100
5019
5070
5092
5026
5079
1332600
5079
5077
5124
5077
5110
1157600
5110
5126
5159
5115
5124
1217700
5124
5192
5219
5148
5172
1483000
5172
5225
5258
5180
5195
1276400
5195
5204
5214
5174
5193
881700
5193
5209
5235
5167
5215
1227300
5215
5216
5268
5195
5245
1425600
5245
5240
5248
5198
5242
1363800
5242
5230
5259
5206
5249
1177300
5249
5247
5320
5235
5307
1444700
5307
5269
5320
5259
5305
1045400
5305
5320
5340
5290
5297
1215200
5297
5295
5348
5284
5320
1470500
5320
5315
5345
5300
5330
1695600
5330
5345
5497
5340
5490
4050900
5490
5497
5507
5403
5437
2859000
5437
5379
5397
5327
5337
2263600
5337
5321
5395
5312
5360
2017300
5360
5320
5338
5251
5296
1991700
5296
5267
5327
5257
5318
1724500
5318
5290
5298
5246
5295
956600
5295
5266
5280
5223
5274
1411600
5274
5126
5181
5103
5174
2185100
5174
5200
5268
5193
5240
3095200
5240
5340
5340
5278
5298
2169700
5298
5345
5422
5330
5402
1568700
5402
5402
5438
5396
5427
1349200
5427
5450
5467
5420
5455
1523900
5455
5500
5505
5447
5469
1761900
5469
5427
5502
5414
5452
2199300
5452
5456
5516
5428
5473
1164700
5473
5520
5536
5441
5463
1586800
5463
5452
5548
5450
5513
1908600
5513
5497
5535
5480
5492
1545600
5492
5550
5579
5533
5574
3514300
5574
5528
5530
5450
5495
1879000
5495
5453
5515
5442
5448
1654000
5448
5431
5474
5379
5461
2074900
5461
5466
5472
5405
5415
1970800
5415
5372
5399
5329
5332
2249700
5332
5311
5351
5298
5313
1324100
5313
5277
5348
5254
5335
2131300
5335
5342
5371
5314
5357
1704100
5357
5357
5407
5243
5252
2361400
5252
5248
5248
5173
5193
2899200
5193
5265
5335
5226
5237
2693500
5237
5330
5353
5286
5328
2854500
5328
5320
5343
5291
5311
1459800
5311
5330
5380
5316
5327
2366300
5327
5308
5313
5225
5245
2156500
5245
5238
5293
5212
5270
1908300
5270
5325
5383
5301
5313
2068600
5313
5233
5259
5204
5223
1692400
5223
5307
5321
5280
5283
1984800
5283
5283
5314
5243
5266
1971000
5266
5297
5355
5267
5316
1806300
5316
5330
5337
5227
5230
1982500
5230
5241
5253
5204
5204
2243200
5204
5206
5222
5132
5162
2420900
5162
5162
5240
5162
5186
1813200
5186
5228
5270
5202
5242
3224000
5242
5231
5314
5226
5273
1930800
5273
5296
5348
5271
5315
2054800
5315
5415
5444
5370
5413
1960100
5413
5400
5412
5351
5352
1140400
5352
5368
5383
5297
5301
2868600
5301
5335
5349
5281
5344
2924000
5344
5370
5380
5284
5291
2518700
5291
5271
5294
5251
5260
1769000
5260
5253
5260
5203
5212
1360700
5212
5211
5294
5206
5294
1505000
5294
5320
5360
5283
5296
2060200
5296
5300
5305
5238
5299
1418600
5299
5280
5295
5183
5192
2227900
5192
5175
5220
5103
5137
1891900
5137
5171
5250
5159
5250
1784500
5250
5280
5290
5186
5223
1851100
5223
5174
5258
5102
5257
2491500
5257
5280
5382
5271
5371
2372900
5371
5318
5356
5270
5341
1982500
5341
5288
5299
5252
5259
1981900
5259
5283
5359
5273
5346
1747700
5346
5346
5373
5319
5329
1343400
5329
5358
5373
5308
5318
1487300
5318
5347
5396
5337
5382
1427100
5382
5383
5409
5356
5364
1880500
5364
5343
5386
5334
5364
1576700
5364
5371
5406
5355
5356
2468300
5356
5352
5352
5236
5237
2799200
5237
5238
5296
5221
5236
2071600
5236
5236
5252
5218
5224
1615700
5224
5228
5250
5194
5200
2258600
5200
5173
5190
5085
5095
2753800
5095
5095
5112
5047
5099
2701100
5099
5085
5188
5066
5171
2225500
5171
5146
5159
5113
5123
2019100
5123
5129
5129
5074
5097
1642100
5097
5083
5150
5075
5077
2168600
5077
5122
5195
5108
5193
3393900
5193
5209
5344
5195
5328
3306500
5328
5442
5512
5436
5447
3389400
5447
5500
5532
5459
5474
3495800
5474
5539
5640
5514
5579
3950000
5579
5639
5695
5599
5653
2514300
5653
5546
5650
5531
5643
2470800
5643
5645
5724
5640
5663
2669500
5663
5736
5737
5624
5637
2388100
5637
5606
5647
5584
5617
1564800
5617
5666
5703
5611
5632
2343300
5632
5595
5595
5522
5530
2362400
5530
5690
5704
5561
5579
2011300
5579
5581
5643
5572
5618
2690200
5618
5577
5596
5523
5555
2677300
5555
5572
5625
5540
5623
2672200
5623
5473
5509
5431
5486
2836900
5486
5386
5420
5332
5375
3266900
5375
5336
5348
5287
5302
1987400
5302
5298
5394
5280
5390
2426200
5390
5458
5490
5414
5445
1939200
5445
5480
5492
5431
5437
1288600
5437
5388
5556
5388
5556
2411500
5556
5480
5571
5452
5543
1739300
5543
5489
5515
5329
5333
2388400
5333
5341
5368
5215
5250
2093100
5250
5112
5178
5100
5118
2036000
5118
5156
5211
5093
5153
2511600
5153
5239
5256
5109
5130
1600900
5130
5101
5220
5088
5205
3668600
5205
5300
5355
5227
5346
2218700
5346
5427
5450
5372
5433
2074000
5433
5458
5538
5406
5510
2501400
5510
5485
5490
5421
5422
1631900
5422
5473
5556
5455
5535
1299500
5535
5539
5571
5408
5425
1883500
5425
5510
5570
5510
5529
1248600
5529
5533
5587
5502
5502
1351700
5502
5463
5561
5450
5542
919700
5542
5400
5436
5325
5378
2279100
5378
5428
5465
5381
5386
2000800
5386
5340
5393
5273
5314
1892500
5314
5364
5449
5361
5401
1644200
5401
5303
5587
5265
5530
2959100
5530
5621
5687
5452
5534
3104900
5534
5606
5628
5444
5479
1969900
5479
5479
5546
5449
5536
1044200
5536
5481
5520
5434
5493
1325200
5493
5551
5663
5531
5653
1791800
5653
5651
5697
5592
5600
1987400
5600
5614
5657
5551
5551
1577400
5551
5571
5648
5562
5605
3012700
5605
5671
5693
5600
5651
1817400
5651
5624
5628
5531
5543
2160600
5543
5440
5470
5369
5464
2455500
5464
5435
5477
5372
5403
1955000
5403
5402
5519
5380
5518
2724700
5518
5451
5505
5424
5475
2095100
5475
5444
5444
5360
5396
1949700
5396
5381
5428
5332
5396
2706000
5396
5440
5454
5382
5401
2489200
5401
5429
5469
5338
5343
3415500
5343
5379
5422
5379
5383
1487700
5383
5320
5355
5275
5321
2664900
5321
5320
5348
5251
5331
1951900
5331
5309
5396
5303
5353
3047400
5353
5421
5426
5135
5198
4178000
5198
5098
5114
4977
5030
1955000
5030
5008
5049
4929
5006
2270900
5006
5240
5278
5155
5236
2320300
5236
5230
5281
5183
5236
1477600
5236
