1989.5
2028
1979.5
2028
6079800
2028
2049
2067
2038.5
2064
7545100
2064
2085
2105.5
2080
2092
7467900
2092
2069
2122.5
2069
2120
5952000
2120
2106
2113
2088
2102.5
4014000
2102.5
2098
2101.5
2067
2085
4598800
2085
2098
2123
2094.5
2114.5
3057300
2114.5
2105.5
2121.5
2098.5
2108.5
3294200
2108.5
2121.5
2137.5
2105.5
2109.5
4156200
2109.5
2133
2134
2065.5
2076
5190300
2076
2087
2094.5
2069
2094.5
3054000
2094.5
2095
2105
2083.5
2105
2899400
2105
2135
2180.5
2131.5
2178.5
7982000
2178.5
2172
2216.5
2172
2205
6138000
2205
2200
2218
2189.5
2210.5
5481700
2210.5
2193.5
2208.5
2161
2163
5042400
2163
2171
2177
2136.5
2149
3429300
2149
2150
2154
2110.5
2118.5
4987900
2118.5
2104.5
2109.5
2080.5
2088.5
6276900
2088.5
2100
2104
2074
2086
4268400
2086
2074
2091.5
2054.5
2088
3982300
2088
2046.5
2048
2008.5
2023
4617600
2023
1958.5
1963.5
1898.5
1932
8532500
1932
1950
1994
1928.5
1930
6615700
1930
1966
1969
1876
1900.5
6867400
1900.5
1850
1868.5
1830
1849
7649900
1849
1889
1893.5
1825
1832.5
6115100
1832.5
1838.5
1859
1822.5
1835
4240800
1835
1853
1867.5
1842.5
1855
3560300
1855
1855
1872
1843
1856.5
3931300
1856.5
1875
1915.5
1868.5
1914.5
4235500
1914.5
1906
1909.5
1888
1903
3031500
1903
1908.5
1917.5
1890.5
1896.5
3689700
1896.5
1878
1879
1851.5
1855
3638300
1855
1864.5
1899
1864
1896
3093300
1896
1909.5
1925.5
1898.5
1913
2958600
1913
1920
1924.5
1906.5
1912
2467800
1912
1912
1916.5
1872
1875.5
4980100
1875.5
1870
1873.5
1842.5
1851
5015800
1851
1818
1828
1797
1817.5
5104300
1817.5
1796
1796
1763
1770
4732100
1770
1783
1805
1761
1768.5
6086300
1768.5
1757
1813
1756
1793.5
4892800
1793.5
1815
1816
1798
1805
2640000
1805
1831.5
1850
1797.5
1802
4478400
1802
1824
1834.5
1809
1830.5
2687000
1830.5
1820
1830.5
1811.5
1827.5
2785700
1827.5
1817.5
1825
1804
1813.5
3151800
1813.5
1808.5
1826.5
1800.5
1823.5
2682200
1823.5
1821.5
1821.5
1786
1791
7316000
1791
1789
1804.5
1773
1781.5
2860500
1781.5
1764.5
1782.5
1757
1780.5
3469600
1780.5
1771.5
1790
1767
1788.5
2778000
1788.5
1750
1750
1707.5
1716
6318900
1716
1687
1720.5
1682
1720
5014000
1720
1729
1786
1722.5
1783.5
6513000
1783.5
1745.5
1755
1723.5
1744.5
4875800
1744.5
1749
1769
1734
1750
6336200
1750
1784.5
1820
1781.5
1798.5
5731700
1798.5
1795
1795
1768
1769.5
2466700
1769.5
1763
1765
1743.5
1756
3320000
1756
1764.5
1806.5
1760
1792.5
3853000
1792.5
1810.5
1849
1802
1833
6350000
1833
1820
1835
1796
1797.5
4293400
1797.5
1805
1826
1798
1817.5
3650300
1817.5
1810
1823
1799.5
1813.5
3006700
1813.5
1817
1837
1814
1823.5
3301000
1823.5
1819
1830
1811.5
1826.5
3524700
1826.5
1826.5
1874
1820.5
1865.5
5799400
1865.5
1867
1869
1844
1856.5
3439100
1856.5
1847
1859
1804
1804
5808800
1804
1815.5
1866.5
1815
1861
4680700
1861
1874.5
1893
1871.5
1878
5280200
1878
1886.5
1898.5
1877
1892
3960000
1892
1918.5
1919
1883.5
1892.5
2624200
1892.5
1923.5
1942
1900
1914
5016300
1914
1897
1922.5
1888.5
1918.5
3149700
1918.5
1940
1943
1914.5
1930
3106800
1930
1944
2004.5
1943
2002.5
7439500
2002.5
2000
2031
1993
2024
5496800
2024
1980.5
1999
1979
1991.5
5349000
1991.5
1999
2006.5
1985
2005
3268500
2005
2019.5
2032
1989.5
1998.5
3261800
1998.5
1999
2010
1981.5
1997.5
3397800
1997.5
2000
2018.5
1989.5
2005.5
2618200
2005.5
2025
2039.5
2005
2028.5
4081000
2028.5
2108
2155.5
2080
2126
13514600
2126
2036
2063
1998
2015.5
12178800
2015.5
2029
2088
2015.5
2044.5
9106500
2044.5
2042
2074
2041
2058
6715300
2058
2062
2064
2022
2037
5343100
2037
2025
2036
2005
2030
4312800
2030
2026
2033
2000.5
2003.5
5008400
2003.5
1981.5
2002
1974.5
1984.5
5680800
1984.5
1980
2006
1978.5
1999.5
3962600
1999.5
1979.5
1979.5
1922.5
1939
8275100
1939
1951
1988
1950.5
1982.5
3838200
1982.5
1959
1975
1956
1972
3507800
1972
1944.5
1964
1937
1949.5
3202400
1949.5
1966
1984
1962.5
1976
9414600
1976
1959
1984.5
1950
1962
3692700
1962
1989
1991.5
1971.5
1974.5
2927400
1974.5
1979
1979.5
1950
1963
3127400
1963
1981
2002
1968.5
1990
3776700
1990
1983.5
1996
1969
1986.5
3848600
1986.5
1979
1991.5
1968
1972.5
4791400
1972.5
1968
1978.5
1948
1972.5
2795900
1972.5
1983
1997
1973
1975.5
3330400
1975.5
1975.5
2025
1975
2016
3360900
2016
1991.5
2004
1976
1983
3355300
1983
1989
2054
1968
2043
11930400
2043
2019.5
2022.5
1991
2005.5
3523100
2005.5
1982
2000.5
1954.5
1955
3906600
1955
1964.5
1974.5
1939
1971
5220400
1971
1976
2009
1974
2001
4233400
2001
1985
1997
1968
1980.5
2565200
1980.5
1984.5
1991.5
1954
1957
2153500
1957
1943
1982
1939.5
1978
2623500
1978
1973.5
1978.5
1935
1943.5
3691800
1943.5
1940.5
1943.5
1921
1932
3309800
1932
1933.5
1950
1916
1937
3479300
1937
1924.5
1945.5
1898.5
1903.5
2638600
1903.5
1914
1919
1880.5
1900
3458100
1900
1897
1924
1895
1915
2904900
1915
1915
1924.5
1899.5
1912.5
2802700
1912.5
1922
1926
1902.5
1909.5
2515000
1909.5
1916
1943.5
1910
1928.5
2119400
1928.5
1945
1945
1911
1911
3127200
1911
1901
1913.5
1884
1894
2641300
1894
1896
1898
1884.5
1886
3434700
1886
1903
1920.5
1892.5
1913
3556400
1913
1908.5
1935
1900.5
1928.5
2798200
1928.5
1943.5
1952.5
1931.5
1944
2591200
1944
1935
1940
1912.5
1921.5
3199300
1921.5
1928.5
1931
1897.5
1901.5
4166200
1901.5
1894.5
1908.5
1892
1896.5
3563500
1896.5
1912
1925
1900
1914
3422500
1914
1924
1931.5
1902.5
1903.5
1890900
1903.5
1911.5
1935.5
1909
1930.5
3181700
1930.5
1944.5
1956
1938.5
1948
2566700
1948
1942.5
1949.5
1932
1935.5
2227500
1935.5
1946
1950.5
1924
1940
4495700
1940
1941.5
1949
1886.5
1887.5
5346900
1887.5
1882
1894
1850
1852.5
4661800
1852.5
1840
1854
1833.5
1846
5608300
1846
1846
1868.5
1818
1824.5
3839300
1824.5
1822
1855
1813.5
1854.5
3375600
1854.5
1851.5
1859
1838
1842
3122200
1842
1832.5
1835.5
1823.5
1824
2166500
1824
1820
1822
1787.5
1788.5
4190700
1788.5
1778.5
1791
1764.5
1770
3621000
1770
1774.5
1797.5
1769.5
1794.5
3042600
1794.5
1809
1812.5
1778.5
1784.5
2108800
1784.5
1769
1785.5
1760
1778
3268000
1778
1780
1793
1773
1789
2776000
1789
1785.5
1811
1783
1805.5
2908700
1805.5
1786
1807
1785.5
1798
2627200
1798
1806.5
1814.5
1793.5
1797.5
2699000
1797.5
1796
1808.5
1792.5
1794.5
2111300
1794.5
1803.5
1805
1797
1804.5
1645300
1804.5
1812
1828.5
1806.5
1826.5
2286000
1826.5
1840
1848.5
1831
1840
2796700
1840
1850
1854
1833
1840
2230000
1840
1843
1847.5
1825.5
1829
3438700
1829
1826.5
1849
1825.5
1844.5
3423800
1844.5
1833.5
1841.5
1803.5
1812.5
2959000
1812.5
1812.5
1839.5
1807.5
1825
3111600
1825
1799.5
1810.5
1788
1802.5
4499400
1802.5
1796.5
1801
1780
1785
3005200
1785
1776.5
1786.5
1764
1780
3018800
1780
1766
1792.5
1765
1777.5
2703400
1777.5
1782.5
1798
1781
1786.5
3044600
1786.5
1790
1792.5
1770
1780
2609700
1780
1776
1808
1772
1790.5
3087600
1790.5
1795.5
1822.5
1794.5
1809
4945500
1809
1807.5
1900
1804.5
1883
5965900
1883
1919.5
1942
1914
1930
5457900
1930
1944
1948.5
1916
1937
4267800
1937
1962
1973.5
1935.5
1937.5
6519800
1937.5
1965
1971.5
1918.5
1936.5
5370300
1936.5
1946
1980.5
1943
1979
6519900
1979
1959.5
1979.5
1943
1943.5
3706600
1943.5
1958.5
1963
1921.5
1932
5071000
1932
1944
1944
1902
1915
3107700
1915
1921.5
1926
1895
1899
4221000
1899
1896.5
1912
1886.5
1887.5
3534100
1887.5
1887.5
1891.5
1852
1857.5
4325800
1857.5
1841.5
1862
1837
1841.5
4187100
1841.5
1851.5
1878
1840
1867
6203200
1867
1861
1879.5
1853
1867.5
4226500
1867.5
1827.5
1856.5
1816.5
1828.5
6154100
1828.5
1809.5
1822
1785
1805.5
7185200
1805.5
1779
1791
1754.5
1777
4623600
1777
1810
1825.5
1796.5
1816.5
6772400
1816.5
1832.5
1864.5
1817.5
1848.5
5240000
1848.5
1858.5
1884
1856
1867
5495700
1867
1840
1850
1800.5
1813
5249200
1813
1810
1836.5
1805
1828.5
3855500
1828.5
1816
1826
1803
1808
5526200
1808
1820
1830
1805.5
1816
4251100
1816
1786
1811
1775.5
1788
4609100
1788
1800
1811.5
1781.5
1801
5605100
1801
1829.5
1842.5
1805
1809
6175500
1809
1786.5
1833
1782
1829.5
11354800
1829.5
1822
1825
1795
1805.5
6800400
1805.5
1815
1837.5
1810
1833
4287400
1833
1844.5
1845
1798.5
1812.5
3852400
1812.5
1793
1813.5
1783
1804.5
5454000
1804.5
1808.5
1827.5
1804.5
1819
3688700
1819
1824.5
1866
1805
1846
7833600
1846
1846
1868
1829
1860.5
5110100
1860.5
1872.5
1902.5
1854
1859.5
5641300
1859.5
1854
1878.5
1854
1859
3201400
1859
1833
1839
1801
1810.5
4182200
1810.5
1803.5
1805.5
1772
1775
5117800
1775
1771.5
1794
1768
1791.5
4227400
1791.5
1791.5
1799.5
1779
1789
2959900
1789
1782.5
1782.5
1749.5
1764.5
3840900
1764.5
1750
1767
1741.5
1751.5
2871800
1751.5
1742.5
1752.5
1730.5
1742
3849600
1742
1755.5
1777.5
1754.5
1773.5
3561800
1773.5
1774
1789
1765
1787.5
2637400
1787.5
1795
1812
1790.5
1804.5
2808100
1804.5
1808.5
1827
1803.5
1810.5
3160200
1810.5
1820.5
1829
1813.5
1817
3338100
1817
1813.5
1835
1813
1821
5201200
1821
1845
1884.5
1832
1864.5
5355300
1864.5
1859.5
1872
1823
1827.5
3793800
1827.5
1816.5
1855.5
1812
1852
3722900
1852
1852
1863.5
1829
1842
4537800
1842
1849.5
1853
1832
1852
3875200
1852
1826
1836.5
1803.5
1803.5
3659400
1803.5
1809
1818.5
1774.5
1780
4698700
1780
1799
1824
1796
1807
4419600
1807
1818.5
1834.5
1811.5
1819
3507500
1819
1807.5
1853.5
1807
1846.5
7366500
1846.5
1869
1876.5
1852.5
1870
4400300
1870
1852
1867.5
1833.5
1857.5
4990500
1857.5
1866
1875
1823.5
1867
5037500
1867
1858
1877.5
1810
1818
5546100
1818
1792
1799
1733.5
1740
7907200
1740
1710
1712
1657
1677
4515000
1677
1680
1716.5
1659.5
1684
3845900
1684
1728.5
1773.5
1720.5
1747.5
4960200
1747.5
1732
1745
1723
1729.5
3728400
1729.5
