3755
3833
3728
3820
2333000
3820
3860
3884
3831
3871
2113000
3871
3930
4060
3930
4035
3369000
4035
4025
4146
4025
4143
2297000
4143
4148
4206
4143
4201
3009000
4201
4194
4203
4140
4162
2190000
4162
4176
4235
4162
4213
1538000
4213
4270
4298
4235
4245
2012000
4245
4215
4245
4191
4193
1668000
4193
4226
4235
4129
4151
2292000
4151
4163
4209
4163
4184
1367000
4184
4200
4209
4169
4195
966000
4195
4221
4326
4221
4288
2106000
4288
4288
4364
4285
4360
2280000
4360
4357
4402
4315
4348
1995000
4348
4344
4349
4317
4326
1358000
4326
4322
4349
4280
4284
1212000
4284
4266
4284
4214
4253
1667000
4253
4216
4231
4163
4186
2365000
4186
4218
4220
4173
4216
1409000
4216
4208
4221
4145
4204
1626000
4204
4120
4127
4049
4085
1600000
4085
3917
3939
3821
3899
3491000
3899
4000
4075
3863
3869
2640000
3869
3897
3917
3852
3885
1963000
3885
3731
3819
3729
3813
2879000
3813
3875
3890
3782
3788
2121000
3788
3858
3878
3770
3795
2288000
3795
3830
3891
3821
3857
1750000
3857
3871
3925
3860
3890
1373000
3890
3931
4009
3931
3989
1526000
3989
4022
4026
3918
3940
1542000
3940
3958
3987
3907
3932
1686000
3932
3916
3916
3850
3875
1338000
3875
3900
3954
3893
3933
1309000
3933
3957
3992
3946
3963
977000
3963
3996
4024
3980
3990
1529000
3990
3967
3980
3862
3901
2883000
3901
3848
3881
3827
3861
1410000
3861
3797
3810
3738
3774
2455000
3774
3723
3738
3693
3711
1292000
3711
3754
3792
3735
3752
1593000
3752
3714
3783
3704
3758
1525000
3758
3797
3801
3755
3795
1748000
3795
3836
3917
3795
3805
2630000
3805
3850
3906
3820
3900
1862000
3900
3884
3904
3865
3901
878000
3901
3851
3903
3848
3891
1403000
3891
3878
3939
3851
3931
1065000
3931
3970
3970
3919
3936
1546000
3936
3930
3939
3870
3889
1302000
3889
3856
3861
3764
3850
2145000
3850
3828
3874
3797
3873
1812000
3873
3778
3792
3732
3790
2878000
3790
3727
3791
3685
3791
1702000
3791
3808
3944
3808
3916
2448000
3916
3858
3877
3803
3854
1973000
3854
3911
3949
3898
3924
1758000
3924
3970
3995
3898
3935
1531000
3935
3933
3943
3869
3869
1020000
3869
3850
3851
3791
3841
1564000
3841
3840
3892
3815
3869
1631000
3869
3883
4023
3882
3993
2483000
3993
3960
4007
3907
3918
1842000
3918
3935
4039
3927
4008
1613000
4008
4015
4050
3998
4011
1117000
4011
3990
4017
3983
4000
933000
4000
3990
4000
3947
3959
929000
3959
3955
4019
3945
3994
1375000
3994
3996
4011
3972
3979
770000
3979
3977
4005
3940
3945
726000
3945
3958
4049
3958
4034
1474000
4034
4053
4069
4005
4015
1031000
4015
4028
4085
4024
4050
898000
4050
4064
4065
4022
4036
651000
4036
4150
4235
4118
4132
2852000
4132
4099
4149
4082
4145
1007000
4145
4183
4210
4158
4202
1588000
4202
4272
4362
4272
4349
3059000
4349
4308
4441
4308
4410
1858000
4410
4384
4401
4359
4384
1093000
4384
4380
4416
4341
4413
1412000
4413
4435
4444
4364
4387
1484000
4387
4386
4395
4331
4361
1322000
4361
4403
4423
4361
4402
1052000
4402
4469
4469
4373
4443
2010000
4443
4462
4480
4420
4422
1713000
4422
4414
4425
4351
4354
1540000
4354
4345
4380
4299
4315
1128000
4315
4315
4315
4218
4260
1935000
4260
4305
4305
4231
4238
1309000
4238
4225
4250
4204
4238
1181000
4238
4280
4310
4233
4284
1337000
4284
4232
4255
4202
4218
1305000
4218
4157
4198
4141
4183
1421000
4183
4195
4195
4126
4142
1393000
4142
4165
4209
4152
4183
795000
4183
4172
4174
4109
4170
1076000
4170
4060
4146
4058
4106
1537000
4106
4104
4123
4080
4113
1757000
4113
4121
4167
4093
4113
1218000
4113
4153
4164
4129
4135
734000
4135
4119
4131
4065
4103
907000
4103
4103
4169
4095
4161
1121000
4161
4200
4204
4168
4198
1038000
4198
4198
4208
4139
4146
1528000
4146
4161
4208
4131
4187
631000
4187
4222
4230
4186
4188
752000
4188
4188
4280
4187
4266
1124000
4266
4305
4305
4246
4252
1061000
4252
4300
4308
4229
4280
1386000
4280
4261
4295
4236
4285
665000
4285
4250
4257
4176
4199
1087000
4199
4199
4233
4164
4224
1191000
4224
4190
4255
4188
4235
849000
4235
4196
4226
4170
4192
1201000
4192
4209
4209
4146
4154
832000
4154
4111
4205
4095
4200
864000
4200
4219
4223
4142
4192
810000
4192
4152
4176
4120
4166
1162000
4166
4154
4156
4077
4089
1855000
4089
4081
4124
4031
4042
1114000
4042
4019
4047
3983
4027
1530000
4027
3994
4079
3992
4062
959000
4062
4099
4105
4042
4066
1215000
4066
4081
4110
4055
4062
1003000
4062
4069
4115
4069
4095
897000
4095
4115
4148
4069
4071
1287000
4071
4020
4054
3992
4034
1021000
4034
4060
4109
4052
4071
1316000
4071
4100
4113
4072
4090
1127000
4090
4089
4118
4085
4100
1141000
4100
4170
4174
4147
4148
1537000
4148
4143
4157
4129
4134
1636000
4134
4148
4168
4074
4091
1345000
4091
4062
4064
4019
4050
1353000
4050
4095
4130
4084
4112
1046000
4112
4112
4149
4096
4105
611000
4105
4130
4143
4108
4138
1092000
4138
4150
4158
4125
4149
771000
4149
4120
4138
4115
4131
765000
4131
4095
4108
4054
4088
1494000
4088
4075
4097
4010
4016
1550000
4016
4013
4038
3968
3978
1343000
3978
3952
3969
3879
3923
1801000
3923
3922
3958
3907
3920
903000
3920
3912
3970
3890
3956
866000
3956
3944
3995
3925
3925
871000
3925
3900
3910
3879
3897
843000
3897
3877
3899
3716
3738
3473000
3738
3698
3753
3671
3699
1908000
3699
3712
3805
3712
3802
1836000
3802
3822
3826
3731
3747
1323000
3747
3698
3740
3658
3730
2155000
3730
3720
3759
3691
3700
1850000
3700
3699
3748
3684
3737
1469000
3737
3737
3760
3725
3730
1618000
3730
3718
3727
3683
3690
1591000
3690
3717
3752
3708
3741
1349000
3741
3771
3771
3750
3765
867000
3765
3769
3811
3769
3805
919000
3805
3828
3844
3813
3825
1380000
3825
3810
3837
3791
3829
1382000
3829
3859
3859
3810
3820
1493000
3820
3811
3861
3800
3850
1292000
3850
3807
3851
3769
3841
2174000
3841
3799
3873
3787
3850
1649000
3850
3788
3812
3760
3788
1888000
3788
3778
3778
3730
3748
1433000
3748
3731
3753
3694
3746
1098000
3746
3715
3768
3710
3749
1077000
3749
3776
3792
3746
3750
1156000
3750
3763
3770
3736
3746
984000
3746
3750
3825
3750
3794
1195000
3794
3848
3850
3808
3835
2018000
3835
3823
3978
3801
3948
1954000
3948
4018
4018
3966
3991
1544000
3991
3985
4016
3972
4011
1378000
4011
4062
4105
4046
4087
2556000
4087
4125
4153
4075
4108
1816000
4108
4115
4127
4083
4121
2093000
4121
4080
4141
4067
4083
2125000
4083
4105
4132
4072
4080
1922000
4080
4081
4099
4032
4086
1209200
4086
4071
4080
4009
4035
2289000
4035
4024
4033
3959
3974
1817600
3974
3970
3986
3929
3949
2183800
3949
3903
3976
3901
3935
1775200
3935
3972
4023
3946
3989
2226100
3989
3994
4029
3967
4015
1762300
4015
3906
3956
3879
3913
2272000
3913
3884
3923
3841
3901
2410800
3901
3871
3913
3856
3888
1738300
3888
3938
3997
3915
3967
1958000
3967
3998
4081
3983
4052
2071800
4052
4069
4104
4045
4064
1480100
4064
4024
4042
3989
4022
1806200
4022
4003
4045
3992
4017
1307300
4017
3949
3964
3893
3905
2764200
3905
3953
3976
3930
3954
1572100
3954
3884
3958
3864
3911
1926100
3911
3921
3963
3904
3942
2047000
3942
3985
4052
3969
3993
1799400
3993
3960
3970
3836
3927
4993300
3927
3931
3943
3863
3883
3108600
3883
3916
3991
3916
3961
1832800
3961
3945
3984
3918
3951
1925000
3951
3935
3976
3912
3955
1294700
3955
3968
4052
3951
4045
1759600
4045
4074
4108
4014
4028
1689700
4028
4098
4134
4092
4110
1401900
4110
4135
4170
4118
4134
1293300
4134
4122
4160
4109
4154
975500
4154
4117
4119
4037
4111
1319500
4111
4121
4130
4024
4074
1414300
4074
4071
4130
4042
4112
1282100
4112
4100
4156
4100
4137
1363000
4137
4131
4151
4085
4131
1154600
4131
4119
4157
4107
4148
1099200
4148
4094
4130
4089
4119
974500
4119
4131
4163
4106
4139
1231800
4139
4167
4197
4129
4170
988300
4170
4179
4192
4157
4170
1186500
4170
4200
4218
4170
4189
1229500
4189
4207
4273
4202
4243
1602300
4243
4255
4284
4200
4208
1826800
4208
4254
4286
4226
4251
1274900
4251
4246
4261
4157
4174
1685800
4174
4148
4226
4146
4211
1391900
4211
4195
4225
4163
4190
1430700
4190
4200
4254
4186
4248
1301000
4248
4199
4247
4174
4189
1314700
4189
4206
4240
4177
4209
1323300
4209
4250
4309
4246
4290
1924800
4290
4290
4321
4271
4287
1324400
4287
4251
4311
4251
4256
2409900
4256
4290
4345
4279
4335
2038300
4335
4316
4330
4231
4235
2125100
4235
4253
4273
4131
4176
2487300
4176
4170
4221
4116
4138
1793700
4138
4134
4151
4012
4018
2704700
4018
3964
3964
3857
3930
2465100
3930
3945
3999
3890
3954
1702900
3954
4084
4111
4013
4066
2018400
4066
4082
4108
4026
4026
1676000
4026
