3670
3760
3670
3760
579500
3760
3795
3815
3760
3810
479900
3810
3815
3825
3760
3790
548300
3790
3785
3810
3770
3805
389700
3805
3795
3835
3765
3835
414300
3835
3830
3835
3785
3800
448100
3800
3805
3830
3805
3815
257800
3815
3805
3825
3795
3805
279600
3805
3760
3805
3750
3805
489600
3805
3825
3835
3765
3770
696200
3770
3790
3825
3775
3820
417300
3820
3810
3820
3790
3815
371900
3815
3820
3855
3815
3845
350500
3845
3840
3870
3825
3830
334300
3830
3800
3810
3765
3800
403800
3800
3810
3835
3775
3775
444200
3775
3800
3820
3765
3770
431000
3770
3760
3775
3725
3740
528100
3740
3740
3765
3665
3665
911800
3665
3665
3720
3665
3715
411000
3715
3695
3745
3685
3695
613100
3695
3555
3610
3525
3525
1358500
3525
3425
3480
3420
3465
1737300
3465
3535
3575
3460
3460
863400
3460
3460
3495
3440
3445
590300
3445
3360
3410
3350
3410
665200
3410
3425
3430
3325
3335
732100
3335
3345
3365
3280
3300
642300
3300
3325
3340
3275
3290
467400
3290
3290
3345
3290
3320
429300
3320
3360
3380
3335
3375
380300
3375
3360
3380
3335
3345
395500
3345
3350
3360
3320
3335
434300
3335
3310
3320
3275
3285
477300
3285
3310
3320
3290
3305
305700
3305
3335
3350
3320
3340
282900
3340
3370
3370
3325
3330
328400
3330
3315
3340
3300
3310
464400
3310
3300
3300
3265
3280
451000
3280
3230
3230
3180
3200
597700
3200
3185
3205
3175
3200
306200
3200
3225
3250
3205
3210
404600
3210
3195
3240
3185
3215
446200
3215
3260
3270
3195
3200
366300
3200
3235
3265
3190
3195
727800
3195
3240
3250
3185
3195
423700
3195
3205
3240
3200
3230
360400
3230
3220
3240
3220
3225
327500
3225
3230
3240
3185
3205
443700
3205
3230
3240
3215
3220
498200
3220
3220
3225
3185
3200
294000
3200
3195
3220
3180
3220
395900
3220
3205
3220
3185
3205
459100
3205
3170
3185
3140
3150
752000
3150
3130
3155
3115
3155
651900
3155
3160
3295
3160
3290
1449500
3290
3210
3215
3135
3200
921500
3200
3230
3260
3185
3220
514100
3220
3235
3240
3190
3205
404000
3205
3195
3215
3155
3155
387800
3155
3125
3190
3125
3185
490600
3185
3170
3250
3155
3240
428800
3240
3260
3330
3250
3315
469700
3315
3290
3315
3270
3290
478400
3290
3285
3325
3285
3315
402200
3315
3300
3310
3265
3275
420900
3275
3260
3270
3210
3220
298300
3220
3220
3225
3200
3210
293800
3210
3235
3250
3210
3225
280200
3225
3230
3275
3225
3270
209100
3270
3285
3300
3260
3265
228800
3265
3270
3300
3255
3300
280000
3300
3330
3360
3310
3310
394400
3310
3330
3360
3320
3330
378000
3330
3325
3330
3295
3300
176300
3300
3335
3345
3295
3345
321300
3345
3320
3385
3310
3380
265000
3380
3390
3420
3345
3420
553500
3420
3445
3500
3430
3490
642600
3490
3300
3385
3300
3350
574700
3350
3365
3365
3300
3330
399000
3330
3330
3370
3305
3365
359800
3365
3365
3415
3345
3370
383600
3370
3380
3390
3340
3360
356600
3360
3360
3385
3340
3380
301700
3380
3380
3415
3355
3400
370600
3400
3375
3405
3360
3395
312400
3395
3395
3410
3375
3400
251800
3400
3400
3400
3355
3365
327900
3365
3365
3365
3320
3325
464000
3325
3330
3375
3315
3360
384500
3360
3360
3370
3330
3350
241700
3350
3345
3395
3310
3385
391600
3385
3380
3400
3350
3385
405800
3385
3400
3420
3370
3395
395800
3395
3385
3435
3375
3425
343000
3425
3420
3465
3410
3445
446600
3445
3455
3470
3435
3445
459100
3445
3395
3440
3385
3420
533700
3420
3415
3430
3370
3375
1018300
3375
3335
3395
3330
3370
465300
3370
3400
3470
3400
3465
399100
3465
3440
3475
3435
3455
315800
3455
3425
3475
3415
3465
279200
3465
3480
3500
3455
3470
409600
3470
3460
3500
3455
3475
581100
3475
3475
3515
3475
3490
220100
3490
3515
3570
3515
3545
343900
3545
3550
3615
3550
3575
379900
3575
3580
3630
3570
3570
445900
3570
3585
3610
3575
3605
732400
3605
3635
3660
3585
3605
327500
3605
3570
3590
3515
3520
320100
3520
3530
3560
3490
3515
472900
3515
3485
3535
3470
3490
426300
3490
3455
3500
3450
3485
269600
3485
3460
3475
3415
3420
308600
3420
3390
3445
3380
3435
384400
3435
3420
3470
3415
3450
413900
3450
3430
3460
3425
3445
692100
3445
3455
3460
3385
3390
479500
3390
3385
3390
3270
3280
517900
3280
3300
3310
3240
3265
496000
3265
3250
3320
3250
3305
324300
3305
3315
3325
3260
3265
376700
3265
3285
3305
3260
3260
296900
3260
3260
3290
3250
3255
244100
3255
3275
3280
3215
3215
466200
3215
3205
3225
3170
3180
412600
3180
3175
3215
3175
3185
415700
3185
3205
3225
3185
3210
351500
3210
3225
3295
3220
3285
370200
3285
3315
3330
3295
3300
345500
3300
3330
3330
3255
3255
292600
3255
3265
3280
3245
3265
354900
3265
3260
3295
3250
3265
293200
3265
3285
3295
3245
3250
229600
3250
3265
3275
3230
3235
265500
3235
3300
3320
3280
3305
349800
3305
3330
3370
3310
3355
328600
3355
3330
3370
3315
3345
223100
3345
3275
3305
3260
3290
485700
3290
3250
3295
3220
3230
436600
3230
3235
3300
3230
3245
431400
3245
3255
3260
3205
3215
323600
3215
3215
3240
3200
3200
282300
3200
3215
3235
3195
3235
218500
3235
3235
3265
3200
3205
230300
3205
3195
3200
3155
3160
405300
3160
3165
3170
3140
3145
531500
3145
3140
3145
3085
3085
467300
3085
3115
3150
3085
3150
436600
3150
3165
3185
3145
3155
278200
3155
3140
3170
3110
3145
455600
3145
3140
3155
3125
3130
235000
3130
3130
3140
3105
3115
252600
3115
3110
3115
3070
3090
350400
3090
3090
3100
3060
3065
358400
3065
3090
3090
3050
3065
353700
3065
3100
3105
3070
3085
238300
3085
3105
3105
3080
3085
281400
3085
3105
3130
3090
3115
342700
3115
3110
3150
3100
3130
320500
3130
3150
3155
3090
3100
557500
3100
3075
3110
3070
3100
559000
3100
3100
3110
3080
3100
292700
3100
3100
3130
3070
3120
312900
3120
3105
3115
3075
3095
403500
3095
3080
3110
3060
3085
382400
3085
3085
3165
3085
3155
370900
3155
3155
3190
3155
3160
344800
3160
3170
3215
3170
3210
348900
3210
3215
3255
3195
3250
413400
3250
3265
3320
3265
3290
423400
3290
3295
3295
3230
3240
701500
3240
3235
3375
3235
3365
558700
3365
3395
3425
3380
3405
542200
3405
3420
3420
3390
3400
400100
3400
3420
3445
3395
3430
891200
3430
3425
3465
3420
3465
1575100
3465
3430
3440
3365
3420
689600
3420
3375
3395
3335
3335
603800
3335
3345
3400
3320
3360
568000
3360
3330
3345
3300
3305
366500
3305
3325
3370
3310
3355
473000
3355
3335
3345
3290
3295
379800
3295
3280
3280
3210
3215
786800
3215
3210
3295
3210
3280
503600
3280
3255
3300
3250
3260
568100
3260
3270
3325
3270
3310
315800
3310
3235
3260
3175
3185
554000
3185
3145
3170
3095
3115
698100
3115
3105
3120
3080
3085
561900
3085
3075
3095
3060
3095
486000
3095
3125
3155
3115
3145
426900
3145
3155
3185
3150
3165
380500
3165
3135
3165
3105
3145
474700
3145
3135
3190
3130
3175
321800
3175
3145
3145
3075
3085
594600
3085
3090
3130
3075
3110
456500
3110
3075
3095
3050
3060
620300
3060
3070
3110
3055
3085
538000
3085
3115
3165
3105
3130
396900
3130
3150
3175
3130
3150
603500
3150
3115
3180
3080
3135
966700
3135
3095
3125
3065
3075
448800
3075
3080
3085
3005
3065
763400
3065
3055
3065
3020
3045
464800
3045
3070
3115
3060
3110
537200
3110
3135
3165
3115
3125
526100
3125
3170
3190
3155
3175
505200
3175
3190
3240
3190
3235
431600
3235
3210
3255
3210
3250
313400
3250
3205
3210
3140
3160
465300
3160
3160
3185
3145
3155
391800
3155
3140
3175
3115
3175
349200
3175
3165
3220
3150
3205
417800
3205
3185
3215
3170
3195
281200
3195
3160
3230
3160
3220
343300
3220
3150
3185
3140
3150
367900
3150
3170
3235
3160
3225
358000
3225
3215
3270
3210
3250
424500
3250
3270
3295
3255
3265
339400
3265
3265
3265
3195
3225
417300
3225
3260
3270
3230
3240
308000
3240
3240
3280
3220
3250
695100
3250
3290
3325
3280
3300
600700
3300
3265
3290
3205
3205
512200
3205
3160
3200
3145
3190
484500
3190
3155
3190
3125
3140
520800
3140
3145
3160
3120
3145
587400
3145
3090
3115
3075
3090
502700
3090
3065
3080
3035
3040
627200
3040
3050
3085
3040
3075
637900
3075
3095
3130
3080
3100
468800
3100
3070
3135
3070
3105
800100
3105
3080
3150
3080
3145
575800
3145
3125
3140
3085
3090
517600
3090
3120
3140
3070
3085
416100
3085
3065
3105
3005
3010
573900
3010
3015
3015
2890
2912
1107600
2912
2852
2870
2779
2813
512500
2813
2814
2896
2810
2850
513600
2850
2910
2979
2894
2968
669900
2968
2961
2976
2942
2963
409800
2963
