1815
1832
1809
1830
1504200
1830
1836
1840
1823
1837
1143500
1837
1840
1847
1816
1826
1646000
1826
1838
1870
1836
1865
1843600
1865
1858
1870
1841
1869
1307200
1869
1859
1868
1846
1861
1573800
1861
1867
1893
1867
1883
1103900
1883
1883
1899
1883
1892
1130500
1892
1879
1890
1863
1883
1430700
1883
1899
1899
1855
1859
1590000
1859
1869
1879
1855
1862
1093300
1862
1858
1863
1848
1853
826700
1853
1861
1866
1848
1854
1401600
1854
1852
1895
1851
1872
1988600
1872
1871
1909
1867
1904
2128700
1904
1910
1927
1893
1893
1931500
1893
1892
1897
1860
1863
1086100
1863
1861
1872
1846
1853
1595500
1853
1848
1864
1824
1824
1764900
1824
1824
1850
1820
1848
1055300
1848
1833
1855
1825
1850
956300
1850
1830
1834
1805
1806
1591600
1806
1752
1764
1736
1762
2878600
1762
1792
1834
1772
1773
1928400
1773
1773
1792
1743
1745
2092000
1745
1730
1740
1711
1725
2124700
1725
1740
1745
1707
1711
1542400
1711
1710
1723
1700
1711
1285000
1711
1725
1729
1700
1701
1071900
1701
1707
1720
1702
1710
1166700
1710
1725
1752
1721
1750
1246500
1750
1741
1748
1736
1739
989700
1739
1735
1747
1726
1736
1140500
1736
1725
1725
1706
1708
935200
1708
1719
1725
1712
1718
679700
1718
1735
1757
1734
1753
891000
1753
1758
1758
1726
1730
1100700
1730
1724
1735
1713
1713
1493300
1713
1711
1717
1702
1706
1477200
1706
1700
1702
1682
1691
2845600
1691
1687
1692
1677
1691
1112800
1691
1706
1717
1696
1703
1036000
1703
1699
1715
1694
1697
1142300
1697
1697
1704
1676
1681
1215800
1681
1686
1714
1681
1686
1879600
1686
1714
1714
1694
1703
815200
1703
1695
1725
1693
1725
1067500
1725
1726
1736
1718
1723
1431500
1723
1719
1723
1698
1710
1150000
1710
1722
1723
1705
1709
1100400
1709
1706
1709
1690
1695
1194000
1695
1688
1696
1676
1687
1976000
1687
1683
1690
1675
1685
2002000
1685
1665
1674
1654
1659
2172700
1659
1651
1668
1647
1668
2016200
1668
1668
1729
1665
1727
2919800
1727
1697
1698
1634
1650
3268500
1650
1647
1675
1645
1663
1393800
1663
1672
1674
1651
1658
1054700
1658
1651
1666
1641
1642
1037500
1642
1634
1662
1632
1660
1236900
1660
1657
1692
1643
1688
1485600
1688
1700
1727
1695
1722
1616800
1722
1724
1749
1723
1735
2164100
1735
1734
1761
1724
1753
1461900
1753
1753
1768
1742
1747
1336800
1747
1744
1747
1720
1720
767900
1720
1713
1723
1707
1711
638000
1711
1717
1722
1708
1712
793200
1712
1712
1732
1711
1729
542400
1729
1738
1745
1733
1736
770700
1736
1740
1769
1738
1766
995400
1766
1778
1793
1763
1765
1118500
1765
1774
1782
1765
1769
950100
1769
1770
1775
1757
1761
583800
1761
1774
1799
1756
1796
1380600
1796
1786
1817
1783
1815
1088600
1815
1817
1823
1797
1822
990500
1822
1838
1864
1830
1841
2133400
1841
1828
1858
1825
1856
1154400
1856
1858
1859
1823
1828
916600
1828
1824
1836
1813
1835
985600
1835
1843
1878
1843
1848
1395800
1848
1849
1857
1843
1850
1236500
1850
1850
1860
1836
1854
1217700
1854
1840
1873
1830
1844
2132500
1844
1825
1875
1825
1870
1482200
1870
1877
1884
1862
1878
1696000
1878
1874
1890
1869
1871
1141900
1871
1876
1884
1869
1879
1131800
1879
1874
1900
1867
1897
1404100
1897
1897
1904
1885
1894
1199600
1894
1892
1893
1877
1892
994500
1892
1876
1881
1848
1859
1537800
1859
1872
1888
1865
1878
1241600
1878
1878
1894
1871
1891
796000
1891
1895
1899
1884
1897
683300
1897
1900
1910
1892
1910
1440200
1910
1889
1900
1885
1897
1268200
1897
1911
1936
1910
1934
3859000
1934
1915
1941
1904
1916
1451600
1916
1934
1956
1931
1951
1228600
1951
1936
1943
1920
1922
1567900
1922
1920
1955
1919
1952
1366700
1952
1951
1970
1951
1967
1108700
1967
1978
2003
1976
1980
2378900
1980
1977
1985
1961
1975
1014700
1975
2009
2035
2006
2023
2038500
2023
2002
2030
1991
2022
1382200
2022
2029
2048
2006
2006
1475200
2006
2022
2041
2013
2029
2142900
2029
2025
2033
2014
2030
940100
2030
2015
2016
1976
1980
1502900
1980
1977
1992
1962
1977
1246700
1977
1961
1980
1951
1959
1216600
1959
1950
1959
1939
1954
762400
1954
1942
1946
1920
1922
876400
1922
1902
1934
1900
1930
1055300
1930
1936
1948
1915
1944
983500
1944
1934
1944
1925
1939
1196400
1939
1935
1937
1903
1908
1047600
1908
1900
1903
1854
1857
968300
1857
1860
1860
1820
1837
1534600
1837
1831
1865
1831
1853
1254500
1853
1851
1853
1827
1835
854800
1835
1835
1846
1817
1818
1256900
1818
1828
1838
1820
1830
1017700
1830
1836
1840
1812
1812
1588300
1812
1807
1821
1794
1802
1249700
1802
1819
1836
1815
1819
1115000
1819
1836
1841
1819
1835
1042900
1835
1837
1887
1837
1880
951800
1880
1900
1915
1890
1908
1333300
1908
1922
1926
1872
1872
873300
1872
1883
1907
1883
1889
1411100
1889
1885
1907
1882
1890
965700
1890
1903
1908
1892
1901
602000
1901
1912
1920
1890
1893
929100
1893
1924
1932
1907
1920
1109400
1920
1924
1943
1910
1931
792700
1931
1912
1941
1910
1936
774300
1936
1920
1936
1899
1922
1308200
1922
1921
1923
1903
1912
1263300
1912
1913
1932
1888
1891
1434000
1891
1886
1892
1864
1887
1524600
1887
1887
1904
1872
1873
968200
1873
1876
1896
1869
1896
720600
1896
1898
1910
1872
1876
1111600
1876
1857
1864
1823
1823
1453900
1823
1831
1835
1792
1800
1655300
1800
1796
1797
1749
1755
1540300
1755
1762
1801
1762
1799
1333600
1799
1804
1819
1795
1800
785800
1800
1795
1812
1770
1801
1630900
1801
1808
1813
1791
1792
776200
1792
1786
1795
1777
1787
781200
1787
1780
1787
1767
1773
859500
1773
1779
1783
1767
1769
870900
1769
1779
1793
1768
1772
642100
1772
1789
1793
1779
1792
748800
1792
1802
1809
1798
1804
728900
1804
1812
1814
1802
1804
738600
1804
1801
1815
1800
1806
854100
1806
1820
1828
1816
1821
1171900
1821
1826
1835
1821
1832
1503400
1832
1819
1822
1803
1810
1118300
1810
1820
1836
1802
1833
1096100
1833
1837
1842
1818
1832
1309100
1832
1828
1839
1820
1829
1313000
1829
1835
1871
1834
1870
1552100
1870
1865
1872
1858
1863
892800
1863
1880
1892
1878
1886
1134600
1886
1887
1918
1883
1917
1230700
1917
1910
1990
1904
1983
2296600
1983
1995
2005
1948
1958
2831900
1958
1958
2028
1958
2018
1422400
2018
2029
2055
2026
2055
2112600
2055
2057
2069
2039
2066
2026700
2066
2072
2084
2063
2072
2770500
2072
2059
2116
2055
2116
2839500
2116
2092
2103
2041
2081
2174800
2081
2075
2083
2053
2054
1749600
2054
2068
2089
2055
2078
1575200
2078
2069
2073
2049
2053
1166400
2053
2056
2067
2022
2036
2062900
2036
2018
2025
1989
1992
1891800
1992
2004
2012
1959
1967
1811700
1967
1959
1971
1937
1953
2451100
1953
1943
1986
1936
1978
1609400
1978
1989
2022
1987
1993
1450000
1993
1945
1956
1903
1919
2015300
1919
1892
1910
1858
1875
2079900
1875
1861
1874
1841
1843
1516500
1843
1840
1845
1826
1844
1127500
1844
1868
1881
1858
1878
1015400
1878
1881
1913
1881
1908
1391300
1908
1886
1904
1874
1892
1193900
1892
1889
1903
1876
1891
1048100
1891
1887
1887
1832
1832
1436800
1832
1832
1850
1817
1842
1290000
1842
1811
1833
1803
1810
1546800
1810
1832
1843
1816
1827
1536000
1827
1844
1867
1838
1858
1387900
1858
1868
1885
1860
1876
2174900
1876
1875
1879
1841
1863
1841100
1863
1854
1860
1828
1832
1383000
1832
1825
1831
1801
1826
1617100
1826
1807
1823
1795
1813
1060400
1813
1819
1864
1815
1850
962400
1850
1854
1866
1820
1828
1114100
1828
1857
1871
1849
1859
1082800
1859
1874
1888
1860
1876
1351100
1876
1890
1933
1888
1931
1507300
1931
1916
1935
1879
1897
1839400
1897
1888
1892
1842
1848
1668500
1848
1839
1864
1825
1864
1227100
1864
1852
1880
1849
1877
1358900
1877
1880
1893
1871
1880
998000
1880
1877
1902
1876
1899
1092600
1899
1877
1914
1871
1904
1862200
1904
1911
1939
1900
1936
1021900
1936
1951
1970
1931
1942
1053500
1942
1943
1965
1933
1957
1112000
1957
1952
1954
1927
1937
984300
1937
1950
1972
1942
1955
985100
1955
1983
1995
1935
1976
2673600
1976
2000
2012
1970
1979
1813200
1979
1973
1986
1921
1922
1455200
1922
1895
1924
1889
1920
1023300
1920
1907
1922
1889
1899
1331000
1899
1902
1950
1894
1942
1603300
1942
1920
1936
1903
1921
1520900
1921
1919
1923
1871
1879
1584000
1879
1886
1913
1882
1911
1649600
1911
1927
1930
1900
1902
1371600
1902
1887
1917
1872
1875
2114400
1875
1855
1884
1848
1880
1404300
1880
1867
1871
1840
1840
1499700
1840
1847
1857
1819
1828
1321800
1828
1816
1833
1787
1790
1349900
1790
1775
1784
1730
1738
2084800
1738
1682
1710
1677
1702
1647800
1702
1700
1746
1691
1720
1621900
1720
1761
1808
1755
1799
1553000
1799
1795
1803
1772
1795
943400
1795
