5010
5070
5000
5070
263800
5070
5110
5140
5030
5090
216000
5090
5130
5140
5080
5130
202400
5130
5120
5180
5120
5160
157900
5160
5140
5170
5090
5160
143400
5160
5170
5180
5110
5130
234000
5130
5120
5180
5120
5160
179500
5160
5130
5180
5120
5120
118400
5120
5100
5180
5090
5170
303800
5170
5220
5270
5190
5230
482300
5230
5200
5280
5170
5280
287400
5280
5230
5270
5220
5270
170900
5270
5290
5330
5280
5300
188900
5300
5270
5330
5270
5330
187000
5330
5300
5330
5280
5320
247500
5320
5340
5380
5300
5320
236600
5320
5380
5400
5240
5270
249700
5270
5230
5260
5180
5200
245900
5200
5210
5250
5170
5180
360100
5180
5210
5250
5160
5250
262300
5250
5220
5320
5180
5280
294900
5280
5170
5220
4995
5010
452800
5010
4885
4890
4760
4820
595000
4820
4920
4990
4795
4805
427900
4805
4805
4850
4765
4785
334100
4785
4680
4755
4670
4750
451900
4750
4805
4805
4650
4665
416800
4665
4695
4740
4645
4670
382400
4670
4725
4730
4655
4675
308900
4675
4670
4745
4665
4705
278100
4705
4745
4815
4710
4805
207100
4805
4830
4880
4820
4865
331800
4865
4820
4840
4730
4740
435700
4740
4725
4735
4640
4660
336500
4660
4700
4705
4620
4630
348900
4630
4700
4730
4665
4715
227300
4715
4765
4765
4700
4705
199200
4705
4690
4760
4685
4695
352800
4695
4685
4685
4635
4670
325300
4670
4600
4600
4500
4550
489800
4550
4550
4575
4520
4570
221400
4570
4595
4630
4570
4580
220900
4580
4535
4595
4520
4560
295700
4560
4620
4620
4550
4575
248700
4575
4595
4605
4495
4505
618700
4505
4550
4570
4500
4515
249900
4515
4510
4580
4510
4580
222000
4580
4555
4585
4535
4565
200100
4565
4545
4575
4515
4565
190700
4565
4605
4610
4570
4605
312800
4605
4575
4585
4525
4540
187700
4540
4510
4580
4475
4575
242300
4575
4530
4570
4500
4550
251700
4550
4465
4485
4420
4445
534100
4445
4425
4445
4350
4445
472600
4445
4450
4600
4450
4590
708700
4590
4505
4520
4450
4520
344800
4520
4540
4595
4485
4540
303400
4540
4590
4590
4520
4545
216600
4545
4520
4555
4465
4465
157300
4465
4440
4560
4435
4550
263100
4550
4550
4640
4450
4625
394900
4625
4740
4765
4685
4730
398000
4730
4685
4750
4670
4690
326800
4690
4695
4805
4695
4800
373000
4800
4745
4800
4720
4725
257500
4725
4700
4715
4600
4605
189900
4605
4575
4615
4555
4595
222000
4595
4640
4640
4585
4605
236000
4605
4640
4725
4625
4710
218000
4710
4695
4725
4675
4685
222200
4685
4705
4765
4700
4755
233300
4755
4790
4835
4765
4795
353700
4795
4825
4885
4815
4845
303700
4845
4845
4880
4800
4820
221300
4820
4845
4860
4785
4850
266300
4850
4850
4895
4830
4890
286600
4890
4900
4950
4850
4945
411200
4945
4970
5010
4930
5010
484300
5010
4955
5010
4935
4975
396700
4975
4985
4985
4895
4920
245500
4920
4920
4940
4860
4940
342200
4940
4960
4975
4865
4885
468400
4885
4895
4915
4860
4895
366800
4895
4910
4915
4860
4900
325000
4900
4895
4910
4845
4875
323700
4875
4865
4910
4845
4905
283900
4905
4915
4955
4880
4945
272600
4945
4945
4955
4910
4910
236300
4910
4905
4940
4880
4925
215200
4925
4950
4970
4910
4950
192500
4950
4925
4955
4920
4920
130500
4920
4900
4960
4880
4955
197100
4955
4885
4940
4885
4920
317600
4920
4915
4965
4910
4945
275800
4945
4960
4995
4925
4980
214200
4980
5000
5040
4990
5000
224700
5000
4995
5040
4980
5030
248400
5030
4945
5000
4925
4980
334400
4980
4975
5080
4960
5060
1092100
5060
5050
5130
5020
5090
319800
5090
5120
5150
5080
5130
194100
5130
5140
5160
5110
5150
182000
5150
5140
5200
5120
5200
217100
5200
5210
5220
5180
5200
252800
5200
5240
5310
5220
5270
490400
5270
5280
5370
5260
5360
264500
5360
5390
5500
5370
5460
304600
5460
5460
5500
5440
5470
160900
5470
5450
5490
5410
5420
245200
5420
5440
5490
5430
5460
338900
5460
5470
5490
5430
5480
154900
5480
5440
5490
5420
5430
205900
5430
5410
5470
5390
5450
281500
5450
5430
5520
5430
5450
287900
5450
5420
5460
5410
5430
163400
5430
5440
5440
5340
5350
309500
5350
5300
5520
5280
5510
380700
5510
5460
5540
5430
5520
278200
5520
5490
5510
5440
5450
264400
5450
5520
5520
5360
5360
405700
5360
5330
5340
5190
5200
255100
5200
5220
5250
5130
5170
296900
5170
5190
5360
5190
5330
297900
5330
5330
5340
5250
5280
224900
5280
5290
5360
5290
5300
225300
5300
5320
5370
5320
5330
170500
5330
5340
5340
5180
5180
266000
5180
5140
5200
5090
5130
236300
5130
5200
5260
5180
5180
181900
5180
5230
5290
5210
5220
217500
5220
5250
5430
5250
5420
247600
5420
5490
5510
5450
5460
213400
5460
5480
5480
5420
5430
188700
5430
5450
5490
5390
5450
245500
5450
5430
5460
5410
5450
151300
5450
5470
5480
5410
5420
137100
5420
5420
5430
5370
5390
148000
5390
5470
5500
5430
5480
265400
5480
5500
5570
5470
5560
256800
5560
5520
5580
5510
5550
187400
5550
5500
5530
5430
5480
307400
5480
5420
5540
5380
5500
345700
5500
5490
5570
5410
5430
273700
5430
5430
5430
5360
5390
178000
5390
5380
5430
5360
5380
157500
5380
5400
5440
5380
5440
153000
5440
5380
5450
5370
5370
184800
5370
5340
5360
5290
5290
197300
5290
5320
5330
5220
5230
307100
5230
5200
5240
5170
5170
238900
5170
5270
5420
5210
5410
386400
5410
5440
5500
5410
5430
161800
5430
5410
5470
5370
5470
282200
5470
5480
5500
5440
5470
167500
5470
5440
5480
5410
5450
155000
5450
5410
5460
5380
5450
141800
5450
5430
5440
5370
5380
144300
5380
5420
5450
5380
5420
172600
5420
5460
5490
5450
5470
118300
5470
5490
5500
5470
5480
108300
5480
5500
5520
5470
5500
204200
5500
5500
5560
5480
5530
181700
5530
5580
5590
5530
5530
269200
5530
5490
5540
5470
5510
225200
5510
5510
5510
5450
5490
123700
5490
5500
5540
5450
5530
138500
5530
5530
5530
5470
5510
187700
5510
5480
5530
5450
5510
212100
5510
5490
5650
5490
5640
278100
5640
5610
5720
5610
5700
267700
5700
5740
5810
5720
5800
303700
5800
5810
5940
5790
5930
251100
5930
5920
6040
5910
5990
280400
5990
6010
6010
5860
5890
489400
5890
5930
6230
5920
6210
384100
6210
6260
6280
6150
6250
355800
6250
6250
6250
6140
6190
312600
6190
6200
6240
6150
6170
466700
6170
6210
6230
6150
6210
621900
6210
6140
6180
6070
6180
386500
6180
6190
6270
6140
6170
329000
6170
6210
6300
6160
6220
328700
6220
6220
6250
6120
6130
230400
6130
6130
6260
6100
6210
346100
6210
6180
6210
6090
6120
255000
6120
6110
6150
6070
6070
267200
6070
6090
6220
6080
6170
372100
6170
6100
6250
6100
6170
355900
6170
6200
6340
6200
6340
426600
6340
6240
6290
6070
6110
458200
6110
6050
6100
5900
5950
458300
5950
5930
5960
5890
5900
350400
5900
5880
5940
5850
5940
329300
5940
6040
6080
6010
6050
270000
6050
6080
6150
6060
6110
212400
6110
6080
6150
6030
6130
270700
6130
6120
6200
6060
6140
210300
6140
6080
6090
5920
5930
322400
5930
5940
6070
5920
6040
335700
6040
5940
5990
5900
5920
313000
5920
6020
6070
5950
5990
416500
5990
6090
6120
6020
6070
260300
6070
6070
6140
6000
6050
390300
6050
6060
6160
5990
6130
389800
6130
6120
6200
6060
6080
267300
6080
6120
6160
5960
6150
419100
6150
6090
6120
5630
5800
637200
5800
5850
6040
5790
5980
380600
5980
6020
6080
5980
6030
348300
6030
6130
6180
6020
6060
306600
6060
6090
6150
6070
6070
315300
6070
6040
6150
6040
6130
209600
6130
6070
6120
6000
6070
307200
6070
6060
6120
6030
6060
243900
6060
6000
6090
5980
6070
202800
6070
6090
6200
6090
6180
291000
6180
6200
6240
6160
6190
242600
6190
6180
6290
6170
6270
199400
6270
6150
6220
6100
6100
212500
6100
6140
6250
6140
6220
257200
6220
6210
6280
6200
6210
263600
6210
6290
6370
6250
6270
402100
6270
6240
6280
6210
6240
280700
6240
6300
6310
6150
6170
275100
6170
6190
6310
6130
6280
498600
6280
6330
6390
6290
6350
292700
6350
6340
6450
6230
6240
361700
6240
6180
6270
6150
6220
314500
6220
6170
6210
6150
6200
311700
6200
6210
6380
6190
6370
279800
6370
6230
6290
6200
6250
239800
6250
6240
6270
6180
6200
255600
6200
6240
6380
6240
6310
615500
6310
6370
6450
6330
6370
368700
6370
6320
6500
6320
6370
544100
6370
6460
6710
6460
6640
564900
6640
6570
6630
6410
6450
420700
6450
6480
6580
6460
6560
339400
6560
6550
6620
6310
6340
340800
6340
6350
6360
6120
6150
544400
6150
6070
6110
5970
6080
496800
6080
6100
6260
5960
6070
412500
6070
6230
6440
6210
6420
392800
6420
6440
6480
6310
6390
262600
6390
