20545
20720
20420
20720
403300
20720
20850
20945
20720
20860
321200
20860
21060
21090
20755
20970
382500
20970
20970
21300
20930
21270
342800
21270
21145
21145
20860
21090
282800
21090
21000
21060
20745
20880
373600
20880
20995
21055
20945
20995
194100
20995
20880
20970
20845
20895
181000
20895
20770
20950
20750
20940
257500
20940
20970
20975
20585
20640
379400
20640
20765
20845
20650
20845
216600
20845
20740
20825
20705
20810
201600
20810
20810
21115
20805
21100
247700
21100
21000
21345
21000
21340
288400
21340
21210
21405
21180
21385
293200
21385
21275
21450
21080
21085
271400
21085
21100
21225
21000
21115
252600
21115
20975
21090
20820
20965
325100
20965
21095
21145
20625
20650
465200
20650
20770
21100
20685
21100
376600
21100
20910
21235
20770
21185
386900
21185
20855
21035
20705
20730
335300
20730
20300
20750
19880
20235
676000
20235
20520
20960
20230
20230
525900
20230
20260
20455
20145
20205
364800
20205
19815
20030
19625
20030
415300
20030
20175
20195
19615
19670
389700
19670
19915
19980
19515
19655
338800
19655
19900
19940
19420
19505
261400
19505
19680
19785
19585
19625
247400
19625
19885
20055
19695
19995
247800
19995
19970
20190
19970
20110
222300
20110
20080
20120
19900
20010
201800
20010
19780
19825
19580
19750
245200
19750
19855
20015
19795
19950
219900
19950
20085
20365
20055
20185
243800
20185
20335
20395
20170
20200
237100
20200
20110
20265
19950
19950
351300
19950
19860
19890
19620
19685
320700
19685
19400
19450
19130
19285
397500
19285
19270
19675
19270
19605
284700
19605
19745
19860
19620
19675
274800
19675
19535
19870
19480
19675
322000
19675
19695
19800
19530
19615
307600
19615
19785
20000
19525
19675
499000
19675
19940
20050
19800
19870
289300
19870
19785
20030
19720
19980
255400
19980
19960
19990
19750
19770
355100
19770
19690
19725
19395
19610
343200
19610
19750
19760
19565
19595
418400
19595
19595
19695
19470
19570
193400
19570
19620
19740
19420
19700
274200
19700
19415
19725
19355
19700
337900
19700
19360
19615
19305
19450
469200
19450
19165
19420
19105
19410
392400
19410
19525
20160
19425
20145
560000
20145
19985
20295
19720
20275
468400
20275
20355
20365
19870
20110
326500
20110
20215
20215
19990
20130
198400
20130
20130
20185
19960
19960
167300
19960
19890
20180
19835
20085
239200
20085
20085
20475
19945
20360
316300
20360
20550
20880
20550
20760
378900
20760
20765
21030
20750
20805
371700
20805
20800
21130
20785
21040
298800
21040
20945
21110
20905
20945
320200
20945
20890
20905
20580
20630
278500
20630
20460
20525
20210
20230
386100
20230
20265
20540
20200
20260
336500
20260
20305
20525
20270
20380
232900
20380
20575
20795
20470
20560
296100
20560
20500
20845
20445
20785
295600
20785
20960
21100
20860
20870
256200
20870
20860
20955
20745
20795
205900
20795
20775
20830
20580
20615
187100
20615
20785
20870
20640
20860
188000
20860
20645
20955
20645
20865
238400
20865
20730
20900
20545
20880
321700
20880
21170
21985
21135
21970
593400
21970
21960
22070
21770
21890
299600
21890
21960
21960
21635
21735
219000
21735
21615
21785
21520
21735
265700
21735
21615
21695
21370
21445
429300
21445
21440
21560
21245
21310
305200
21310
21530
21550
21240
21350
182400
21350
21520
21625
21475
21615
334700
21615
21555
21730
21485
21730
232800
21730
21795
21855
21635
21840
241000
21840
21745
21930
21690
21815
250300
21815
21875
21910
21670
21840
164200
21840
21880
22020
21800
21995
215300
21995
21995
22055
21935
22025
186500
22025
22050
22075
21885
22050
201200
22050
22015
22150
21925
22105
272300
22105
22105
22310
22070
22260
355800
22260
22360
22690
22280
22645
375700
22645
22455
22545
22375
22460
178400
22460
22390
22600
22320
22575
200000
22575
22205
22675
22200
22500
324400
22500
22260
22620
22160
22510
466500
22510
22200
22625
22160
22355
263800
22355
22435
22670
22310
22635
220200
22635
22695
22875
22660
22815
285800
22815
22905
23095
22685
23065
396600
23065
23285
23290
22975
23100
281800
23100
23070
23420
23055
23310
431800
23310
23280
23370
23045
23210
259500
23210
23380
23700
23345
23595
308100
23595
23635
23875
23545
23725
386400
23725
23605
23830
23410
23695
309600
23695
23810
24120
23800
24020
585800
24020
24070
24160
23825
24130
321500
24130
24190
24195
23960
23985
328900
23985
23965
24250
23930
24130
330800
24130
24300
24390
23930
24205
358000
24205
24050
24305
23985
24245
239900
24245
23950
24070
23575
23590
331200
23590
23385
23695
23315
23635
344800
23635
23595
23690
23335
23460
371200
23460
23460
23490
23210
23335
276600
23335
23100
23265
22900
22960
385100
22960
22865
22865
22085
22100
419400
22100
22160
22280
22005
22195
316600
22195
22250
22610
22185
22570
319100
22570
22400
22400
22100
22175
233100
22175
22330
22370
22185
22215
250400
22215
22275
22320
22155
22250
192900
22250
22405
22420
21830
21830
380500
21830
21750
21940
21740
21840
236900
21840
22035
22275
22000
22150
321300
22150
22350
22390
22005
22340
241300
22340
22535
22935
22505
22885
237200
22885
23120
23350
22970
22990
300300
22990
23020
23050
22780
22780
204100
22780
22810
23025
22715
22860
206400
22860
22800
22975
22730
22845
194900
22845
22960
23100
22910
22940
180400
22940
22815
23015
22735
22940
184500
22940
23265
23395
23000
23320
266400
23320
23490
23770
23355
23575
246600
23575
23100
23665
23080
23540
248900
23540
23340
23495
23085
23245
396800
23245
23395
23415
23070
23100
304500
23100
23120
23345
22760
22795
266000
22795
22900
22900
22725
22790
183000
22790
22800
22975
22610
22645
190600
22645
22855
22950
22600
22810
212800
22810
22870
23185
22665
22665
213100
22665
22740
22830
22535
22685
222900
22685
22785
22800
22405
22665
365100
22665
22645
22650
22240
22300
312400
22300
22490
22815
22435
22810
224800
22810
23000
23175
22730
22840
257300
22840
22845
22865
22290
22385
336300
22385
22315
22530
22315
22470
188100
22470
22300
22390
22190
22235
179900
22235
22205
22315
22065
22110
204400
22110
22240
22365
22060
22140
185600
22140
22150
22320
22060
22100
183800
22100
22285
22380
22160
22265
146000
22265
22425
22450
22300
22405
146600
22405
22470
22475
22190
22290
220600
22290
22240
22375
22185
22185
165400
22185
22325
22380
22255
22285
308700
22285
22220
22350
22125
22315
301100
22315
22180
22270
22055
22155
114200
22155
22170
22190
21945
22155
137100
22155
22185
22250
21960
22155
258900
22155
22085
22095
21705
21705
237500
21705
21660
22025
21635
21960
241200
21960
21885
22035
21725
21730
248400
21730
21735
22035
21735
21975
214400
21975
21985
22060
21810
22035
262000
22035
22145
22740
22140
22635
326400
22635
22640
22725
22190
22265
486000
22265
22095
23095
22060
22930
348900
22930
23325
23470
23145
23270
340200
23270
23330
23365
23110
23185
341500
23185
23400
23415
23100
23150
466200
23150
22970
23695
22925
23675
465300
23675
23675
24025
23625
23925
365500
23925
23970
24075
23725
23740
287100
23740
23705
23970
23510
23660
433400
23660
23435
23625
23280
23610
315400
23610
23705
23775
23555
23665
367500
23665
23700
23790
23470
23470
235200
23470
23675
23675
23215
23230
339800
23230
23235
23715
23235
23540
361200
23540
23575
23640
23235
23330
339900
23330
23415
23790
23415
23640
251300
23640
23005
23210
22720
22790
370500
22790
22675
22810
22185
22250
361500
22250
22000
22230
21760
21765
303200
21765
21660
21765
21445
21675
280400
21675
21800
22030
21675
22010
262700
22010
22015
22255
21860
22050
309200
22050
21970
22060
21660
21905
259000
21905
21870
22065
21770
22025
204600
22025
22025
22025
21210
21260
329500
21260
21440
21730
21255
21615
309100
21615
21250
21285
20885
20950
320900
20950
20970
21190
20875
21075
294400
21075
21075
21490
20975
21360
365600
21360
21500
21865
20970
21000
602600
21000
21015
21650
20890
21650
620700
21650
22120
22260
21560
21620
453200
21620
21710
21750
20980
21215
551900
21215
21090
21205
20920
21065
312100
21065
21125
21390
21065
21320
270500
21320
21405
21750
21325
21435
377400
21435
21660
21700
21365
21510
398100
21510
21765
22010
21600
21985
285500
21985
21945
22125
21770
22105
185900
22105
21910
21925
21345
21555
400400
21555
21585
21690
21490
21580
300800
21580
21675
21825
21520
21815
275000
21815
21880
22120
21810
22055
243100
22055
22000
22105
21715
21885
190900
21885
21840
22640
21810
22565
366200
22565
22265
22435
22150
22300
255800
22300
22440
22970
22400
22930
243400
22930
23035
23200
22740
22830
224400
22830
22830
22990
22710
22860
194600
22860
22805
22900
22530
22845
294000
22845
23100
23140
22790
22810
262600
22810
22870
23385
22740
23325
509200
23325
23600
23770
23380
23475
318600
23475
23320
23355
22530
22540
562300
22540
22265
22855
22190
22740
265100
22740
22510
22945
22500
22705
398400
22705
22705
23230
22660
23210
386800
23210
22960
23095
22745
23035
290400
23035
23030
23035
22550
22700
393700
22700
22855
22990
22565
22920
480400
22920
22970
23085
22680
22935
299400
22935
22885
23230
22795
22895
483500
22895
23100
23510
23000
23485
381400
23485
23215
23380
22915
22930
383500
22930
23035
23150
22870
22900
402100
22900
23155
23450
22795
22805
488100
22805
22840
22895
22095
22200
553100
22200
21850
22000
21375
21570
368400
21570
21580
22250
21475
21835
402100
21835
22490
23285
22395
23180
604200
23180
23045
23205
23000
23165
347300
23165
