4712
4734
4681
4734
1577900
4734
4759
4783
4735
4737
1662200
4737
4752
4782
4731
4753
1721100
4753
4744
4752
4714
4737
1274500
4737
4737
4766
4718
4742
1425400
4742
4753
4764
4718
4728
1170600
4728
4735
4737
4667
4673
1432300
4673
4660
4680
4623
4638
1125900
4638
4619
4657
4593
4650
1127600
4650
4689
4694
4631
4645
1617300
4645
4667
4699
4667
4691
1018000
4691
4690
4706
4671
4706
931300
4706
4706
4715
4684
4704
910900
4704
4701
4705
4663
4674
1189700
4674
4617
4617
4562
4579
1894000
4579
4580
4615
4567
4570
1284900
4570
4590
4634
4572
4573
884100
4573
4589
4604
4488
4497
2490000
4497
4450
4496
4440
4440
1891100
4440
4476
4533
4461
4528
1709900
4528
4388
4390
4311
4344
3595400
4344
4300
4373
4291
4334
2274300
4334
4184
4249
4161
4246
3247000
4246
4360
4364
4214
4215
2193800
4215
4248
4296
4241
4276
1524100
4276
4185
4237
4170
4237
1585900
4237
4268
4268
4145
4151
1919200
4151
4169
4209
4157
4187
1621300
4187
4218
4222
4185
4195
1150600
4195
4210
4270
4190
4254
1206100
4254
4297
4351
4280
4346
938300
4346
4346
4346
4276
4303
1171700
4303
4303
4345
4288
4334
987000
4334
4292
4309
4201
4206
1773000
4206
4206
4256
4202
4248
919500
4248
4279
4312
4271
4291
1006800
4291
4331
4332
4280
4289
1161200
4289
4291
4351
4290
4303
1320700
4303
4300
4339
4290
4311
1160300
4311
4250
4260
4221
4234
1209100
4234
4213
4234
4195
4221
874300
4221
4226
4229
4179
4184
1354900
4184
4171
4209
4145
4149
1347800
4149
4190
4196
4150
4184
934900
4184
4201
4233
4162
4187
1667700
4187
4235
4244
4213
4224
796000
4224
4222
4252
4216
4241
794500
4241
4238
4246
4203
4219
882500
4219
4213
4236
4210
4220
755000
4220
4220
4220
4186
4192
1450000
4192
4186
4213
4156
4178
963600
4178
4170
4205
4149
4196
1088600
4196
4130
4157
4078
4125
2388600
4125
4055
4094
4046
4056
2062300
4056
4010
4050
3997
4049
2768700
4049
4044
4125
4034
4102
4470600
4102
4019
4103
4013
4100
1983200
4100
4106
4116
4058
4083
1322600
4083
4108
4127
4088
4118
1162500
4118
4121
4162
4120
4137
919800
4137
4100
4169
4080
4153
1142700
4153
4156
4196
4119
4183
1109800
4183
4196
4246
4186
4229
1541800
4229
4215
4216
4173
4173
1140000
4173
4172
4219
4166
4212
800200
4212
4210
4281
4206
4231
1409100
4231
4239
4243
4189
4195
1077100
4195
4180
4191
4156
4164
747900
4164
4190
4203
4169
4170
945300
4170
4165
4200
4160
4194
486600
4194
4200
4226
4185
4197
622600
4197
4200
4225
4188
4208
813900
4208
4212
4225
4176
4185
800500
4185
4188
4233
4186
4229
851400
4229
4229
4238
4207
4226
414000
4226
4235
4305
4227
4305
1188000
4305
4310
4313
4267
4295
803300
4295
4311
4315
4290
4306
973600
4306
4320
4340
4293
4340
1182700
4340
4303
4307
4239
4266
1245400
4266
4286
4287
4216
4220
774600
4220
4197
4209
4170
4193
745600
4193
4200
4235
4194
4230
750700
4230
4232
4234
4202
4222
830000
4222
4172
4184
4111
4123
1307100
4123
4136
4177
4129
4174
750800
4174
4178
4228
4178
4223
736700
4223
4248
4258
4211
4220
649400
4220
4204
4226
4186
4221
661100
4221
4233
4234
4189
4213
651300
4213
4201
4212
4191
4207
700800
4207
4202
4246
4196
4235
703600
4235
4230
4230
4191
4224
670600
4224
4221
4280
4219
4278
1174600
4278
4250
4267
4211
4223
884900
4223
4265
4367
4258
4362
2125400
4362
4495
4500
4438
4457
1801900
4457
4445
4494
4431
4467
1284000
4467
4400
4433
4376
4429
1368400
4429
4405
4412
4378
4382
1348400
4382
4364
4434
4345
4403
1103400
4403
4407
4441
4393
4426
695500
4426
4432
4440
4377
4379
724800
4379
4327
4411
4326
4407
761000
4407
4407
4458
4405
4454
1003200
4454
4414
4464
4406
4406
1106200
4406
4407
4438
4391
4427
512100
4427
4440
4457
4423
4440
561700
4440
4440
4484
4435
4480
720500
4480
4487
4489
4448
4449
579100
4449
4465
4472
4431
4450
823500
4450
4452
4460
4401
4416
608700
4416
4366
4366
4286
4287
1201300
4287
4290
4316
4276
4303
694200
4303
4285
4293
4266
4267
658300
4267
4245
4258
4205
4206
904100
4206
4211
4211
4136
4140
792200
4140
4104
4185
4092
4182
970100
4182
4139
4139
4108
4115
850700
4115
4105
4105
4057
4063
876100
4063
4112
4120
4046
4069
787000
4069
4062
4064
3975
3980
1205700
3980
3998
4030
3993
4016
861100
4016
4000
4042
3995
4032
614700
4032
4048
4048
3980
3985
994300
3985
4000
4007
3961
3974
951200
3974
3990
4003
3973
3975
628600
3975
3970
4023
3933
4006
1497300
4006
3990
4007
3951
3957
968300
3957
3958
3992
3952
3953
1056300
3953
3960
3995
3951
3982
772500
3982
4019
4056
4006
4033
1040800
4033
4058
4126
4041
4099
990900
4099
4136
4155
4100
4100
744400
4100
4094
4126
4076
4095
898200
4095
4070
4117
4060
4101
595400
4101
4120
4138
4082
4086
532100
4086
4103
4148
4089
4096
566900
4096
4140
4157
4121
4146
574400
4146
4172
4188
4155
4171
627000
4171
4141
4167
4120
4145
709900
4145
4144
4156
4092
4100
1154200
4100
4060
4089
4004
4016
1589200
4016
4018
4050
3995
4013
1279600
4013
3995
3995
3929
3929
1987500
3929
3935
3946
3900
3900
1135600
3900
3900
3913
3870
3903
1109400
3903
3914
3949
3903
3908
966200
3908
3920
3934
3914
3928
579200
3928
3938
3938
3891
3893
1113900
3893
3881
3890
3801
3805
1191100
3805
3849
3900
3835
3896
961700
3896
3896
3904
3836
3840
1018000
3840
3841
3861
3821
3828
1004500
3828
3833
3855
3823
3850
641600
3850
3850
3859
3832
3843
761500
3843
3851
3869
3828
3840
757800
3840
3837
3844
3821
3840
838000
3840
3850
3888
3847
3853
1096500
3853
3884
3890
3841
3842
676000
3842
3851
3855
3833
3840
788100
3840
3850
3867
3838
3852
795700
3852
3860
3869
3847
3851
691400
3851
3840
3865
3824
3851
1399900
3851
3842
3865
3842
3849
958200
3849
3855
3903
3851
3882
982600
3882
3890
3898
3842
3843
1060000
3843
3805
3808
3755
3773
2411200
3773
3750
3752
3707
3730
1934300
3730
3742
3756
3706
3751
1393200
3751
3750
3784
3744
3755
1146100
3755
3765
3781
3742
3781
965700
3781
3800
3802
3764
3795
1018200
3795
3796
3831
3787
3805
1049800
3805
3820
3833
3808
3819
1675300
3819
3823
3980
3818
3980
3078600
3980
3979
3993
3943
3945
2387700
3945
3970
3970
3938
3949
1909700
3949
3982
3991
3962
3982
2426800
3982
4000
4055
3991
4055
4192100
4055
4026
4037
3952
3996
2817400
3996
3989
4012
3959
3965
1401300
3965
3994
4009
3958
3970
1097600
3970
3953
3959
3917
3917
985600
3917
3905
3922
3877
3898
1239100
3898
3870
3885
3841
3841
1430900
3841
3820
3831
3793
3794
1893100
3794
3790
3800
3777
3777
1408700
3777
3768
3773
3718
3723
1326900
3723
3733
3763
3733
3758
1167600
3758
3700
3702
3667
3678
1878600
3678
3665
3690
3653
3671
1554100
3671
3670
3677
3645
3645
1332800
3645
3635
3646
3614
3632
1125100
3632
3670
3705
3665
3698
950900
3698
3695
3712
3688
3706
950300
3706
3675
3695
3650
3660
1223300
3660
3659
3684
3646
3683
945500
3683
3672
3672
3589
3591
1302900
3591
3612
3639
3602
3615
1299500
3615
3582
3596
3537
3553
1738800
3553
3556
3597
3544
3570
1312800
3570
3590
3655
3583
3643
931500
3643
3650
3688
3649
3675
2744000
3675
3700
3799
3685
3795
2119300
3795
3809
3825
3728
3735
1415800
3735
3740
3786
3708
3764
1308500
3764
3818
3860
3792
3846
1918100
3846
3807
3859
3802
3859
1127000
3859
3850
3891
3832
3844
1291600
3844
3899
3922
3899
3910
1086300
3910
3920
4000
3912
3988
1871700
3988
3968
4030
3960
4030
1276600
4030
3988
4010
3954
3990
1369800
3990
4030
4104
4010
4081
2073600
4081
4050
4084
4032
4080
1099600
4080
4069
4092
4052
4058
965200
4058
4058
4065
4023
4057
930100
4057
4001
4047
3981
4039
911000
4039
4015
4060
4013
4050
920700
4050
4066
4078
4025
4074
758400
4074
4091
4118
4021
4023
1041400
4023
4020
4084
4019
4070
850800
4070
4033
4048
4007
4021
938600
4021
4053
4073
4046
4054
774500
4054
4053
4076
4034
4051
1230000
4051
4100
4105
4018
4028
1128500
4028
4042
4073
4027
4027
1323000
4027
4000
4008
3962
3992
1092200
3992
3965
3977
3915
3938
1155700
3938
3953
3987
3930
3982
1044600
3982
3926
3931
3878
3889
985600
3889
3916
3927
3880
3909
944200
3909
3945
3979
3941
3972
884600
3972
3988
4017
3960
4002
1005100
4002
3970
4003
3940
3945
1308500
3945
3968
4000
3968
3995
825200
3995
3952
3984
3932
3932
943300
3932
3974
3995
3943
3984
903900
3984
3961
3969
3886
3895
1222300
3895
3895
3924
3874
3875
1674500
3875
3820
3821
3739
3755
1301400
3755
3765
3891
3765
3838
1109800
3838
3958
3970
3900
3935
1255100
3935
3917
3952
3906
3941
648600
3941
