1417
1420.5
1405
1417.5
1873800
1417.5
1422.5
1430.5
1419.5
1429.5
1480700
1429.5
1430
1439
1419.5
1438
2154600
1438
1432
1446
1428.5
1431.5
1858400
1431.5
1423
1432.5
1415
1423
1899900
1423
1429
1430
1388.5
1393.5
2718100
1393.5
1397.5
1410
1396.5
1403
1187500
1403
1401.5
1411
1401
1404.5
1133400
1404.5
1401
1409.5
1395.5
1399.5
1319500
1399.5
1408
1408.5
1384
1384
1795500
1384
1370
1373
1360.5
1368
2460000
1368
1364
1370.5
1358
1367.5
1565700
1367.5
1374
1389.5
1374
1383
1404400
1383
1379
1408
1377
1405
1675500
1405
1399
1407
1396
1403
1246800
1403
1408
1423
1405.5
1408
1957200
1408
1405.5
1406
1392
1401.5
1368500
1401.5
1395.5
1398
1379
1384
1878300
1384
1384
1388
1369
1369.5
2150500
1369.5
1381
1384
1366.5
1380
2255100
1380
1371
1397
1369
1395
1698300
1395
1395
1411.5
1389.5
1393.5
2123500
1393.5
1382.5
1408
1340
1368
3816900
1368
1380
1401
1370.5
1370.5
2791100
1370.5
1370
1375
1353.5
1363.5
2148000
1363.5
1340
1340
1313
1328.5
2192900
1328.5
1336
1338.5
1305
1308
2171100
1308
1308
1319
1298.5
1310
2094000
1310
1319
1320
1289
1289
1296400
1289
1310
1374.5
1310
1373
3807100
1373
1383
1410
1383
1408
2220100
1408
1401.5
1412.5
1391.5
1412.5
1964400
1412.5
1426
1435.5
1418.5
1433
3073400
1433
1428
1442
1413.5
1437.5
3274300
1437.5
1442.5
1455
1430.5
1448
2385600
1448
1468
1483.5
1459.5
1462
2210900
1462
1476
1489
1466.5
1476
2205700
1476
1470
1484.5
1460.5
1460.5
2297100
1460.5
1453.5
1455.5
1440.5
1444.5
1712200
1444.5
1424.5
1437.5
1417
1420
2201500
1420
1406
1416.5
1396
1410.5
1263900
1410.5
1430
1443.5
1425
1430
1542800
1430
1413
1432
1408.5
1408.5
2291000
1408.5
1417
1419
1404.5
1409.5
1345200
1409.5
1416.5
1423
1393.5
1402
1838400
1402
1419
1431.5
1411
1428.5
1036900
1428.5
1434.5
1471
1434.5
1469
2108600
1469
1461.5
1481
1455
1474.5
1545100
1474.5
1472
1485
1460
1478.5
1901000
1478.5
1469.5
1474.5
1450.5
1460
2839700
1460
1465.5
1474.5
1441
1443
1973300
1443
1453
1482.5
1441.5
1481.5
2674500
1481.5
1465
1476.5
1456
1470
1909300
1470
1449.5
1477.5
1443
1451
2122000
1451
1431
1440
1409
1428.5
2322300
1428.5
1427
1456
1418
1456
2402000
1456
1448
1502.5
1448
1502.5
2973000
1502.5
1503
1518
1500
1517
2388800
1517
1523
1525.5
1497
1503
1316000
1503
1510.5
1528
1508.5
1514
1534500
1514
1508.5
1523.5
1505.5
1520
1767800
1520
1526
1534
1506.5
1530
1358900
1530
1530
1541.5
1513
1523.5
1987700
1523.5
1520.5
1544.5
1516
1531.5
1684800
1531.5
1539.5
1558
1530.5
1555
1923900
1555
1558
1572
1542.5
1561
2011300
1561
1560
1561
1540
1554.5
1970600
1554.5
1551
1560.5
1537.5
1546
1323600
1546
1547
1552.5
1532
1543.5
1692200
1543.5
1544
1561
1542
1559
1323700
1559
1558.5
1569
1546
1562.5
1808700
1562.5
1591
1609.5
1583.5
1598
2818200
1598
1620
1663.5
1615.5
1660
3351400
1660
1659.5
1683.5
1656
1674
2755600
1674
1673
1690.5
1662
1684.5
2055400
1684.5
1694
1734
1691.5
1734
2861200
1734
1727.5
1768
1727
1767
2321300
1767
1756
1757.5
1723.5
1741
3244300
1741
1729
1735.5
1712.5
1713.5
4021400
1713.5
1696.5
1774.5
1690.5
1760.5
3347500
1760.5
1754
1757
1727.5
1747
2570200
1747
1765
1795.5
1745
1793.5
2694700
1793.5
1793.5
1822
1790.5
1809.5
2645800
1809.5
1805
1816
1768.5
1770.5
3186600
1770.5
1775.5
1777.5
1732
1735.5
2731500
1735.5
1724.5
1745.5
1714
1741.5
1886000
1741.5
1730
1741.5
1722.5
1734.5
2228200
1734.5
1729.5
1747
1712
1732.5
2397900
1732.5
1732
1739.5
1711
1713.5
2333700
1713.5
1703
1717
1687
1707.5
2159300
1707.5
1704
1704.5
1686
1698.5
2249500
1698.5
1700.5
1717.5
1694
1694.5
1061000
1694.5
1702
1705
1691
1694
1211000
1694
1718
1729.5
1691.5
1698
2053300
1698
1690.5
1702.5
1675
1680
1664300
1680
1670.5
1681
1656
1664.5
1694400
1664.5
1658
1677.5
1656.5
1676.5
1327600
1676.5
1661.5
1679.5
1653.5
1673.5
1545400
1673.5
1660
1684.5
1649.5
1680.5
2308800
1680.5
1684.5
1689.5
1665.5
1685.5
5184100
1685.5
1645.5
1654
1601.5
1647.5
3772700
1647.5
1660
1684.5
1653.5
1668.5
1540200
1668.5
1682.5
1682.5
1662
1673
1541600
1673
1669
1679
1659
1666
1763800
1666
1667.5
1694
1662.5
1691
1708600
1691
1697
1700
1684.5
1692
2262400
1692
1692
1709
1680
1683
1340900
1683
1682
1699.5
1668.5
1693.5
1639800
1693.5
1697
1723.5
1697
1713
1561500
1713
1712
1720
1697.5
1699.5
1233200
1699.5
1707.5
1714.5
1684
1695.5
2531700
1695.5
1691
1694.5
1655
1656
1238400
1656
1651.5
1677.5
1645
1652.5
1633600
1652.5
1660
1677
1644.5
1676
1453800
1676
1664
1670.5
1650.5
1656
969500
1656
1647
1653.5
1640.5
1649
824100
1649
1648
1659.5
1636
1647.5
903400
1647.5
1648
1689
1641
1686
1208700
1686
1671
1678
1651.5
1674
1288000
1674
1682
1684
1645.5
1656
2072500
1656
1655.5
1670.5
1638
1661
1654500
1661
1660
1678
1641
1642.5
1247800
1642.5
1642.5
1643.5
1618
1629
1439200
1629
1625
1661.5
1625
1652
1048400
1652
1663.5
1666.5
1642.5
1655
1550200
1655
1647
1698.5
1644.5
1692
1739000
1692
1700
1735.5
1700
1725.5
1195900
1725.5
1712.5
1715.5
1677
1677
1990400
1677
1675.5
1681
1660.5
1675.5
1259300
1675.5
1695.5
1713.5
1679
1686
1789700
1686
1667
1679
1655
1675
1841400
1675
1681
1720
1671.5
1712
1493700
1712
1730
1754.5
1729
1743.5
2026100
1743.5
1731.5
1731.5
1714
1718.5
1125900
1718.5
1738
1754
1726
1745
2562900
1745
1734.5
1739
1716
1724.5
1150900
1724.5
1735
1759.5
1735
1742.5
1480700
1742.5
1758.5
1774
1754
1761.5
1341000
1761.5
1778.5
1789.5
1773.5
1785.5
1242600
1785.5
1798.5
1807.5
1770
1786
1766800
1786
1772.5
1779.5
1762.5
1773
1126700
1773
1751.5
1755
1719
1720.5
1958800
1720.5
1722.5
1734
1703.5
1723
1737200
1723
1704.5
1720.5
1688
1704
1615700
1704
1703.5
1704.5
1671.5
1675
1451400
1675
1682.5
1690
1663
1665.5
1204800
1665.5
1655.5
1672
1643.5
1672
1081200
1672
1662.5
1670.5
1647.5
1650.5
1380800
1650.5
1648.5
1650
1633
1647.5
1203200
1647.5
1634
1639.5
1610
1620
2024400
1620
1617
1627
1593
1596
1556200
1596
1602.5
1627
1598
1626.5
1182600
1626.5
1636
1652.5
1630.5
1645.5
1443600
1645.5
1653
1677.5
1636
1674
2662300
1674
1658.5
1664
1645
1652
1437400
1652
1654
1666
1644.5
1649.5
1208000
1649.5
1641.5
1648
1629
1631.5
978600
1631.5
1610
1627.5
1606
1619
1214500
1619
1635
1646
1616.5
1623.5
1168200
1623.5
1650
1659.5
1639
1642
1381600
1642
1649.5
1654
1642
1651
795300
1651
1652
1658.5
1640.5
1640.5
798200
1640.5
1640
1653.5
1640
1644.5
809800
1644.5
1652
1652
1627
1630
1505100
1630
1625
1628.5
1615.5
1615.5
1388300
1615.5
1616
1624
1608.5
1619.5
794000
1619.5
1621.5
1626
1603.5
1610.5
1016500
1610.5
1600.5
1602
1578.5
1587.5
1541100
1587.5
1587
1594
1564
1566.5
1758100
1566.5
1577.5
1618.5
1574.5
1617.5
1741900
1617.5
1601.5
1620.5
1598.5
1618.5
1282200
1618.5
1620
1638
1617
1634.5
1405000
1634.5
1627.5
1638
1617.5
1635
1380600
1635
1655
1680.5
1652.5
1666
1632400
1666
1666
1671.5
1651
1654.5
2200100
1654.5
1648
1715.5
1645
1704.5
2334400
1704.5
1720
1726
1704.5
1708.5
1705200
1708.5
1699.5
1712
1689.5
1705
1347800
1705
1703
1721
1690.5
1704.5
2374900
1704.5
1718.5
1730.5
1708.5
1726
1841300
1726
1685
1701.5
1666.5
1688.5
1807400
1688.5
1672.5
1705
1669.5
1693.5
1661300
1693.5
1705
1723
1693.5
1718.5
2139800
1718.5
1714.5
1726.5
1706.5
1714
913700
1714
1724
1728
1706
1715.5
984800
1715.5
1721
1728
1702.5
1703.5
1324900
1703.5
1708.5
1722
1702
1717
1674000
1717
1730
1754.5
1730
1751
1619900
1751
1741.5
1745.5
1716
1720.5
1768700
1720.5
1721.5
1748.5
1720.5
1739
1238900
1739
1699
1704.5
1678.5
1686
1636000
1686
1670.5
1675.5
1639
1642.5
1688200
1642.5
1623.5
1631
1610.5
1620
1423700
1620
1623.5
1643
1616.5
1640
1141100
1640
1649
1667.5
1641
1660.5
801200
1660.5
1673.5
1689
1666
1677
845000
1677
1676
1687.5
1662
1684.5
1151400
1684.5
1681
1703.5
1677.5
1693.5
984000
1693.5
1663.5
1665
1610.5
1611.5
1770000
1611.5
1625
1642
1617.5
1633
1558700
1633
1626
1629
1603.5
1609.5
2078500
1609.5
1611
1629
1591
1612
1658800
1612
1635.5
1702
1620.5
1692.5
2501200
1692.5
1692.5
1702.5
1624
1633
2650500
1633
1614.5
1636.5
1606.5
1628.5
2081400
1628.5
1633
1664
1621
1639
1721800
1639
1629
1629.5
1588.5
1610.5
2350500
1610.5
1592
1592
1572.5
1576
1326800
1576
1577
1598.5
1573
1585.5
1369800
1585.5
1586
1589.5
1546.5
1553.5
1686500
1553.5
1580
1608.5
1575.5
1608.5
1621600
1608.5
1608.5
1624.5
1606.5
1617
1278000
1617
1620.5
1637.5
1620
1628
1223000
1628
1614
1625.5
1576
1591
1765600
1591
1592.5
1656.5
1591.5
1649
1616700
1649
1651
1690
1640.5
1688
2159300
1688
1669
1691.5
1655.5
1659
1935500
1659
1662
1681.5
1660
1676.5
899700
1676.5
1676.5
1736.5
1676.5
1727.5
1730200
1727.5
1715
1742.5
1708
1723
2272500
1723
1714.5
1748.5
1714
1744.5
1463000
1744.5
1741
1770
1718
1729
1722200
1729
1726
1742.5
1698
1738
2398000
1738
1737.5
1749.5
1725.5
1746
1587100
1746
1753
1766.5
1740
1746
1137800
1746
1748
1749.5
1702
1702
3739800
1702
1727.5
1742.5
1715.5
1740
1580000
1740
1729.5
1757.5
1718
1726
2280500
1726
1720
1746
1719
1732.5
1409300
1732.5
1710
1723
1677
1700.5
2351400
1700.5
1720
1749
1717
1741.5
1935200
1741.5
1736
1736
1691
1698
1710500
1698
1708
1733
1706.5
1711.5
1690000
1711.5
1729
1746.5
1728
1741
2234400
1741
1735.5
1739.5
1673.5
1684
2688600
1684
1685
1699.5
1663.5
1674
2745600
1674
1679.5
1715
1674.5
1706
1756100
1706
1705.5
1718
1668.5
1674.5
1795000
1674.5
1669
1669
1593.5
1604
3055900
1604
1641
1664
1619.5
1635
3075300
1635
1637
1641
1589.5
1591.5
3475300
1591.5
1567
1571.5
1506
1519.5
1792500
1519.5
1525.5
1559
1506.5
1527
1347700
1527
1565.5
1593.5
1541.5
1584
1557500
1584
1565
1583
1536.5
1562.5
1354800
1562.5
