2220
2248.5
2208.5
2235.5
1646900
2235.5
2241
2295
2238
2291
1524300
2291
2298
2298
2266
2289
1456700
2289
2283
2307.5
2280
2289
943000
2289
2278
2297.5
2266
2288
1089500
2288
2286
2297
2268.5
2281.5
1594900
2281.5
2283
2290
2255
2261
985800
2261
2252
2263.5
2243
2248
765000
2248
2248.5
2263.5
2243
2250.5
950700
2250.5
2274
2277
2238
2240
1083400
2240
2245.5
2249
2206.5
2224
1057900
2224
2214.5
2223.5
2208.5
2214.5
942500
2214.5
2218
2251.5
2218
2242
1005500
2242
2230
2263.5
2229.5
2251.5
868900
2251.5
2242.5
2259.5
2240
2246
855000
2246
2240.5
2263
2216.5
2218.5
1435100
2218.5
2210
2235.5
2202
2228.5
999900
2228.5
2209
2225.5
2181
2185
1529500
2185
2177
2197.5
2161
2163
1512900
2163
2211
2251
2185.5
2242
1911100
2242
2210
2260.5
2208.5
2255.5
1046100
2255.5
2237.5
2260
2202.5
2204.5
1311100
2204.5
2154.5
2195
2109
2132.5
1837800
2132.5
2166
2196
2148
2150.5
1518200
2150.5
2154
2164
2134
2147.5
1218300
2147.5
2101
2135
2092.5
2122
1588700
2122
2133
2140
2100.5
2103
1202700
2103
2103
2121
2093
2103.5
1105300
2103.5
2104
2111
2072
2073.5
919700
2073.5
2091.5
2133
2085.5
2124
969200
2124
2140
2183
2137.5
2178
747800
2178
2169.5
2189.5
2169.5
2182.5
745200
2182.5
2185
2185
2148.5
2157
824300
2157
2127
2144.5
2125.5
2128
791700
2128
2137
2151
2118
2148.5
707100
2148.5
2175
2193.5
2166
2184.5
645800
2184.5
2202
2204
2167
2172.5
986300
2172.5
2164
2173
2116
2118
1521600
2118
2112
2124
2093.5
2102.5
1067600
2102.5
2069.5
2079
2038
2053.5
1096400
2053.5
2038
2055
2027.5
2050
684900
2050
2074.5
2094.5
2066.5
2074.5
1049900
2074.5
2050
2074
2030
2031
1132700
2031
2046
2048.5
2018.5
2025
789600
2025
2023
2043
1993.5
2000.5
1863700
2000.5
2028
2041.5
2015
2022
815200
2022
2027
2064.5
2023
2062
1070100
2062
2042.5
2042.5
2025
2034
1317900
2034
2058.5
2091
2058.5
2075.5
1670500
2075.5
2063
2072.5
2039
2046
1777100
2046
2048.5
2059
2029
2031
676200
2031
2024
2080.5
2023.5
2076.5
1048800
2076.5
2087
2087
2065.5
2081.5
1305800
2081.5
2057.5
2081
2035
2042
1434100
2042
2017
2034
2010.5
2034
966000
2034
2051
2095
2036
2082
1703300
2082
2067.5
2107
2065
2106.5
1594900
2106.5
2116.5
2121.5
2075
2097
1284100
2097
2108.5
2108.5
2077
2099.5
865600
2099.5
2085
2100
2066.5
2066.5
611200
2066.5
2062.5
2097
2062
2082.5
817000
2082.5
2094
2138
2078.5
2135
1214000
2135
2136
2140
2119.5
2122.5
1590800
2122.5
2118
2154
2113.5
2144.5
1129800
2144.5
2152
2190
2149
2186
1131700
2186
2175
2199
2160.5
2179.5
1017900
2179.5
2165.5
2187
2158
2174
1524900
2174
2181
2193
2164
2172.5
814000
2172.5
2180
2193
2178
2187
787200
2187
2185
2221.5
2183.5
2217
830600
2217
2224
2232
2210.5
2221
855900
2221
2231
2280.5
2230
2259.5
1464000
2259.5
2260
2296.5
2251.5
2281.5
1497000
2281.5
2270.5
2286
2263.5
2273.5
721300
2273.5
2277
2277
2256.5
2259
612700
2259
2276
2299
2259
2298.5
971100
2298.5
2300
2328
2299.5
2312
1277000
2312
2300
2341
2297
2335
958200
2335
2335
2356
2299.5
2354
2161700
2354
2358
2382.5
2353
2358
1264400
2358
2360
2368.5
2341.5
2368.5
882500
2368.5
2366
2380.5
2347
2380.5
1337100
2380.5
2318.5
2361
2318.5
2346
2180000
2346
2339
2383.5
2328
2379.5
1723800
2379.5
2400
2413.5
2380
2396.5
1745300
2396.5
2384
2388.5
2364.5
2380
1296100
2380
2369
2402.5
2369
2402.5
1278900
2402.5
2387
2431.5
2381.5
2430
1483900
2430
2410
2415
2390
2403
1303400
2403
2410.5
2424
2396
2415
952600
2415
2403
2403
2376.5
2396
1370800
2396
2401.5
2420.5
2393.5
2396
962100
2396
2385
2396.5
2378
2383
960900
2383
2368
2394
2365
2377
1084200
2377
2376
2386
2361
2374.5
1234600
2374.5
2381.5
2384
2358
2369.5
978300
2369.5
2382.5
2409
2376
2408
858900
2408
2409
2420
2381.5
2400
617200
2400
2377
2409.5
2374
2409
1190800
2409
2403
2403
2360.5
2374.5
1854600
2374.5
2364
2374
2344
2347.5
1103400
2347.5
2361.5
2381.5
2359.5
2377
710400
2377
2352.5
2365.5
2313.5
2318
1883500
2318
2258
2312.5
2258
2298
1934100
2298
2293
2314.5
2289
2306.5
1033400
2306.5
2306.5
2357
2305.5
2345.5
1383900
2345.5
2342.5
2356
2325
2330
792700
2330
2340
2343.5
2319
2330
813600
2330
2346.5
2375.5
2346
2357
977200
2357
2349
2356.5
2330.5
2338.5
638500
2338.5
2354
2361.5
2329
2353.5
1589100
2353.5
2339.5
2340
2272
2273.5
1778100
2273.5
2273
2293
2265.5
2265.5
1379000
2265.5
2274
2320.5
2274
2317.5
1328700
2317.5
2304
2317.5
2288.5
2288.5
1185700
2288.5
2287
2288.5
2224.5
2226.5
2342300
2226.5
2221
2231
2202
2204
1631900
2204
2228.5
2259
2215
2252.5
1475400
2252.5
2249
2284
2249
2280.5
1118100
2280.5
2295
2300
2269
2286
1083400
2286
2288
2300.5
2271
2292.5
1226400
2292.5
2283.5
2286
2231.5
2233
1045500
2233
2230.5
2243.5
2207
2221
1148400
2221
2221
2278.5
2220.5
2261.5
703100
2261.5
2263.5
2271.5
2244
2257
514600
2257
2256
2277
2248
2259.5
753400
2259.5
2256
2292
2254.5
2277.5
604300
2277.5
2287.5
2296.5
2262.5
2262.5
900500
2262.5
2242.5
2251
2216
2232
813600
2232
2250
2270
2239.5
2251
830700
2251
2238
2246
2213
2243.5
937800
2243.5
2247
2282.5
2246
2271
942100
2271
2291
2297
2275
2283.5
813100
2283.5
2264.5
2265
2235
2237
649000
2237
2219
2243.5
2216.5
2237
937400
2237
2220
2236.5
2218
2227
745100
2227
2233
2243
2215.5
2220.5
811500
2220.5
2235
2250
2217.5
2222
926300
2222
2237
2239.5
2219.5
2235
1163100
2235
2250
2266
2221.5
2236.5
1071000
2236.5
2221.5
2232.5
2192
2196
964600
2196
2167
2186.5
2136
2145
1912800
2145
2155.5
2219.5
2155.5
2210.5
1597200
2210.5
2190
2215.5
2169.5
2175.5
1230300
2175.5
2160.5
2195
2158.5
2176.5
1514000
2176.5
2180.5
2204.5
2174
2178.5
753200
2178.5
2152
2194.5
2135.5
2191.5
1069200
2191.5
2187
2194
2163
2163.5
1111800
2163.5
2159
2168.5
2147.5
2156
701200
2156
2166
2174
2142.5
2165
1281000
2165
2145.5
2157
2123
2123
899400
2123
2136
2175.5
2136
2174
725500
2174
2169
2205
2166.5
2187.5
883200
2187.5
2174.5
2196.5
2158.5
2196.5
1287400
2196.5
2188.5
2192
2163.5
2165
738700
2165
2177.5
2180
2148
2155.5
871900
2155.5
2155.5
2164.5
2138
2139
791300
2139
2131
2158
2124
2154
933200
2154
2165.5
2169.5
2136
2137.5
546200
2137.5
2138.5
2152
2132.5
2136.5
682300
2136.5
2148
2148.5
2135
2147
751700
2147
2156.5
2164.5
2141.5
2145
690900
2145
2155
2164
2147
2148.5
752500
2148.5
2150
2150
2106.5
2107.5
1466100
2107.5
2097
2107.5
2071
2075.5
1258000
2075.5
2061
2079.5
2057
2077
655400
2077
2075.5
2076
2045
2047.5
889100
2047.5
2034
2038.5
2008.5
2028
1159900
2028
2042
2049
2025.5
2033.5
1121000
2033.5
2035
2069.5
2035
2068.5
1319300
2068.5
2042.5
2056.5
2041
2051
1129400
2051
2046.5
2077.5
2043.5
2074
1150100
2074
2074
2080
2031
2058
1102600
2058
2068
2097
2068
2088
998000
2088
2105
2114
2071.5
2082
1738900
2082
2081
2169
2075
2164
1736500
2164
2200
2200
2173
2181
1300800
2181
2193
2199.5
2172.5
2183
1100400
2183
2189.5
2191.5
2164.5
2173
2051100
2173
2216
2250
2208
2249.5
2008200
2249.5
2215
2226.5
2198
2226.5
1344600
2226.5
2226
2242
2202.5
2208
1568300
2208
2230.5
2244
2201.5
2216
1769300
2216
2225.5
2227
2205.5
2208.5
895700
2208.5
2210
2215
2195
2200
994900
2200
2209
2223.5
2193.5
2199
1303500
2199
2199.5
2206
2191
2196.5
997300
2196.5
2193.5
2206
2185.5
2192
1179700
2192
2193.5
2195.5
2155.5
2169.5
1194800
2169.5
2179.5
2211.5
2177.5
2202.5
999000
2202.5
2160
2165
2129.5
2140.5
1481200
2140.5
2114
2116.5
2096.5
2100.5
1199200
2100.5
2077
2091
2056.5
2076
1140200
2076
2069
2089
2065.5
2082
810500
2082
2095.5
2140
2087
2124.5
627500
2124.5
2124.5
2148
2120
2132.5
623600
2132.5
2127
2148
2121
2146
624400
2146
2150
2185.5
2145
2174
701100
2174
2136
2136
2076
2081
1185100
2081
2104
2128
2098.5
2119
1066400
2119
2107.5
2113.5
2085.5
2097.5
1280900
2097.5
2087
2098
2065.5
2080
1524600
2080
2084
2113
2076.5
2092
731900
2092
2099.5
2111
2056.5
2084
1676700
2084
2084
2099
2046
2071
1891500
2071
2050
2057
2021
2039
1215200
2039
2067
2072
2026
2042
1150400
2042
2020
2034
2004
2021
1133900
2021
2021
2063
2021
2045
868300
2045
2066
2083
2033
2041
1196700
2041
2075
2117
2071
2100
1272000
2100
2112
2135
2109
2125
1017200
2125
2120
2159
2114
2158
670700
2158
2134
2145
2081
2115
1169000
2115
2115
2154
2111
2150
1100200
2150
2144
2164
2118
2163
898500
2163
2138
2155
2115
2134
1493300
2134
2124
2138
2110
2113
1176800
2113
2096
2129
2092
2117
1148200
2117
2077
2098
2057
2082
1007400
2082
2095
2105
2074
2103
692800
2103
2141
2161
2117
2130
882400
2130
2128
2133
2088
2120
1050200
2120
2114
2116
2089
2108
790600
2108
2103
2121
2096
2097
775200
2097
2082
2091
2065
2069
2275200
2069
2093
2118
2076
2111
1028100
2111
2118
2118
2070
2077
953500
2077
2039
2079
2028
2075
1206700
2075
2058
2083
2053
2082
918000
2082
2096
2114
2072
2102
1164100
2102
2070
2078
2055
2064
711500
2064
2074
2086
2065
2070
1193500
2070
2105
2140
2103
2135
1445900
2135
2153
2163
2130
2140
1127200
2140
2140
2162
2130
2145
1315200
2145
2160
2176
2150
2160
887400
2160
2145
2160
2134
2158
1486300
2158
2145
2151
2047
2062
1847200
2062
2063
2093
2045
2062
1193500
2062
2080
2081
2002
2010
1824000
2010
1989
1990
1883
1907
1195700
1907
1915
1963
1905
1935
936500
1935
1979
2041
1965
2031
1407000
2031
2030
2031
1986
2009
866900
2009
