1144
1157
1138
1147
623000
1147
1149
1152
1133
1137
473500
1137
1143
1144
1127
1130
468100
1130
1135
1144
1132
1134
371000
1134
1141
1154
1139
1145
434600
1145
1147
1150
1134
1137
552900
1137
1139
1152
1136
1148
555000
1148
1155
1160
1144
1151
373900
1151
1147
1149
1130
1133
662800
1133
1138
1139
1109
1113
794200
1113
1113
1118
1102
1109
556900
1109
1114
1115
1096
1099
825900
1099
1090
1100
1090
1094
1251100
1094
1093
1096
1090
1092
1304800
1092
1090
1092
1078
1085
2050600
1085
1081
1089
1078
1080
2011400
1080
1063
1066
1050
1053
1528200
1053
1058
1058
1031
1035
605000
1035
1032
1049
1032
1040
671100
1040
1053
1062
1041
1059
660200
1059
1049
1059
1047
1056
364800
1056
1043
1051
1036
1043
623900
1043
1019
1029
968
985
1196900
985
1010
1022
988
991
780100
991
989
1001
985
996
593300
996
975
980
964
978
1114400
978
995
995
961
965
620300
965
960
968
942
949
866100
949
950
958
946
952
436700
952
952
966
948
961
325900
961
968
984
966
983
314700
983
978
989
977
985
366300
985
987
996
986
991
353700
991
982
990
977
987
310500
987
989
999
986
996
305700
996
1005
1018
1002
1008
320100
1008
1007
1011
994
996
393700
996
991
994
983
983
431800
983
983
987
969
974
379300
974
956
960
951
954
537600
954
950
957
945
949
238900
949
958
963
950
954
390600
954
945
962
941
958
658100
958
969
969
959
965
523500
965
978
980
957
961
755100
961
973
975
967
974
233200
974
971
1003
971
999
452400
999
984
988
973
975
312800
975
979
984
971
980
264800
980
993
994
951
964
1012700
964
964
970
951
969
553400
969
958
975
954
970
572000
970
967
978
965
978
460000
978
963
982
958
973
889100
973
973
977
957
967
707200
967
973
1004
971
1003
729500
1003
990
1007
989
1002
414000
1002
1010
1014
993
1001
286400
1001
1009
1017
1004
1013
347700
1013
1013
1015
994
994
225800
994
987
999
981
997
446500
997
999
1018
997
1016
274700
1016
1025
1037
1021
1032
373600
1032
1030
1040
1029
1034
545100
1034
1029
1054
1024
1044
511200
1044
1041
1044
1029
1033
407400
1033
1021
1028
1017
1017
325000
1017
1013
1020
1009
1017
222400
1017
1025
1025
1012
1019
313300
1019
1019
1037
1015
1034
299900
1034
1037
1042
1032
1037
234700
1037
1040
1052
1038
1049
288900
1049
1053
1067
1049
1063
400700
1063
1063
1072
1055
1056
326200
1056
1045
1048
1024
1037
488400
1037
1034
1047
1032
1044
305500
1044
1044
1051
1037
1049
205500
1049
1054
1059
1050
1056
252300
1056
1061
1065
1057
1064
289500
1064
1061
1084
1054
1079
382300
1079
1079
1081
1068
1077
312100
1077
1081
1086
1074
1086
282500
1086
1087
1095
1081
1086
457900
1086
1083
1085
1067
1079
368700
1079
1080
1082
1065
1074
217600
1074
1071
1077
1063
1068
347800
1068
1060
1064
1052
1063
317600
1063
1069
1078
1060
1075
291100
1075
1070
1077
1067
1068
199300
1068
1067
1072
1062
1068
249200
1068
1076
1079
1069
1076
247400
1076
1076
1081
1072
1073
156600
1073
1073
1088
1066
1087
282600
1087
1080
1081
1057
1062
477100
1062
1062
1074
1059
1067
275300
1067
1069
1074
1052
1070
362800
1070
1069
1070
1062
1064
159900
1064
1062
1064
1047
1052
277000
1052
1032
1046
1031
1041
338100
1041
1049
1050
1040
1049
297200
1049
1039
1049
1038
1045
282000
1045
1045
1049
1036
1041
267900
1041
1043
1043
1031
1037
173900
1037
1032
1047
1031
1045
246900
1045
1048
1056
1047
1052
304400
1052
1078
1078
1048
1058
640100
1058
1047
1048
1004
1010
539600
1010
1010
1017
1000
1002
325600
1002
1004
1012
1001
1005
234100
1005
1004
1009
1000
1009
283400
1009
1005
1012
995
996
537500
996
996
1001
985
990
315500
990
981
985
968
973
401500
973
974
981
957
980
438900
980
980
990
974
985
321900
985
980
982
972
975
271600
975
975
976
955
960
409300
960
956
977
951
975
515400
975
977
980
968
977
333800
977
977
986
970
986
336300
986
985
992
978
990
237300
990
990
990
971
973
287800
973
971
972
949
960
426800
960
961
973
956
968
224600
968
973
973
951
954
305900
954
954
961
948
950
411100
950
949
954
942
952
213500
952
940
952
940
943
357400
943
940
940
921
923
484600
923
918
930
915
916
330500
916
921
938
911
934
520600
934
934
958
934
952
346000
952
948
951
914
915
854400
915
916
927
913
922
366900
922
927
934
924
928
337900
928
924
938
923
936
309900
936
940
944
929
932
190100
932
931
937
926
927
205700
927
926
939
926
937
445100
937
935
935
923
931
458200
931
924
927
922
923
235300
923
930
937
925
935
378400
935
928
932
926
928
298500
928
932
938
920
922
297200
922
928
928
916
921
323100
921
925
925
916
920
237800
920
921
929
918
928
269700
928
925
932
923
924
219900
924
925
925
919
921
182400
921
925
927
918
919
320200
919
919
920
895
895
446900
895
901
916
898
916
295600
916
918
918
901
904
176700
904
900
912
894
910
367300
910
911
919
905
917
186900
917
921
924
914
921
242900
921
921
921
910
914
324000
914
914
919
911
919
188500
919
920
923
915
917
210700
917
923
925
919
924
199400
924
923
924
915
916
252600
916
915
917
910
913
318000
913
915
920
914
919
231500
919
925
932
923
930
449800
930
929
937
928
937
395800
937
935
941
925
932
321900
932
929
934
924
926
333500
926
926
944
925
941
401700
941
966
991
966
978
1776600
978
971
1001
971
998
650900
998
995
1004
992
1000
430600
1000
997
1020
994
1019
487300
1019
1019
1029
1009
1027
425700
1027
1027
1034
1023
1028
528000
1028
1047
1047
981
1001
1259100
1001
1001
1015
992
1009
419200
1009
1022
1022
1006
1007
322800
1007
1010
1018
997
1013
465300
1013
1009
1020
1008
1016
596400
1016
1011
1011
996
997
697000
997
1008
1018
1002
1008
794600
1008
1003
1014
990
990
597000
990
985
1002
978
995
581500
995
998
1007
994
1000
286900
1000
1002
1020
995
1018
664400
1018
1016
1020
1009
1018
372700
1018
1022
1024
1006
1007
541600
1007
1003
1016
1000
1009
299700
1009
1009
1014
1000
1011
452900
1011
1005
1024
1004
1016
325100
1016
1011
1018
989
993
469600
993
980
994
978
989
498600
989
980
990
973
985
368900
985
979
983
967
981
437600
981
989
991
976
978
343700
978
971
998
971
998
324600
998
983
997
982
993
240500
993
995
998
988
998
181100
998
988
990
969
971
343200
971
982
994
970
987
385800
987
977
979
964
966
317800
966
967
970
958
964
280700
964
962
979
961
974
243200
974
968
989
968
988
634300
988
981
997
980
994
323200
994
998
1002
989
996
227000
996
990
1000
986
992
311600
992
990
995
981
990
241500
990
991
999
991
998
290400
998
998
1005
987
990
268600
990
999
1005
997
1005
256000
1005
1008
1020
1008
1015
286600
1015
1017
1017
1007
1011
140600
1011
997
1007
989
994
326500
994
997
1000
992
998
181800
998
990
1006
987
1006
235800
1006
999
1004
996
1001
184200
1001
1000
1005
997
1003
152900
1003
996
1008
995
1004
167200
1004
992
998
988
993
245100
993
995
1015
995
1013
342800
1013
1018
1024
1013
1022
289600
1022
1028
1034
1025
1028
319800
1028
1034
1037
1026
1033
331900
1033
1038
1050
1035
1049
279000
1049
1051
1056
1038
1039
473500
1039
1042
1042
1031
1032
258800
1032
1030
1037
1017
1017
315300
1017
1010
1017
1004
1016
274000
1016
1006
1013
995
1001
322900
1001
994
1026
993
1025
354400
1025
1015
1026
1010
1023
352700
1023
1025
1033
1022
1025
603500
1025
1046
1046
1021
1025
626300
1025
1021
1022
978
980
683000
980
950
959
904
905
1668900
905
914
932
909
930
528300
930
923
939
910
938
532700
938
942
943
928
934
239600
934
929
937
920
929
406300
929
937
939
911
911
601700
911
900
900
877
883
715800
883
887
913
886
913
538200
913
930
952
925
938
576000
938
933
941
927
933
305800
933
