45580
46630
45510
46440
997900
46440
46730
47100
46170
46840
731100
46840
47870
47960
47270
47390
734500
47390
47420
47490
46800
46800
464700
46800
46990
47220
46540
46800
525900
46800
48000
50150
47790
49610
2041000
49610
50150
50260
49340
49540
809500
49540
49580
51110
49400
50940
831600
50940
50060
50560
49690
50380
1085800
50380
51200
51580
50310
50550
1268400
50550
50720
50850
50240
50300
608800
50300
50000
50120
49570
49920
465100
49920
50350
50990
49840
50850
736900
50850
50840
51120
50280
50570
527400
50570
49950
50130
49260
49320
677500
49320
49780
50070
49270
49510
686400
49510
49720
50070
49160
49440
586600
49440
49100
49320
48210
48330
741700
48330
48330
49330
48100
48690
796800
48690
49020
49620
48710
49590
508300
49590
48960
49080
48420
48620
646600
48620
46620
47290
46350
46540
1194300
46540
44270
45160
42580
44000
2175200
44000
45350
45510
43240
43380
1485700
43380
43370
43610
42330
43070
1202500
43070
41220
41920
41050
41480
1665700
41480
42000
42140
41010
41020
1009500
41020
41120
41400
40450
40980
1052200
40980
41500
42190
41300
41840
971700
41840
41840
42830
41520
42600
883900
42600
43000
43780
42840
43670
776200
43670
43350
43400
42610
42710
634900
42710
42560
43600
42260
42940
884300
42940
42240
42530
41960
42330
770000
42330
42440
42720
42080
42680
572900
42680
43210
43520
42980
43330
569700
43330
43920
44220
43570
43670
795000
43670
43340
43450
42570
42570
737300
42570
42090
42470
41880
42080
780900
42080
40600
41370
40420
40980
1286200
40980
41350
41960
41170
41870
764100
41870
42830
43220
42550
43100
764900
43100
42690
43090
42220
42470
882000
42470
43040
43220
41980
42170
806100
42170
42540
43640
42240
42400
1587800
42400
43640
43960
42610
43010
778600
43010
42820
43190
42360
43170
523200
43170
42600
42750
41950
42060
639500
42060
42000
42280
41590
42190
518700
42190
42480
42480
41950
42030
496400
42030
41390
41940
41340
41750
622500
41750
41660
41960
41300
41790
611200
41790
41600
42320
41580
42320
642300
42320
40920
41180
39340
39660
1649100
39660
39390
40190
38900
40170
898600
40170
40550
41080
40330
41040
945200
41040
40480
41000
40170
40900
936200
40900
41600
42440
41490
41940
850900
41940
42290
43310
42230
43240
872700
43240
43110
43840
42880
43430
641700
43430
42580
44070
42570
43890
966100
43890
45100
45330
44530
45200
1156400
45200
45880
46560
45560
46500
947100
46500
46400
46770
46020
46270
1018900
46270
46340
46820
46180
46620
651900
46620
46120
46980
45950
46550
723400
46550
46600
46750
45510
45950
699000
45950
46270
46900
46180
46900
594700
46900
48500
48540
46720
46870
1348600
46870
46820
46870
45750
45790
781500
45790
46030
46680
45950
46440
715000
46440
46670
47910
46670
47420
828900
47420
47530
47760
47000
47100
682000
47100
47330
47720
47120
47510
559100
47510
47280
47550
47040
47100
357900
47100
47570
47800
47060
47060
583200
47060
46510
47530
46510
47060
595800
47060
47270
47620
47140
47290
819000
47290
47810
48420
47610
48210
652300
48210
48530
49040
48360
49040
599600
49040
49480
49750
48970
49220
579400
49220
49500
49520
48600
48850
494000
48850
48500
48920
47940
48730
537300
48730
48640
49000
48460
48850
332300
48850
48900
49200
48570
48650
320300
48650
48950
49110
48470
49030
533700
49030
48950
49120
48570
48590
371600
48590
49000
49360
48910
49180
448100
49180
49000
49080
48450
48500
456100
48500
48690
48890
48590
48600
377200
48600
48900
49100
48560
48830
467200
48830
48830
49490
48800
49300
343200
49300
49450
49820
49290
49570
373200
49570
49120
49190
47810
47830
738900
47830
47730
47960
46880
47320
559800
47320
47300
47890
46730
47730
446100
47730
47910
48330
47720
48330
345900
48330
48460
48470
47540
47920
421300
47920
46910
47600
46780
47450
681500
47450
47880
48360
47530
47730
946400
47730
47120
47520
46680
46910
548300
46910
47200
47360
46750
47080
381400
47080
46580
47210
46100
47140
623700
47140
47490
48500
47220
48310
608700
48310
48550
49490
48550
49190
793500
49190
49500
49500
48800
49050
983600
49050
49280
50280
49150
50270
525000
50270
50670
51110
50160
50840
719800
50840
50710
50790
50330
50410
373400
50410
50200
50700
49940
50160
505700
50160
50880
51680
50600
51350
741000
51350
51040
51720
51010
51410
441400
51410
51380
51390
50020
50050
615200
50050
50500
51830
50400
51790
614200
51790
51460
53420
51210
52930
952200
52930
52000
53070
51790
52140
830200
52140
52010
52540
51520
51640
477000
51640
50960
51030
50190
50210
695400
50210
49990
50690
49880
50580
551400
50580
50670
50980
49690
50940
647200
50940
51160
51450
50640
50910
605600
50910
50800
50800
49250
49450
610300
49450
49870
50380
49010
49800
745900
49800
48700
49430
48430
48730
731000
48730
48620
48710
47260
47500
931400
47500
47640
48090
46900
47760
808600
47760
48100
48830
47710
47750
593100
47750
47880
48910
47720
48560
621900
48560
47960
48280
47320
47420
648600
47420
47730
49290
47530
49230
709900
49230
51550
53150
51000
52650
1597000
52650
52680
53120
52010
52810
711600
52810
53910
54400
53670
53880
750500
53880
54200
54510
52670
52670
775900
52670
52610
53540
52270
52930
845700
52930
51580
51650
49700
49900
1391500
49900
50450
50450
49110
49770
781200
49770
49270
49670
48710
49420
644500
49420
48070
48890
47810
48520
913000
48520
48650
48890
48090
48680
562100
48680
48390
48460
47620
47730
601900
47730
47570
49320
47110
48750
1343300
48750
48270
48500
47890
48040
615100
48040
47810
48060
47100
47320
590300
47320
48230
48420
48000
48280
570600
48280
48180
48610
47750
48320
464800
48320
48350
48360
47460
47720
453800
47720
47560
48080
47350
47480
524500
47480
47960
47960
47390
47620
417300
47620
47960
48090
47380
47410
765500
47410
47280
47380
46450
46590
687500
46590
47200
48460
47110
48460
763200
48460
48470
48610
48040
48240
457200
48240
47800
49430
47540
49270
964100
49270
49170
49470
48160
48200
645800
48200
48470
49140
48450
48960
475900
48960
48770
50270
48510
50090
742200
50090
50390
50780
49470
49730
521200
49730
50190
51170
50030
51100
749200
51100
51080
52300
51000
52020
695000
52020
52640
53020
52310
52660
571200
52660
52790
52950
51870
51880
701300
51880
51800
51870
51040
51050
601400
51050
51840
52060
51330
51440
557100
51440
51240
51860
51230
51810
475100
51810
51700
52520
51520
52370
496900
52370
52640
52850
51690
52200
566300
52200
53000
54400
52900
53850
1113400
53850
53200
54380
53180
54280
674200
54280
53690
54160
53430
53900
661600
53900
53540
53990
53010
53990
586000
53990
54690
55460
54520
55270
732600
55270
55790
55940
55030
55290
662700
55290
55560
56950
55380
56870
755200
56870
57880
58190
57180
58090
1498200
58090
58000
59490
57650
57660
1339200
57660
58490
58500
56230
56230
1221400
56230
56230
57200
56100
56910
945200
56910
57580
57700
56070
56800
999800
56800
56210
56330
55320
55380
835200
55380
55330
56520
55070
56280
816200
56280
56000
57100
55830
56720
771500
56720
57500
59010
56990
57920
1297600
57920
58400
59070
58070
58830
805100
58830
59010
59050
57820
58250
1119100
58250
58270
58850
57580
58850
859700
58850
58920
59080
57860
58310
1069600
58310
58000
58640
57320
57750
856900
57750
57470
58680
57330
58430
865100
58430
58600
59960
58250
59800
855800
59800
58500
59180
56580
57260
1281300
57260
56470
57780
54620
56070
2327200
56070
55500
55620
52930
53540
1463600
53540
53780
55660
53270
55660
1230900
55660
56530
57420
56360
56630
1150600
56630
56310
56940
55500
55830
893200
55830
54830
55940
54720
55940
874300
55940
55920
56800
55410
56470
659300
56470
56300
57220
55800
56000
1081400
56000
56200
57670
56090
57230
1276700
57230
55500
55810
54110
54400
1212000
54400
55550
56050
54600
55530
1378900
55530
56400
57110
55590
56030
891400
56030
55780
57560
55210
57150
1052300
57150
56580
57530
56350
57070
970500
57070
57070
58520
56980
58020
852000
58020
58000
60550
57670
60530
1403900
60530
58720
59040
57330
57650
1526800
57650
58030
58440
57630
58440
797900
58440
58930
61010
58870
60450
1434400
60450
61660
61930
60670
61070
860000
61070
61050
61520
60020
60290
836100
60290
60210
60920
60060
60800
521300
60800
59800
60150
58940
60120
1091200
60120
60120
60230
58650
59000
680600
59000
58590
59380
58390
59310
640600
59310
59270
60300
59100
59850
674400
59850
59520
59870
58540
58740
573800
58740
58200
58770
58000
58270
533900
58270
57490
58260
57320
57450
597000
57450
57610
57900
56180
56780
748200
56780
56500
57550
55630
57400
939500
57400
57400
57660
56910
57060
589800
57060
57610
59190
57380
59110
757900
59110
59800
59900
58890
59170
610100
59170
59100
59430
58210
59040
692800
59040
59210
59450
58410
58580
625300
58580
58300
58980
56960
56980
917700
56980
57300
58340
56780
57550
953200
57550
57540
57790
56420
57300
817800
57300
57200
59100
57180
58990
752400
58990
57990
58410
57300
57550
940800
57550
57920
58350
57560
58150
828200
58150
58670
59990
58490
59820
962300
59820
60380
61400
60280
61220
723300
61220
60950
61300
60300
60770
1606900
60770
60780
61170
60400
60990
488200
60990
60490
60600
59620
60010
817400
60010
59990
60120
59000
59000
692000
59000
58620
59140
57410
58240
1212300
58240
58170
58850
57420
58840
1145000
58840
56840
57930
56000
56410
1241300
56410
56980
57490
54550
55890
1016800
55890
57850
58720
56500
56620
1606700
56620
56440
57110
55560
56370
923500
56370
