9220
9315
9172
9302
8944200
4651
9341
9348
9178
9241
5653100
4620.5
9380
9389
9236
9249
5348800
4624.5
9202
9223
9141
9203
4031300
4601.5
9148
9178
9098
9120
3711800
4560
9071
9092
8934
8935
6669200
4467.5
9150
9460
9131
9223
9712800
4611.5
9249
9438
9205
9404
5880500
4702
9320
9342
9246
9326
5199200
4663
9399
9399
9187
9210
6490100
4605
9248
9250
9144
9184
3759300
4592
9207
9275
9187
9271
3327000
4635.5
9339
9478
9303
9458
5939200
4729
9427
9559
9388
9407
6872400
4703.5
9400
9402
9270
9281
4238600
4640.5
9328
9329
9171
9200
5320800
4600
9200
9220
9119
9182
3376200
4591
9140
9159
8999
9046
5155600
4523
8974
9057
8953
8980
6401200
4490
9028
9126
8977
9083
4817300
4541.5
8980
9031
8924
8956
4680700
4478
8850
8865
8750
8800
5545800
4400
8350
8425
8059
8369
13827100
4184.5
8786
8795
8621
8688
9727800
4344
8691
8773
8556
8773
10613200
4386.5
8476
8808
8441
8808
13814500
4404
8989
9135
8931
8992
12536900
4496
9021
9028
8676
8775
8162200
4387.5
8782
8874
8766
8789
5965800
4394.5
8752
8836
8656
8806
5583600
4403
8890
9007
8880
8999
3750200
4499.5
8946
8989
8863
8922
3486800
4461
8925
8925
8815
8873
4422100
4436.5
8782
8846
8735
8775
3859900
4387.5
8790
8922
8787
8896
3434100
4448
8990
9078
8981
9050
4428000
4525
9131
9189
9081
9113
4786300
4556.5
9051
9090
8895
8895
5153200
4447.5
8773
8856
8713
8797
4684000
4398.5
8571
8580
8425
8485
7826800
4242.5
8370
8423
8333
8391
3975200
4194
8576
8586
8463
8464
4025300
4232
8371
8467
8341
8384
5574500
4192
8509
8525
8385
8488
4152300
4244
8576
8733
8569
8598
8193100
4299
8711
8744
8588
8636
3690600
4318
8599
8700
8597
8697
3224400
4348.5
8613
8677
8602
8660
3306700
4330
8643
8660
8526
8636
3213400
4318
8714
8727
8591
8602
3713100
4301
8544
8647
8526
8626
3560600
4313
8544
8568
8501
8554
3637400
4277
8510
8535
8465
8503
4155900
4251.5
8200
8240
8062
8097
8488500
4048.5
7947
8080
7917
8080
4952700
4040
8180
8270
8122
8253
5658200
4126.5
8006
8017
7832
7922
8338600
3961
7980
7986
7758
7806
6446500
3903
7919
8038
7900
7950
5712500
3975
7915
7944
7860
7863
3817800
3931.5
7768
7784
7715
7752
5342100
3876
7780
7788
7600
7618
5997800
3809
7610
7697
7594
7600
6309600
3800
7660
7769
7619
7636
5540800
3818
7585
7649
7546
7598
4028400
3799
7616
7763
7555
7714
5826400
3857
8051
8143
7980
7980
11361300
3990
7942
8016
7842
7988
4478500
3994
8057
8110
7981
8028
3974900
4014
7988
8075
7980
7997
2838900
3998.5
7950
8002
7923
7970
2655700
3985
8001
8228
7986
8201
5692100
4100.5
8230
8294
8202
8217
3784000
4108.5
8201
8285
8162
8277
3749600
4138.5
8300
8310
8150
8180
3240700
4090
8180
8216
8085
8208
3993900
4104
8130
8225
8076
8218
3489400
4109
8150
8208
8149
8168
3485300
4084
8500
8586
8407
8501
7940800
4250.5
8451
8705
8381
8557
10000900
4278.5
8486
8521
8445
8490
3620000
4245
8531
8548
8433
8461
3576700
4230.5
8440
8518
8411
8489
2591100
4244.5
8459
8573
8429
8555
3646900
4277.5
8590
8591
8318
8355
5090400
4177.5
8479
8540
8433
8525
3886300
4262.5
8490
8650
8488
8628
3445900
4314
8541
8599
8541
8579
2684300
4289.5
8550
8550
8376
8395
4232400
4197.5
8425
8451
8381
8415
2458400
4207.5
8418
8448
8387
8411
2533000
4205.5
8418
8477
8402
8412
2092200
4206
8413
8480
8400
8449
2392300
4224.5
8420
8438
8260
8287
3874900
4143.5
8205
8220
8043
8056
5062100
4028
7906
7950
7859
7889
5642700
3944.5
7900
8001
7847
7889
4052600
3944.5
7800
7815
7651
7697
6267900
3848.5
7551
7749
7540
7747
6236200
3873.5
7741
7790
7660
7765
5272700
3882.5
7759
7840
7717
7762
6045900
3881
7872
7879
7782
7862
4399200
3931
7962
8065
7928
8032
6241900
4016
8085
8197
7990
8197
5590100
4098.5
8228
8274
8151
8248
5453300
4124
8189
8191
7995
8011
6497900
4005.5
8018
8185
8018
8143
4122000
4071.5
8200
8265
8147
8157
3685700
4078.5
8232
8430
8219
8383
5765300
4191.5
8277
8419
8271
8340
3721100
4170
8423
8425
8323
8324
4158000
4162
8360
8395
8266
8288
3014200
4144
8250
8350
8070
8070
4785700
4035
8150
8265
8081
8259
4741000
4129.5
8310
8689
8273
8641
9127900
4320.5
8424
8455
8339
8397
7996500
4198.5
8302
8337
8186
8198
4371600
4099
8085
8086
7936
7997
6738800
3998.5
8051
8072
7930
7940
4008600
3970
7872
7911
7786
7842
5435200
3921
7945
7989
7892
7973
5681800
3986.5
7960
8125
7960
8000
5640900
4000
8140
8142
8016
8123
5264900
4061.5
8138
8199
8117
8151
3673800
4075.5
8101
8227
8100
8189
4342600
4094.5
8214
8359
8214
8293
5307300
4146.5
8351
8585
8350
8578
7068900
4289
8728
8820
8716
8758
8446300
4379
8725
8831
8698
8812
6911200
4406
9020
9413
9015
9376
20449000
4688
9500
9750
9433
9722
15999500
4861
9720
9909
9602
9604
13011900
4802
9730
9800
9601
9650
7221100
4825
9600
9829
9518
9758
9793000
4879
9700
9888
9601
9857
12345400
4928.5
9722
9779
9537
9571
8477900
4785.5
9637
9739
9547
9598
5657500
4799
9597
9645
9555
9570
3757200
4785
9451
9489
9252
9254
8373100
4627
9250
9385
9221
9385
4397300
4692.5
9235
9312
9183
9276
4693600
4638
9200
9360
9135
9260
8316000
4630
9390
9400
9292
9367
4624600
4683.5
9336
9353
9191
9235
4564300
4617.5
9300
9329
9193
9232
4581200
4616
9275
9445
9252
9433
4565800
4716.5
9930
10105
9842
10050
17130200
5025
10190
10600
10160
10530
16308700
5265
10305
10540
10275
10490
6571200
5245
10445
10560
10050
10120
6477700
5060
9940
10155
9921
10070
5479800
5035
10180
10470
10175
10445
6262200
5222.5
10375
10385
10150
10170
4067100
5085
9944
10125
9888
9985
7882400
4992.5
10080
10150
9985
10020
3585100
5010
10080
10115
9970
9984
3725500
4992
10000
10015
9770
9821
6552900
4910.5
9530
10015
9521
9950
8470000
4975
9820
9969
9809
9854
4318200
4927
9867
10100
9770
10100
6056900
5050
10100
10280
10090
10175
4748600
5087.5
10295
10365
10230
10235
4728400
5117.5
10290
10315
10070
10100
4723700
5050
10055
10195
10030
10195
5189500
5097.5
10250
10360
10235
10300
4444900
5150
10250
10335
10175
10250
2862600
5125
10295
10325
10160
10245
2707600
5122.5
10110
10125
9849
9850
6444500
4925
9740
10040
9717
10005
5564200
5002.5
9912
10045
9893
9940
5176800
4970
9850
10010
9828
9906
4090000
4953
9922
10150
9899
10150
5044300
5075
10260
10550
10250
10495
8316300
5247.5
10640
11000
10605
10990
8595500
5495
11095
11100
10685
10945
9989300
5472.5
10800
10820
10585
10710
6431500
5355
10880
11115
10860
10915
6003300
5457.5
11105
11115
10815
10880
4872500
5440
11100
11250
10935
11045
8766600
5522.5
11015
11140
10905
10925
4891000
5462.5
10955
11220
10935
11065
5386000
5532.5
11115
11185
10960
10960
4412700
5480
11250
11500
11150
11470
8708300
5735
11380
11500
11270
11435
5436000
5717.5
11455
11465
11170
11190
6350500
5595
11250
11255
10965
11055
4302800
5527.5
11205
11415
11050
11200
8303300
5600
11105
11145
10985
11075
5827800
5537.5
10780
10935
10685
10700
6174100
5350
10680
10690
10040
10125
9977200
5062.5
9350
9589
9287
9535
19324300
4767.5
9400
9996
9400
9976
14198500
4988
9872
9932
9164
9251
17568200
4625.5
9401
9654
9395
9586
13250400
4793
10065
10145
9691
9790
13164500
4895
9826
9854
9587
9648
7154100
4824
9270
9540
9213
9530
10190400
4765
9253
9497
9239
9433
8920500
4716.5
9269
9365
9153
9157
9735500
4578.5
9270
9328
9011
9205
11621900
4602.5
8850
8988
8770
8800
11657800
4400
8937
8957
8520
8628
12422500
4314
8687
8789
8504
8506
8229500
4253
8401
8698
8345
8539
13974700
4269.5
8616
9048
8613
9048
11928000
4524
8648
8665
8224
8310
16699200
4155
8540
8760
8458
8699
14550900
4349.5
8600
8853
8538
8747
7765900
4373.5
9042
9100
8503
8575
15559700
4287.5
8645
8765
8512
8557
11674300
4278.5
8770
8820
8690
8805
7564000
4402.5
8800
8880
8731
8785
6911100
4392.5
8702
8860
8702
8777
4527900
4388.5
8595
8998
8371
8941
14070200
4470.5
9043
9372
8980
9362
13341700
4681
9316
9380
9003
9109
10509500
4554.5
9000
9037
8771
8802
8882900
4401
8933
9250
8920
9250
8372000
4625
8950
9000
8775
8803
8772400
4401.5
8585
8928
8585
8865
7684700
4432.5
8850
8869
8674
8787
6718700
4393.5
8810
8919
8795
8819
5102800
4409.5
8949
9200
8880
9145
9552000
4572.5
9225
9328
9159
9235
7136600
4617.5
9430
9597
9416
9518
9597000
4759
9500
9623
9382
9526
8286500
4763
9720
9780
9632
9653
7221300
4826.5
9700
9779
9504
9505
8711500
4752.5
9300
9622
9276
9593
7879100
4796.5
9510
9553
9016
9120
12286200
4560
9270
9315
8821
8929
13656700
4464.5
8713
8779
8604
8616
9546100
4308
8730
8918
8708
8827
9561000
4413.5
8849
9065
8685
9026
9374100
4513
9014
9067
8781
8909
7596000
4454.5
8706
8767
8480
8496
12692900
4248
8346
8649
8260
8540
8188200
4270
8284
8400
8233
8259
8037300
4129.5
8137
8388
8028
8184
11647000
4092
7990
8131
7773
7798
12885500
3899
7651
7775
7490
7621
13158300
3810.5
7200
7314
7020
7043
10497300
3521.5
7114
7264
6803
6947
13352800
3473.5
7421
7468
7148
7280
12943800
3640
7120
7336
7120
7305
9519100
3652.5
